1.713078e-05
1.750302e-05
1.780648e-05
1.810023e-05
1.855698e-05
1.900656e-05
1.912044e-05
1.898901e-05
1.894105e-05
1.93586e-05
2.050538e-05
2.192103e-05
2.261858e-05
2.26634e-05
2.257112e-05
2.140504e-05
2.000641e-05
2.108608e-05
2.318251e-05
2.351102e-05
2.189139e-05
2.11614e-05
2.08532e-05
2.097643e-05
2.298251e-05
2.513439e-05
2.651434e-05
2.544674e-05
2.324067e-05
2.582104e-05
2.716068e-05
2.464866e-05
2.622057e-05
2.63545e-05
2.405262e-05
2.434337e-05
2.670872e-05
2.82752e-05
2.903202e-05
3.004142e-05
2.573844e-05
1.308643e-05
1.489889e-05
2.858238e-05
3.942998e-05
3.882689e-05
3.443182e-05
3.190912e-05
2.325541e-05
2.671229e-05
4.349285e-05
4.917577e-05
4.86177e-05
4.778697e-05
3.763252e-05
1.03287e-05
-1.02169e-05
5.699936e-06
4.814958e-05
5.873572e-05
2.87745e-05
1.931937e-05
4.101456e-05
6.003416e-05
5.74472e-05
6.239282e-05
7.314248e-05
7.31679e-05
5.185284e-05
1.917701e-05
2.141892e-05
4.025592e-05
3.009697e-05
-1.016862e-05
-2.731276e-05
-9.181223e-07
1.864012e-05
1.430183e-05
8.192259e-06
4.096048e-05
9.394344e-05
0.0001077541
6.469619e-05
1.93198e-05
1.796139e-05
1.33772e-05
2.388908e-05
7.680956e-05
0.0001287743
0.0001183986
4.978655e-05
1.807896e-05
3.970136e-05
8.571418e-05
6.765754e-05
-5.391348e-06
-2.174158e-05
3.041552e-05
6.166595e-05
2.096299e-05
-8.795638e-06
2.077215e-05
2.141948e-05
1.371861e-05
4.633357e-05
5.746146e-05
5.642112e-05
4.40231e-05
5.364322e-05
0.0001184058
0.0001352919
2.926083e-05
-7.646147e-05
-1.05265e-05
8.862468e-05
7.472377e-05
4.489987e-05
7.204411e-05
9.495537e-05
8.702109e-05
4.329976e-05
-8.316067e-06
-9.507594e-06
2.731786e-05
6.205858e-05
3.243561e-05
-1.696379e-05
2.158516e-06
1.008098e-05
-1.891154e-05
4.579569e-05
9.375609e-05
1.749471e-05
-6.1019e-05
-4.534526e-05
1.029135e-05
2.539902e-05
3.612952e-05
7.09235e-05
9.448481e-05
9.805553e-05
3.151666e-05
-7.465986e-05
-8.456643e-05
6.703112e-05
0.0002434364
0.000307378
0.0002859359
0.0001850966
7.266819e-05
7.091062e-05
0.0001298398
0.0001257953
8.799488e-05
8.946567e-05
0.0001142357
0.000157903
0.0001848686
0.0001092387
1.026355e-05
3.542567e-05
9.587971e-05
7.020114e-05
-1.814772e-06
-0.0001103987
-0.0001644299
-5.808735e-05
8.864387e-05
0.0001238612
0.0001051233
0.0001071413
0.0001141692
8.634229e-05
4.021906e-05
2.916711e-05
2.701383e-05
2.373436e-06
-3.590486e-05
-1.355033e-05
5.516526e-05
6.093676e-05
-4.803167e-06
1.828643e-05
0.0001054401
8.167572e-05
6.369003e-05
5.159436e-05
-1.664735e-06
3.141892e-07
-5.988814e-05
-0.0002439612
-0.0002111153
-9.825291e-06
0.0001214404
9.137822e-05
5.26693e-05
5.05605e-05
4.574462e-05
-1.148866e-05
-9.495017e-05
-6.242998e-05
6.948903e-05
3.224573e-05
-0.0001628818
-0.0001575777
-4.695366e-05
-3.978974e-05
-3.614505e-05
3.241555e-05
5.431612e-05
4.179944e-05
2.405237e-05
-7.823729e-05
-0.0001730688
-6.74161e-05
0.0001272815
0.0001670281
0.0001644347
0.0001473653
5.725617e-05
4.743285e-05
0.0001530516
0.0002360608
0.000212235
0.0001505827
7.526475e-05
2.521336e-05
9.174627e-05
0.000173139
0.0001047296
2.678768e-05
0.0001163856
0.0001897333
0.0001405307
3.977246e-06
-5.443466e-05
1.209904e-05
0.0001051588
0.0001221676
8.770894e-05
7.423134e-05
5.747757e-05
4.166706e-05
2.290034e-05
5.350682e-05
3.834366e-05
-3.209078e-05
-2.280684e-05
0.0001155278
0.000201631
6.689691e-05
-0.0001345659
-0.0002033954
-1.325252e-05
0.0002197743
0.0001709272
4.034001e-05
9.630422e-05
0.000262351
0.0002731317
0.0001428434
-1.496799e-05
-8.097261e-06
0.0001406834
0.0001758539
8.621862e-05
8.464362e-05
0.0001638209
0.0001570242
0.000148181
0.0002001229
0.0003032648
0.0002984885
7.026839e-05
-0.0001278747
-5.519729e-05
0.0001041238
0.0001334565
6.780662e-05
9.90784e-05
0.0002499211
0.0002828748
0.0001584119
5.574443e-05
3.697791e-05
0.0001341877
0.000216397
0.0001536915
1.02657e-05
-2.542335e-05
9.863859e-05
0.0001889771
0.0001393096
0.0001023352
8.504226e-05
5.531584e-05
5.220335e-05
8.781034e-05
9.931152e-05
9.354234e-05
7.380733e-05
2.302201e-05
3.33492e-05
9.008723e-05
8.323254e-05
4.843487e-05
5.776671e-05
6.679184e-05
3.710294e-05
5.588243e-05
0.0001954973
0.0002000942
-0.0001574254
-0.0004130795
-0.0001551671
0.0001182801
0.0001065868
1.845634e-05
7.731387e-06
9.095067e-05
0.0002106872
0.0001995473
8.00001e-05
6.941314e-05
0.0001450867
0.0001360951
0.000114353
4.651185e-05
-2.129081e-05
3.01926e-05
0.0001304519
0.000188569
0.0001290632
-1.620135e-05
-2.321671e-05
-1.354493e-05
-8.020341e-05
-7.660347e-05
3.575733e-05
0.0001332298
0.0001897567
0.0002346314
0.0001835825
8.719483e-05
5.772653e-05
0.0001569983
0.0002150716
0.0001993479
8.495211e-05
-5.933085e-06
3.489958e-05
-6.516148e-05
-0.0002103907
-0.0001465394
5.429084e-05
0.0001722293
0.0001430555
5.375768e-05
2.823687e-05
7.613483e-05
0.0001043943
9.175018e-05
2.978075e-05
-6.047869e-05
-8.99669e-05
1.599345e-05
0.0001688755
0.0002756985
0.0002001293
5.60273e-05
2.631735e-05
3.36365e-05
2.659716e-05
3.542951e-05
5.877616e-05
0.0001213803
0.0001452064
0.0001372526
0.000145348
0.0001665512
0.0001117184
9.123459e-06
-4.567238e-05
-1.267516e-05
0.0001003841
0.0001359213
-1.434664e-06
-0.0001233452
-6.064156e-05
0.0001897091
0.0003659493
0.0002777906
0.0001150633
8.454592e-05
0.000163035
0.0001445575
1.42949e-05
-4.229244e-05
6.325156e-06
2.653029e-05
-2.786012e-07
-2.912326e-05
-7.486284e-06
1.77358e-05
6.3736e-05
0.0001235637
0.0001134815
0.0001395413
0.0001871891
0.0001193888
-6.714357e-05
-0.000111099
8.938214e-05
0.0002571721
0.0001780959
-9.74477e-06
-3.320198e-05
8.636379e-05
0.000135713
5.739238e-05
5.498604e-05
7.210268e-05
5.478821e-05
0.0001036821
0.0001210385
0.0001084097
9.860215e-05
0.0001544753
0.000129564
-0.0002040876
-0.0004742355
-0.0002670721
4.386931e-05
0.0001401769
3.122002e-05
-9.177297e-05
-0.0001216231
-7.598118e-05
-3.090496e-05
-2.831791e-06
-2.389309e-07
-3.098767e-06
6.487195e-05
0.0001258932
0.0001681776
0.0001563694
5.230145e-05
-6.340979e-05
-0.0001273834
-8.203407e-05
5.584041e-05
0.0001458358
0.0001499173
0.0001541871
0.0001532654
3.050876e-05
-0.0001585374
-0.0001755339
-5.769534e-06
0.0001055734
1.094661e-05
-9.689163e-05
-6.279791e-05
-6.434631e-05
-0.0001760216
-0.0001605161
5.945711e-05
0.0002123967
0.0001195062
9.221992e-06
5.272428e-05
9.302679e-05
-3.472118e-05
-0.0002261261
-0.0001589848
5.057977e-05
0.0001563703
7.162952e-05
5.322758e-05
0.0001758723
8.434475e-05
-0.0001865851
-0.0002964307
-0.000114711
-4.72782e-05
-0.0001293065
-0.0002226532
-0.0002439494
-0.0001162235
-1.871159e-05
-1.87345e-05
-1.645716e-05
7.280905e-05
9.961191e-05
8.17511e-05
2.825566e-05
-2.081067e-05
-2.625236e-05
-4.983246e-05
-0.0001210317
-0.0001724669
-0.0001150492
-1.453595e-05
4.163854e-05
5.938525e-06
-9.361809e-05
-9.160659e-05
-7.013038e-06
-1.040371e-05
-6.216719e-05
-9.996815e-05
-0.0001507815
-0.0002147229
-0.0002449561
-0.000233189
-0.0002187724
-0.0001864114
-0.0002002727
-0.0002936195
-0.0004266561
-0.0005158096
-0.0004580509
-0.0002925371
-0.0001584692
-0.0001113015
-0.0001543094
-0.0002740781
-0.0003740886
-0.0002921936
-0.0001794331
-0.0001856456
-0.0001833799
-9.262217e-05
-5.911e-06
-4.339391e-05
-8.955797e-05
-9.649125e-06
8.513435e-05
6.914961e-05
2.339894e-06
-1.457245e-05
-0.000157333
-0.0003697637
-0.0003996886
-0.0003166979
-0.000354773
-0.0006093677
-0.0008724071
-0.0006856835
-0.0002916411
-8.337529e-05
-0.0001143485
-0.0003455197
-0.0006396869
-0.0008373792
-0.0007397761
-0.0003073583
0.0003030741
0.0007082606
0.0005193865
-6.541264e-05
-0.0006391669
-0.0009783269
-0.001043928
-0.0009874086
-0.001021504
-0.001173352
-0.001344544
-0.001498471
-0.001609321
-0.00155187
-0.001217356
-0.0007845437
-0.0007116275
-0.001204912
-0.001985678
-0.002385926
-0.002190788
-0.001806593
-0.001573167
-0.001459699
-0.001370218
-0.001291222
-0.001091059
-0.0006742042
-0.000270048
-0.0001309
-0.0002409911
-0.0004442089
-0.0004138082
0.0001991733
0.001346142
0.002363336
0.002732402
0.002418664
0.001453509
8.93246e-05
-0.001062803
-0.001714418
-0.002065408
-0.002364203
-0.002587331
-0.002566594
-0.002378957
-0.002089062
-0.001564502
-0.001133006
-0.001485267
-0.002714998
-0.004125132
-0.004884639
-0.004591976
-0.003417428
-0.001801707
-0.0002712365
0.0005078581
0.000357474
-0.0003827257
-0.001081441
-0.001180227
-0.0007470161
-5.708251e-05
0.000864237
0.002033945
0.003010604
0.003255145
0.0029262
0.002324875
0.001560055
0.0005904757
-0.000295887
-0.0004239187
0.000607167
0.002442996
0.004204731
0.005373239
0.005687064
0.004893695
0.003249059
0.001357346
-0.0003205186
-0.001757219
-0.002985674
-0.003873205
-0.004252623
-0.004047224
-0.003396546
-0.002535323
-0.001640399
-0.0007508329
9.06947e-05
0.0007706235
0.001401161
0.002096307
0.002730486
0.003085754
0.00305576
0.002562356
0.002037075
0.001890454
0.001924412
0.00195653
0.002071953
0.002259981
0.002249362
0.001875545
0.0009386494
-0.0005553607
-0.002281578
-0.003835735
-0.004727451
-0.00441623
-0.003048466
-0.001600831
-0.0008637115
-0.001040069
-0.001923598
-0.002998055
-0.003708382
-0.004029802
-0.004096397
-0.004026887
-0.003951017
-0.004018995
-0.004485267
-0.005399662
-0.00669611
-0.007945819
-0.008277551
-0.007033383
-0.00409271
7.8554e-05
0.004459124
0.007675775
0.008509821
0.00667151
0.002924171
-0.001259811
-0.004543189
-0.006161924
-0.005858697
-0.004032892
-0.001528433
0.0009107812
0.002946103
0.004560198
0.005774145
0.006442932
0.006433571
0.005723359
0.00439395
0.002526734
0.0001937801
-0.0018837
-0.002966097
-0.003151606
-0.002958702
-0.002811628
-0.003249912
-0.004495835
-0.006307826
-0.008351041
-0.01011278
-0.01082116
-0.01007926
-0.008319275
-0.006432479
-0.005085618
-0.004685896
-0.005303053
-0.006115933
-0.005758386
-0.003344512
0.001109473
0.006721165
0.01220302
0.01633241
0.01836565
0.01818441
0.01640058
0.01406828
0.0117637
0.009698006
0.008095374
0.00700623
0.006367279
0.006609662
0.008280803
0.01113564
0.01369201
0.01431495
0.01230207
0.008014213
0.002529951
-0.002689471
-0.006196649
-0.007090862
-0.005564006
-0.002778687
-0.00046833
0.0002891043
-0.0007589641
-0.003206792
-0.006036706
-0.00823696
-0.008945179
-0.007669543
-0.004652056
-0.0008816705
0.002652038
0.005313436
0.006396773
0.005901443
0.004640489
0.003291098
0.002063341
0.001243402
0.001373601
0.002745452
0.004964811
0.007162078
0.008362966
0.008290572
0.007220989
0.005038154
0.001417958
-0.003277053
-0.007648382
-0.010132
-0.01000648
-0.007283092
-0.002386329
0.003456496
0.00828023
0.01026808
0.008802952
0.004729398
-0.0006920613
-0.00640008
-0.01112471
-0.0132733
-0.01168408
-0.006678419
0.0002778823
0.007044977
0.01120233
0.01102133
0.006210726
-0.001874121
-0.01048623
-0.01655196
-0.01829189
-0.01579715
-0.01044015
-0.004167663
0.0008704583
0.00285223
0.00119596
-0.003090765
-0.00805734
-0.01146486
-0.01170181
-0.009044386
-0.005088849
-0.001562158
0.0007966202
0.002290249
0.003226928
0.003659107
0.003407431
0.002349105
0.0007164234
-0.001203979
-0.002800889
-0.003219043
-0.001874046
0.001029755
0.004529637
0.007196029
0.007804303
0.00592364
0.001919684
-0.002973609
-0.007567872
-0.01112567
-0.01343085
-0.01401751
-0.01230185
-0.00838755
-0.003291969
0.001171469
0.002881204
0.0007403637
-0.004591129
-0.01112648
-0.01636062
-0.01812149
-0.01559429
-0.009719683
-0.002502477
0.004175238
0.009105015
0.01159062
0.01188778
0.01072821
0.008867927
0.006781417
0.004457013
0.001686887
-0.00147859
-0.004438854
-0.006433249
-0.006688195
-0.004632737
-0.0006446366
0.004229275
0.009126895
0.0133683
0.01619145
0.0167226
0.01444228
0.009880921
0.004437074
-0.0003369835
-0.003536459
-0.005081091
-0.005260515
-0.004903355
-0.004900153
-0.005553791
-0.006431689
-0.006576345
-0.005399385
-0.003240834
-0.0009193428
0.0006046434
0.0006145056
-0.0009801434
-0.00366786
-0.006778279
-0.009981811
-0.01332994
-0.01638329
-0.01766429
-0.01555083
-0.009645635
-0.001147347
0.007296974
0.01266466
0.01328705
0.009370773
0.002822141
-0.003494096
-0.007199475
-0.007987439
-0.00667054
-0.003822782
0.0003817036
0.005387297
0.0101457
0.01343584
0.01420737
0.01193954
0.007182447
0.001472181
-0.003077747
-0.004532833
-0.002239719
0.002587552
0.007242114
0.009067876
0.006679769
0.0005201666
-0.007422552
-0.01462257
-0.01884843
-0.018634
-0.01384817
-0.005929968
0.002691822
0.009419376
0.01222026
0.01006146
0.003322143
-0.006250381
-0.01600974
-0.02262469
-0.02391579
-0.01959193
-0.01077956
0.0005564117
0.01215412
0.02171373
0.02767357
0.02933129
0.02703081
0.02214612
0.01613197
0.01040189
0.006766179
0.006491986
0.008995896
0.01226063
0.01393142
0.01236678
0.007638578
0.001284058
-0.004730276
-0.009093983
-0.01168443
-0.01319388
-0.01411962
-0.01416053
-0.01287929
-0.01033249
-0.006820842
-0.002867831
0.0008355203
0.003585008
0.004530846
0.003108018
0.0001512419
-0.00230801
-0.002772691
-0.001258607
0.001376039
0.004172626
0.006501743
0.008138186
0.009063662
0.009581685
0.009852846
0.00914311
0.006542229
0.002054208
-0.003440382
-0.009115775
-0.01440245
-0.01892937
-0.02233049
-0.02396479
-0.02275725
-0.01763292
-0.008925507
0.001120148
0.009323916
0.01312782
0.01215868
0.008260999
0.004593117
0.003848436
0.006578762
0.01115647
0.01476381
0.01520901
0.01252126
0.008448715
0.004508848
0.001349504
-0.001030128
-0.002622611
-0.003265053
-0.003238366
-0.002894692
-0.001898578
8.788488e-05
0.002373407
0.00373078
0.003387485
0.001341879
-0.001571104
-0.004072883
-0.004978397
-0.003855852
-0.001389743
0.001249072
0.003374377
0.005025218
0.006913742
0.009395576
0.01201582
0.01375605
0.01352022
0.01078209
0.006145336
0.001282121
-0.001698891
-0.001176025
0.002848563
0.008690297
0.0138501
0.01610457
0.01426999
0.008063384
-0.002172994
-0.01490939
-0.02750351
-0.03735693
-0.04257541
-0.04233996
-0.03699343
-0.02779216
-0.01638248
-0.00490365
0.003784757
0.007091204
0.004169151
-0.003624903
-0.01305127
-0.02004251
-0.02128499
-0.01561564
-0.004703229
0.007459055
0.01667445
0.02090959
0.02079161
0.01849979
0.01622761
0.01527437
0.01603735
0.0183226
0.02155709
0.02525462
0.02914071
0.03299387
0.03631865
0.03813975
0.03746639
0.03330667
0.02511964
0.01353398
0.0007186725
-0.009396499
-0.01314117
-0.009530599
-0.0001933736
0.01148705
0.02164105
0.02741633
0.02808253
0.02515749
0.0210528
0.01763283
0.01562313
0.01461799
0.01398547
0.01349342
0.01340149
0.01439388
0.01719571
0.02192887
0.02808707
0.03470146
0.04048374
0.04396327
0.04423082
0.04191595
0.03875487
0.03676859
0.03740216
0.04053909
0.04522258
0.04993006
0.05312636
0.0541116
0.0526962
0.04883078
0.04209284
0.03191361
0.01813833
0.001606385
-0.01621419
-0.03355517
-0.04839017
-0.05936015
-0.06622511
-0.06963042
-0.07075943
-0.07100295
-0.07141103
-0.07264289
-0.07486222
-0.0773392
-0.07865663
-0.07711877
-0.07144095
-0.06148752
-0.04852466
-0.03462125
-0.02183517
-0.01162833
-0.004316706
0.000971191
0.005711451
0.01115038
0.01804935
0.02669322
0.037056
0.0488791
0.06161028
0.07406427
0.08440842
0.09097946
0.09267278
0.08934918
0.08218938
0.07326987
0.06488614
0.05889914
0.05626524
0.05675439
0.05947527
0.06280152
0.06474649
0.06422619
0.06107104
0.0561443
0.05076658
0.04608213
0.04311131
0.04234332
0.04331362
0.04502846
0.04648292
0.04673368
0.04461792
0.03916465
0.03010066
0.01811208
0.004913304
-0.007428082
-0.01688083
-0.02235053
-0.0242706
-0.02416805
-0.0241927
-0.02644652
-0.03223152
-0.04176493
-0.05433712
-0.06861212
-0.08317155
-0.0965609
-0.107128
-0.1132953
-0.1145589
-0.1118089
-0.1074501
-0.1047422
-0.106285
-0.1129912
-0.123981
-0.1365035
-0.1463079
-0.1490792
-0.1424315
-0.1267313
-0.1052903
-0.08387474
-0.06865401
-0.06419436
-0.07229033
-0.09100523
-0.1151107
-0.1377825
-0.1535082
-0.1600157
-0.1580802
-0.1502227
-0.1395237
-0.128513
-0.1177042
-0.1059712
-0.09230675
-0.07664048
-0.05997061
-0.04432398
-0.03178349
-0.02328858
-0.01799286
-0.0136054
-0.007160627
0.00399764
0.02089505
0.04257307
0.06670054
0.08972693
0.1079656
0.1191209
0.123173
0.122003
0.118613
0.1161505
0.1169067
0.1219516
0.1314627
0.1439236
0.1558901
0.1633604
0.1636532
0.1563203
0.1422344
0.1224843
0.09788157
0.06959208
0.03961898
0.0108411
-0.01307742
-0.02811804
-0.03128742
-0.02263717
-0.005808701
0.01266383
0.02503409
0.02471412
0.008718263
-0.02166636
-0.06163974
-0.1045216
-0.1436088
-0.1734847
-0.1910714
-0.1961072
-0.1904351
-0.1766159
-0.1574597
-0.1362988
-0.1159211
-0.09773264
-0.08223199
-0.06963429
-0.06023741
-0.05407465
-0.05081166
-0.04922803
-0.04706939
-0.04133954
-0.02930621
-0.009402153
0.01778464
0.04913369
0.07986972
0.1051793
0.1217988
0.128966
0.1281484
0.1222756
0.1149297
0.1088027
0.1048731
0.1029118
0.1016728
0.09933696
0.09470938
0.08802559
0.08057893
0.07444884
0.07224594
0.07534894
0.08346438
0.0948882
0.1070629
0.1176976
0.1252901
0.1283198
0.1244141
0.1105846
0.08510622
0.0489673
0.005536681
-0.04086885
-0.08569266
-0.1246254
-0.1542477
-0.1725712
-0.1790204
-0.1739446
-0.1585204
-0.1350347
-0.1063544
-0.07543192
-0.04599648
-0.02258457
-0.008801883
-0.005841143
-0.01172358
-0.02144647
-0.02907556
-0.02987434
-0.02178876
-0.005850032
0.01415782
0.03304111
0.04610032
0.05088843
0.04757715
0.0383115
0.02605087
0.01378069
0.003877625
-0.002942555
-0.00737453
-0.01042939
-0.01247718
-0.01322229
-0.01218434
-0.008961831
-0.003072338
0.005886106
0.01781099
0.03185107
0.04599441
0.05698028
0.06159477
0.05846874
0.04897956
0.03634526
0.02402363
0.01497877
0.01151542
0.01463846
0.02409909
0.03904377
0.05759259
0.07737188
0.09635869
0.1129378
0.1258734
0.1341645
0.1361362
0.1295285
0.1129597
0.0872304
0.05573279
0.02404309
-0.001306667
-0.01471993
-0.01327797
0.002042113
0.02630858
0.05205624
0.07159908
0.07919251
0.07207899
0.05090924
0.0197963
-0.01543385
-0.04946197
-0.07806184
-0.09774599
-0.105157
-0.09752808
-0.07420981
-0.03781361
0.006299451
0.05115737
0.08907418
0.1133062
0.1197158
0.1082531
0.08335578
0.05287264
0.02593535
0.009752501
0.008074927
0.02063417
0.0431899
0.06900027
0.09118162
0.1046309
0.1068467
0.0980521
0.08068927
0.05830322
0.03426215
0.01117545
-0.009002918
-0.0248217
-0.03528167
-0.03964059
-0.03746841
-0.02886168
-0.01476098
0.00279246
0.02081568
0.03642831
0.04735609
0.05198369
0.04989216
0.042161
0.0309601
0.0189398
0.008613635
0.002022746
0.0002533699
0.003102972
0.00907706
0.0158
0.02065212
0.02074347
0.01398
0.000157495
-0.01948836
-0.04310896
-0.06821569
-0.09209486
-0.1128695
-0.1295628
-0.1421729
-0.1518611
-0.1603644
-0.1691037
-0.1787216
-0.1891827
-0.2000486
-0.2104609
-0.2190785
-0.2244304
-0.2250042
-0.2196218
-0.20812
-0.1917502
-0.173262
-0.1560389
-0.1432689
-0.1375179
-0.1398392
-0.1491405
-0.1626533
-0.1769663
-0.1884129
-0.1932901
-0.1889063
-0.174253
-0.1499104
-0.1182246
-0.08282446
-0.04731632
-0.01446177
0.01398463
0.0373156
0.05597337
0.07113756
0.08417984
0.09661223
0.1097513
0.1240725
0.1394511
0.1554857
0.1714461
0.1864607
0.1994778
0.2092247
0.2149191
0.2165887
0.2147216
0.2106722
0.2065807
0.2039924
0.2022327
0.1985862
0.1896911
0.1730079
0.1485493
0.1194532
0.09047019
0.0659501
0.04831675
0.03757038
0.03158291
0.02701023
0.02068786
0.0106209
-0.003605287
-0.02086475
-0.03903908
-0.05563642
-0.06842812
-0.07608362
-0.07836835
-0.07626507
-0.07167728
-0.06670523
-0.06258987
-0.05972924
-0.05815904
-0.05750209
-0.0572216
-0.05725208
-0.05775778
-0.05865355
-0.06012044
-0.06221453
-0.06469943
-0.06720575
-0.06926628
-0.06974459
-0.06721392
-0.06115796
-0.05236065
-0.04240603
-0.03321265
-0.02675377
-0.02449842
-0.02651743
-0.03170682
-0.03845158
-0.0448743
-0.04902531
-0.04907841
-0.04404157
-0.03427931
-0.02119717
-0.006474144
0.008317924
0.02211134
0.03467494
0.04621643
0.05747351
0.06924578
0.08148226
0.09324115
0.1028382
0.1082664
0.1076704
0.1001648
0.0866346
0.06942348
0.05116735
0.03410411
0.02006221
0.009910941
0.003187342
-0.001621462
-0.006316969
-0.01245534
-0.02052152
-0.02979228
-0.0386332
-0.04509243
-0.04760546
-0.04570206
-0.04053537
-0.03434274
-0.02955875
-0.02806773
-0.0308687
-0.03757685
-0.04628757
-0.05396337
-0.05799147
-0.05697394
-0.05052552
-0.03908297
-0.02389107
-0.006531236
0.01110128
0.02726374
0.04008159
0.04776155
0.04961727
0.04609616
0.03908397
0.03143235
0.02532935
0.0213148
0.01846241
0.01524556
0.01012236
0.002235906
-0.007810425
-0.01842186
-0.02777768
-0.03425359
-0.03714596
-0.03719186
-0.03565978
-0.03313184
-0.02930845
-0.02362254
-0.01549461
-0.004876687
0.007714159
0.02138822
0.03458809
0.04563297
0.05346322
0.05783812
0.05918732
0.05871539
0.05844201
0.06023927
0.06517348
0.073493
0.08449479
0.09689367
0.1091369
0.119705
0.1276509
0.1323818
0.1337499
0.1317456
0.1261673
0.1167016
0.1032168
0.08609787
0.06695559
0.04862051
0.03447351
0.02724428
0.02731418
0.03224966
0.03793356
0.03980396
0.03408209
0.01926416
-0.003518904
-0.031015
-0.05860575
-0.08155148
-0.09631085
-0.1017048
-0.09922175
-0.09214308
-0.08428168
-0.07884259
-0.07744102
-0.08002194
-0.08507562
-0.09001993
-0.09229794
-0.09032543
-0.08378221
-0.07386338
-0.06270227
-0.05279689
-0.04666137
-0.04555416
-0.04902787
-0.05575139
-0.06362547
-0.07013134
-0.07299023
-0.07100359
-0.06412352
-0.053231
-0.03979669
-0.02595342
-0.01378712
-0.004574164
0.001103632
0.00318065
0.001992368
-0.001852582
-0.007554985
-0.0144517
-0.02190829
-0.02912747
-0.0353145
-0.03970164
-0.04164255
-0.04101154
-0.0384966
-0.03507403
-0.03186028
-0.02988484
-0.02967715
-0.03078925
-0.03209714
-0.03301244
-0.03307308
-0.0315907
-0.02849315
-0.0247136
-0.02184301
-0.02121853
-0.02321613
-0.02717638
-0.03127971
-0.03310395
-0.03068563
-0.02315793
-0.01087822
0.004559625
0.02061665
0.03438689
0.04361421
0.04694452
0.04424887
0.03686473
0.02705798
0.01743459
0.01066189
0.008926363
0.01318715
0.02280663
0.03566949
0.04893438
0.06003486
0.06741455
0.07050937
0.07001784
0.06773615
0.06546006
0.06421272
0.06442387
0.06610976
0.06894888
0.07272838
0.07723387
0.08228452
0.08769214
0.09293227
0.09678457
0.09751193
0.09322058
0.08272475
0.0659802
0.0443529
0.02066176
-0.002075764
-0.02146168
-0.03596229
-0.04485689
-0.04818346
-0.04692259
-0.04293508
-0.0384761
-0.03502093
-0.03270726
-0.03090128
-0.02878953
-0.02553386
-0.02056307
-0.01408277
-0.007001461
-0.0004680696
0.004753525
0.008257083
0.009831417
0.009329797
0.006937064
0.003404064
-0.000240613
-0.002863332
-0.003198644
-0.0003143421
0.005924803
0.01441484
0.02276793
0.02776993
0.02622753
0.01643353
-0.0008263768
-0.02226769
-0.04325729
-0.05919755
-0.06679312
-0.06499767
-0.05534792
-0.04140841
-0.0276799
-0.01845725
-0.01611671
-0.02057918
-0.02989642
-0.04048747
-0.04827447
-0.05045685
-0.04644675
-0.03756516
-0.02662732
-0.01707446
-0.01168339
-0.01168521
-0.01642391
-0.0235269
-0.02995755
-0.03322231
-0.0320725
-0.02681913
-0.01923513
-0.0118312
-0.006757034
-0.005021264
-0.006101809
-0.008430356
-0.01007689
-0.009701214
-0.006948424
-0.002964329
0.0001592364
0.0005227105
-0.002660957
-0.008599501
-0.01562438
-0.02170789
-0.02489279
-0.02390203
-0.01839169
-0.008856826
0.003909588
0.01882872
0.03436353
0.04844574
0.05878899
0.06345561
0.0614723
0.05374786
0.04339637
0.03447138
0.03015635
0.03202402
0.03996
0.05201564
0.06480692
0.07442519
0.07808162
0.07472033
0.06477868
0.05046128
0.03523308
0.0222606
0.0136473
0.01057505
0.0128191
0.01856756
0.02542198
0.03138961
0.03516527
0.0361581
0.03485169
0.03203364
0.02810341
0.02331902
0.01788186
0.01202379
0.006053112
0.0003287692
-0.004761145
-0.008918727
-0.01226274
-0.01496322
-0.01659824
-0.01664544
-0.01512579
-0.0123559
-0.008871509
-0.005269636
-0.001901451
0.0008453512
0.002747095
0.004191277
0.005574386
0.006593788
0.006511805
0.004855213
0.001841194
-0.001706624
-0.004585246
-0.005591253
-0.004375174
-0.001400423
0.002608621
0.006520936
0.009131644
0.009657084
0.007599441
0.003132109
-0.002498475
-0.007999195
-0.01265159
-0.01580572
-0.01688615
-0.01584601
-0.01323178
-0.009663888
-0.005785958
-0.002476047
-0.0006947264
-0.00103927
-0.003379621
-0.006966274
-0.01118816
-0.01561079
-0.01950636
-0.02181063
-0.02162697
-0.01864428
-0.01352966
-0.007572098
-0.001720985
0.003389416
0.007312595
0.01014291
0.01213198
0.01356892
0.01475818
0.01589273
0.0169873
0.01813388
0.01968492
0.02203194
0.02550878
0.03017845
0.03528043
0.03921486
0.04017006
0.03683645
0.02857201
0.01599307
0.001157538
-0.01333015
-0.02523687
-0.03334881
-0.03769224
-0.03902816
-0.03857832
-0.03760514
-0.03706493
-0.0370373
-0.03683612
-0.03604619
-0.03481496
-0.03331441
-0.03193465
-0.03136365
-0.03157434
-0.03195692
-0.03148164
-0.02929544
-0.02501693
-0.01869842
-0.01049725
-0.0005646751
0.01072792
0.02241961
0.03317262
0.04188958
0.04798587
0.05121957
0.05181302
0.05053659
0.04818496
0.04537872
0.04250721
0.03992967
0.03795278
0.0362822
0.03422884
0.03160316
0.02859655
0.02491444
0.02031488
0.01520338
0.01065909
0.007629606
0.006265617
0.006381293
0.007756983
0.009866768
0.01198848
0.01306855
0.0122483
0.009260258
0.004232675
-0.002005338
-0.007788468
-0.01122917
-0.01111909
-0.007715987
-0.002788435
0.001129801
0.001832474
-0.001575478
-0.008567224
-0.01733753
-0.02549243
-0.03111204
-0.03319556
-0.03189254
-0.02851123
-0.02512436
-0.02375385
-0.02555881
-0.03048045
-0.03745565
-0.04465172
-0.04995336
-0.05142864
-0.04804909
-0.04053644
-0.03127743
-0.02311879
-0.01841602
-0.01901139
-0.02530847
-0.03561491
-0.04738338
-0.05785016
-0.0643949
-0.06519544
-0.06001599
-0.05029849
-0.03863897
-0.02777668
-0.01982161
-0.01618332
-0.01733956
-0.02231926
-0.02892093
-0.035037
-0.03956416
-0.04219166
-0.04300696
-0.04272831
-0.04215484
-0.04135816
-0.03959545
-0.03558178
-0.02853569
-0.01915094
-0.009447833
-0.001928361
0.001392353
-0.0006503886
-0.007890488
-0.01832677
-0.02904494
-0.03701895
-0.03978793
-0.03643155
-0.02752009
-0.01449966
0.0003633274
0.01441075
0.02557386
0.03234063
0.03353174
0.02907478
0.02069753
0.01104463
0.00186176
-0.005614567
-0.01055597
-0.01295141
-0.01360937
-0.01350345
-0.01317089
-0.0127123
-0.01205597
-0.01117439
-0.0105654
-0.01138588
-0.01472461
-0.02085285
-0.02891839
-0.03721002
-0.04347972
-0.04572928
-0.04291685
-0.03524587
-0.02433639
-0.01240044
-0.001618961
0.006307002
0.01062448
0.01155489
0.009789894
0.006390073
0.002621253
-0.0002358231
-0.001069076
0.0007486982
0.005369751
0.01227582
0.02045447
0.02866266
0.03555442
0.04011664
0.04213689
0.04189955
0.03989796
0.03687099
0.03363342
0.03080919
0.02866974
0.02747192
0.02746814
0.02856006
0.03064037
0.03364345
0.03740797
0.04163583
0.04583088
0.04979296
0.05332443
0.05614755
0.05804219
0.05877296
0.05807507
0.05591732
0.05256624
0.04835637
0.04377917
0.03981297
0.03741558
0.03710428
0.0391596
0.04331878
0.04831032
0.05208841
0.05253581
0.04835443
0.03968457
0.02785978
0.01492893
0.003534542
-0.004111801
-0.007529046
-0.007495729
-0.00556063
-0.003326133
-0.001882351
-0.001845298
-0.003432298
-0.006172746
-0.009146442
-0.01176276
-0.01362758
-0.01417202
-0.01291569
-0.009813641
-0.005402546
-0.0009609332
0.002187057
0.003087391
0.001289589
-0.00276927
-0.007746301
-0.01172265
-0.01296549
-0.01072172
-0.005278629
0.002531032
0.01114268
0.01881324
0.02433828
0.02711683
0.02695266
0.02425967
0.01998084
0.01521033
0.01085744
0.007682837
0.006031528
0.005816249
0.006514986
0.007402835
0.007717547
0.006876662
0.00463821
0.0008946438
-0.003918446
-0.008979861
-0.01347806
-0.01680714
-0.01880462
-0.01976134
-0.02032579
-0.02144958
-0.0239747
-0.02816844
-0.0337104
-0.03961182
-0.04457052
-0.04727217
-0.04696763
-0.04357573
-0.03798691
-0.03207633
-0.02789107
-0.02667401
-0.02879445
-0.03377932
-0.03958172
-0.04312989
-0.04192221
-0.03503247
-0.02329219
-0.009070823
0.004681647
0.01525219
0.02088494
0.02130622
0.01830477
0.01432209
0.01127949
0.01010772
0.01043592
0.01115807
0.01112795
0.009689379
0.007163379
0.004782136
0.003977089
0.005475639
0.009000875
0.01354433
0.01750773
0.01928179
0.01805318
0.01381259
0.007647223
0.001631371
-0.001944765
-0.001619782
0.002780678
0.01002344
0.01778923
0.02324125
0.02416245
0.01992072
0.01163777
0.001450664
-0.008060524
-0.01485429
-0.01844074
-0.01962699
-0.01955934
-0.01916521
-0.01924773
-0.02001871
-0.02111179
-0.02198378
-0.02214133
-0.02147597
-0.02008362
-0.01794763
-0.01511412
-0.01181462
-0.00847802
-0.005649888
-0.003451917
-0.001528943
0.0002509198
0.001712692
0.002769102
0.003493891
0.003934955
0.004273036
0.004656023
0.005089422
0.005428698
0.005131612
0.003584236
0.0006389318
-0.003079236
-0.00652202
-0.008515579
-0.008073481
-0.005191912
-0.0009205591
0.003312724
0.006112579
0.006339781
0.004025181
0.0002827127
-0.003382008
-0.005374744
-0.00430375
0.000110362
0.006678083
0.01331216
0.01771861
0.01806697
0.01380012
0.005891028
-0.003669419
-0.01270816
-0.01947938
-0.02277182
-0.02230391
-0.01914654
-0.01488611
-0.01084154
-0.007862856
-0.006416024
-0.006491155
-0.008016542
-0.01075737
-0.01415375
-0.0175481
-0.02020402
-0.02122211
-0.01971202
-0.01544802
-0.009283395
-0.002614319
0.002950286
0.006025064
0.005865978
0.002539746
-0.002764687
-0.008257462
-0.01246457
-0.01462364
-0.01464767
-0.01273286
-0.009693728
-0.006467168
-0.003493398
-0.0008098608
0.001842688
0.004913263
0.00892388
0.01402579
0.01993036
0.02593506
0.03122761
0.03528166
0.03787575
0.03875062
0.03820063
0.03693282
0.03555717
0.03449585
0.03380099
0.03364402
0.03416138
0.03523148
0.03634058
0.03684454
0.03655163
0.03558581
0.03422281
0.03276226
0.03127608
0.02970353
0.02790952
0.02572771
0.02301416
0.01981878
0.01646663
0.01338263
0.01096907
0.009217486
0.008130835
0.007834803
0.008314586
0.009753341
0.01242243
0.01566058
0.01859092
0.0205829
0.02113413
0.02008436
0.01760913
0.01409468
0.0101903
0.006742814
0.004302542
0.00290308
0.002232158
0.002015684
0.002077077
0.002260144
0.002325393
0.002038323
0.001164439
-0.0006851343
-0.003601624
-0.007117614
-0.01061547
-0.01332199
-0.01455004
-0.01407972
-0.0120993
-0.009308642
-0.006638571
-0.004906522
-0.004767903
-0.006465907
-0.009698695
-0.01365583
-0.01700359
-0.01833981
-0.01681227
-0.01213123
-0.004682259
0.004150725
0.01248352
0.01842047
0.0207569
0.01897476
0.01341686
0.005330551
-0.003496923
-0.01138076
-0.01718906
-0.02038412
-0.02084112
-0.0193617
-0.01738888
-0.01615042
-0.01661819
-0.01914794
-0.02354116
-0.02911905
-0.03503528
-0.04059945
-0.04546114
-0.0495535
-0.05285276
-0.0554207
-0.05726428
-0.05845366
-0.05879725
-0.05810056
-0.05618275
-0.05282249
-0.04822574
-0.04271233
-0.03665324
-0.03076289
-0.02605804
-0.02339238
-0.02297007
-0.02456931
-0.02749333
-0.03046316
-0.03201824
-0.03092932
-0.02657828
-0.01921238
-0.009844067
-0.0001508635
0.007817277
0.01256859
0.01407275
0.01352528
0.01224571
0.01167192
0.01284475
0.01614902
0.0210258
0.02605687
0.02992647
0.03176232
0.03124041
0.02882777
0.02544936
0.02195002
0.01887482
0.01632044
0.0139372
0.01115455
0.007585377
0.00316218
-0.001979576
-0.007463678
-0.01248031
-0.0158658
-0.01664496
-0.01446289
-0.009485405
-0.002309749
0.005853615
0.01354475
0.01954084
0.02291966
0.02317089
0.02036784
0.01563134
0.01062983
0.007049072
0.006175487
0.008717806
0.01485548
0.02326952
0.03186728
0.03886161
0.04259999
0.04191479
0.03641742
0.02698017
0.01588147
0.005723119
-0.001452928
-0.004542324
-0.003368138
0.001260343
0.007731101
0.01406431
0.0185223
0.01998343
0.01825225
0.01424579
0.009286059
0.00459861
0.00135192
0.0002107857
0.000984663
0.002886969
0.004565876
0.004691236
0.003126685
0.0006944326
-0.001738913
-0.003306572
-0.003206712
-0.001199479
0.002339676
0.006591677
0.01052459
0.01324988
0.014661
0.01501095
0.01429726
0.01262004
0.01048311
0.008665479
0.007641506
0.007594519
0.008784769
0.01122808
0.01445764
0.01748971
0.01893867
0.01773278
0.01362265
0.007105781
-0.0007380849
-0.008136484
-0.01333859
-0.01576316
-0.0155807
-0.013345
-0.01011783
-0.007152291
-0.005254592
-0.004702931
-0.005414421
-0.007363647
-0.01035205
-0.01343023
-0.01543874
-0.01552179
-0.01308986
-0.008075308
-0.001215947
0.005999445
0.01153486
0.01380219
0.01234514
0.007710699
0.001274051
-0.004956978
-0.009044535
-0.009813756
-0.007171332
-0.002119875
0.003879296
0.009567389
0.01380839
0.01563249
0.0146945
0.01181719
0.008350919
0.005446135
0.004235956
0.005504118
0.009285352
0.01467671
0.01985694
0.02308044
0.02370186
0.02175677
0.01779315
0.01301674
0.008747963
0.005783862
0.00421546
0.003353725
0.002215712
-8.122536e-06
-0.003860836
-0.009666444
-0.0170513
-0.02485848
-0.03184145
-0.0369922
-0.0396414
-0.03942756
-0.03650563
-0.03171733
-0.02658687
-0.02252139
-0.02037494
-0.02044559
-0.0223928
-0.02529737
-0.02777399
-0.02860533
-0.02729861
-0.02407138
-0.01937859
-0.01382088
-0.008356915
-0.003786493
-0.0004353192
0.001602644
0.001954561
0.0007608163
-0.001260165
-0.00329512
-0.004944717
-0.005811754
-0.005348908
-0.003658988
-0.00151431
0.0002258271
0.001041457
0.0007629778
-0.0003737194
-0.0019268
-0.00326373
-0.003856622
-0.004046773
-0.004357286
-0.005125429
-0.006398392
-0.008051502
-0.00971074
-0.01072161
-0.01043214
-0.008530632
-0.005092512
-0.0005069906
0.004379364
0.008662658
0.01174185
0.0133974
0.01392545
0.01383275
0.01333664
0.01294473
0.01322179
0.01432624
0.0161468
0.01837583
0.02049255
0.02214017
0.02318069
0.02345144
0.02297966
0.0219366
0.02042171
0.01854372
0.01637244
0.01387031
0.01115412
0.008578913
0.006416928
0.004878206
0.00417755
0.004337778
0.004861692
0.005055615
0.004668012
0.003522496
0.001183312
-0.00242078
-0.006582678
-0.0103329
-0.01307911
-0.01478087
-0.01528632
-0.01449991
-0.01267084
-0.01043722
-0.008631318
-0.007739132
-0.007862577
-0.008835985
-0.01022035
-0.01152241
-0.01210892
-0.01143513
-0.009335834
-0.005951433
-0.001579962
0.003183682
0.007567515
0.01073491
0.01203675
0.01135434
0.009047183
0.005505242
0.001360564
-0.002527849
-0.005564182
-0.007385927
-0.007814864
-0.00687989
-0.005119931
-0.003241474
-0.001508823
-0.0001558203
0.000401877
-0.000192841
-0.001764341
-0.003546111
-0.004592898
-0.004234919
-0.002543249
0.0002682389
0.003789802
0.007020261
0.008919335
0.009070902
0.007444953
0.004075373
-0.0002509591
-0.004404213
-0.007463514
-0.008995456
-0.009066795
-0.008066031
-0.006537479
-0.005071787
-0.004163372
-0.003679213
-0.00306296
-0.002253973
-0.001161674
0.0003816421
0.002354358
0.004612184
0.006644108
0.007918737
0.008118011
0.007163557
0.005298107
0.003060038
0.001066796
-0.0001488006
-0.0003313727
0.0002679433
0.001214939
0.001963442
0.002030095
0.001157621
-0.0005119936
-0.002238325
-0.003155706
-0.002641399
-0.0004352672
0.003345436
0.008301174
0.01372351
0.01843578
0.02136739
0.02214131
0.02106794
0.01852618
0.01490988
0.01092468
0.007348094
0.004633227
0.002762891
0.001799185
0.001835835
0.002652298
0.003726204
0.004363547
0.004137183
0.002859663
0.0005259949
-0.002656876
-0.006100651
-0.00897219
-0.01069494
-0.0111228
-0.01023443
-0.008290045
-0.005851132
-0.003383312
-0.001123934
0.0008151599
0.002369067
0.003811646
0.005559392
0.007528841
0.00966806
0.0122265
0.01504321
0.01742864
0.01874595
0.01854001
0.01648848
0.01269221
0.007899128
0.002886882
-0.00209979
-0.006635071
-0.01033372
-0.01329625
-0.01583361
-0.01810976
-0.02004922
-0.02154084
-0.02267718
-0.02338769
-0.02352853
-0.02338157
-0.02352701
-0.02402739
-0.02442383
-0.02461725
-0.02450359
-0.02378681
-0.02219217
-0.01987858
-0.01771882
-0.01643956
-0.01605023
-0.01619199
-0.01636376
-0.01599166
-0.01462462
-0.01194192
-0.008185437
-0.004293419
-0.0011178
0.000892534
0.001542429
0.0006816845
-0.001252325
-0.002989694
-0.003337553
-0.002100215
0.0005027937
0.004119328
0.007770915
0.01036602
0.01110988
0.009655727
0.00627935
0.001843749
-0.002923856
-0.007439826
-0.01112598
-0.01376823
-0.01534162
-0.01592109
-0.0154361
-0.0139592
-0.01200405
-0.01018365
-0.008819695
-0.008043648
-0.007842745
-0.008066195
-0.008459874
-0.008523332
-0.007612026
-0.005451712
-0.00238836
0.001201815
0.004987093
0.008408052
0.01103453
0.01270876
0.01346382
0.01339893
0.01269195
0.01174597
0.01095128
0.01039108
0.01000476
0.009572059
0.008982482
0.00838409
0.00790771
0.007530876
0.007032705
0.00613314
0.004471454
0.00204224
-0.0009675079
-0.00451433
-0.008180437
-0.01109516
-0.01244795
-0.01196135
-0.009915986
-0.006613232
-0.00269302
0.000940599
0.003848919
0.005694098
0.006140411
0.00551085
0.004885537
0.004694486
0.004971
0.006014252
0.007944555
0.01027979
0.01246965
0.01401926
0.01459294
0.01415786
0.01283093
0.01094278
0.008926026
0.007010092
0.005049529
0.002820128
0.000366055
-0.00210482
-0.004577607
-0.007054551
-0.009227703
-0.01088933
-0.01198167
-0.01250736
-0.01251713
-0.01177309
-0.01018167
-0.007897579
-0.005083349
-0.001885114
0.001362467
0.004144663
0.006328966
0.008017538
0.009135268
0.009567044
0.00946578
0.009011896
0.008312194
0.007291687
0.005562852
0.002899279
-0.0005002018
-0.004317377
-0.008255017
-0.01229876
-0.01622141
-0.019366
-0.02132894
-0.02216508
-0.0222004
-0.02141768
-0.0199075
-0.01789357
-0.01540143
-0.01208991
-0.007866372
-0.002918509
0.002396165
0.007554186
0.01206793
0.01524763
0.01681595
0.01699011
0.01610103
0.01456586
0.01281251
0.01131434
0.01048172
0.01017835
0.01009853
0.01002601
0.009848328
0.009508217
0.008929469
0.007979703
0.006703924
0.005437278
0.004386028
0.003459501
0.002586262
0.001916273
0.001509746
0.001312335
0.001297422
0.001290377
0.001223745
0.001113077
0.0007575225
0.0002451477
9.457059e-05
0.0005516689
0.001506774
0.002959182
0.004984731
0.006978747
0.00831441
0.008644266
0.007848608
0.006204957
0.004270082
0.002717084
0.002240653
0.003295237
0.005680187
0.008845585
0.01236147
0.01568658
0.01805641
0.01894532
0.01859552
0.01763052
0.01645159
0.01514944
0.01374281
0.0125897
0.01188079
0.01129989
0.01054016
0.009576209
0.008274033
0.006275799
0.003310796
-0.0003082414
-0.004212504
-0.008090524
-0.01152572
-0.01435344
-0.01643117
-0.0174094
-0.01723889
-0.01611234
-0.01428633
-0.01194757
-0.009430261
-0.007169188
-0.005384033
-0.004014193
-0.003027577
-0.002346382
-0.001682025
-0.0007558647
0.0006574793
0.0025539
0.004574585
0.006323063
0.007562301
0.00808118
0.007653589
0.006151576
0.003897504
0.001359768
-0.00107258
-0.003216548
-0.004612527
-0.005121106
-0.005252176
-0.005376727
-0.005646556
-0.006374405
-0.007753521
-0.009553244
-0.0113076
-0.01260467
-0.01305709
-0.01252575
-0.01112543
-0.009180993
-0.007024442
-0.004914115
-0.003237408
-0.00213828
-0.001526516
-0.00115121
-0.0007741981
-0.0001545251
0.001053586
0.003000048
0.00541294
0.007958678
0.01064898
0.0134941
0.01600709
0.01752709
0.01769667
0.01653142
0.01410611
0.01062727
0.006714128
0.002762698
-0.0008730047
-0.003748319
-0.005596971
-0.006572198
-0.007238866
-0.008145072
-0.009629923
-0.01156044
-0.01394942
-0.01669213
-0.01937704
-0.02149354
-0.02289738
-0.02376002
-0.02406334
-0.02349051
-0.02177887
-0.0188577
-0.0147387
-0.009625018
-0.004130032
0.0009184068
0.004740279
0.006961696
0.00766948
0.007389448
0.006905956
0.007039987
0.008515518
0.01154277
0.01545686
0.01917069
0.02172335
0.02271601
0.02189315
0.01926266
0.01531264
0.01077013
0.006475283
0.003328579
0.001857868
0.002157685
0.004038794
0.006615199
0.008736862
0.00991453
0.01004291
0.00892414
0.006695761
0.004020843
0.001794988
0.0008340291
0.001414046
0.003308538
0.006127262
0.009057072
0.0110271
0.01115708
0.009423561
0.006373572
0.002626483
-0.0009645225
-0.003183902
-0.00317257
-0.001241041
0.001952299
0.005659467
0.008905944
0.01070564
0.01055547
0.008469291
0.004867479
0.000590966
-0.003323611
-0.005975324
-0.006856717
-0.006034011
-0.004126245
-0.00208402
-0.0006687453
-0.0003600395
-0.001442865
-0.004173172
-0.008184055
-0.01221835
-0.01508075
-0.01615944
-0.01535342
-0.01270449
-0.008451667
-0.003506812
0.001066438
0.004420351
0.006094593
0.005905738
0.004146693
0.001665623
-0.0007455979
-0.002419633
-0.002937926
-0.002146721
-0.0002117002
0.002356
0.004713445
0.006029141
0.005850368
0.004086328
0.0006918927
-0.003924498
-0.008862787
-0.01328809
-0.01657914
-0.01820327
-0.01798277
-0.01615836
-0.01328778
-0.01004859
-0.007153443
-0.005077228
-0.004003583
-0.003894202
-0.004505613
-0.005192909
-0.005131562
-0.004171874
-0.002378195
0.0004908039
0.004075626
0.00712545
0.008748239
0.008599176
0.006831758
0.003914153
0.0004124077
-0.002822759
-0.004723841
-0.004864816
-0.003632437
-0.00169711
0.0004125576
0.002076742
0.002728191
0.002113944
0.0002878129
-0.002252494
-0.005067944
-0.00775189
-0.009689472
-0.01051576
-0.01015651
-0.008619976
-0.006110434
-0.003175179
-0.0003943292
0.001768571
0.002996954
0.003286182
0.002991305
0.002720241
0.002968907
0.004075856
0.006086875
0.008860132
0.01174679
0.0139971
0.01551362
0.01627145
0.01593224
0.01482079
0.01355535
0.01245304
0.0115879
0.01102198
0.01067766
0.01020826
0.009306416
0.007824965
0.00591655
0.003971799
0.002529202
0.001921276
0.002181229
0.003071039
0.004373888
0.005779185
0.006758282
0.006893022
0.005916462
0.00396479
0.001655968
-0.00049451
-0.002174389
-0.003149324
-0.003317999
-0.002911069
-0.002316579
-0.001563048
-0.000898118
-0.0007311177
-0.001069775
-0.001799914
-0.002940804
-0.004226694
-0.005120771
-0.005442604
-0.00529379
-0.004718336
-0.00374906
-0.002621905
-0.001776994
-0.00152851
-0.001946868
-0.002837273
-0.003900316
-0.004948284
-0.005876644
-0.006445063
-0.006615013
-0.006620586
-0.006680283
-0.006980575
-0.007473025
-0.007968882
-0.008235444
-0.008187802
-0.007919441
-0.007596884
-0.007585016
-0.008216006
-0.009236465
-0.01017579
-0.01111979
-0.01192414
-0.01223088
-0.0119925
-0.01146983
-0.01082653
-0.01004807
-0.009069452
-0.007790976
-0.006331265
-0.005017307
-0.003939521
-0.003124944
-0.002592113
-0.002358814
-0.002297491
-0.002080584
-0.001453454
-0.0005541784
0.0004193695
0.001440305
0.002538145
0.003619951
0.004259409
0.004340244
0.004046482
0.003627302
0.003261772
0.002925669
0.002588509
0.002390104
0.002308721
0.002025445
0.001459308
0.00076002
4.818991e-05
-0.0005751312
-0.0008634186
-0.0005014659
0.0003483036
0.001443692
0.002683667
0.003947039
0.004994847
0.005783008
0.00617622
0.006052831
0.005606107
0.005019536
0.004341414
0.003723005
0.003374612
0.003452422
0.004077427
0.005094195
0.006047187
0.006435766
0.005926814
0.004830463
0.003704845
0.002920905
0.002941739
0.00411726
0.00628047
0.008859207
0.01091894
0.01163516
0.0107845
0.00851034
0.005207134
0.001574707
-0.001359833
-0.002934493
-0.003264243
-0.003142434
-0.003164003
-0.00357898
-0.004452024
-0.005598961
-0.006792672
-0.007735748
-0.007825679
-0.007049686
-0.00604333
-0.005080022
-0.004221063
-0.003877317
-0.004146768
-0.004717196
-0.005506857
-0.006438941
-0.007177867
-0.007504172
-0.007254848
-0.006301819
-0.004844547
-0.003385349
-0.002417871
-0.001969484
-0.001971042
-0.002512526
-0.00345913
-0.00439399
-0.00498779
-0.005089631
-0.004908545
-0.00460413
-0.004094803
-0.003627987
-0.003181747
-0.002491805
-0.001599084
-0.0006671938
2.57196e-05
0.0003180108
0.0001553044
-0.0006812243
-0.002186583
-0.004032702
-0.005816087
-0.007056495
-0.007333091
-0.006597147
-0.005053901
-0.002986662
-0.001088244
0.0001472685
0.0006982934
0.0006647861
0.000462424
0.0005838089
0.001211161
0.002296565
0.003599983
0.004807137
0.005662962
0.006314204
0.007036619
0.008041237
0.009536816
0.01152792
0.01355772
0.01508698
0.01592409
0.01608968
0.01574518
0.01510513
0.01448464
0.0142301
0.01431978
0.01434732
0.01406916
0.01339045
0.01225432
0.01060394
0.008638148
0.006939512
0.005919836
0.005620761
0.005843006
0.006238019
0.006670871
0.007059612
0.007165069
0.006798722
0.006273015
0.006118172
0.005916766
0.005300372
0.004824603
0.004845834
0.005149735
0.00549659
0.005705964
0.005782563
0.005697844
0.005152437
0.003933795
0.002181192
0.0002084221
-0.001816984
-0.003908322
-0.005986092
-0.007620634
-0.008326659
-0.008344594
-0.008115027
-0.007890897
-0.007727819
-0.007734425
-0.00803115
-0.008492562
-0.008853229
-0.008772927
-0.00818092
-0.007181585
-0.005876758
-0.004424412
-0.003087885
-0.002199066
-0.001981466
-0.002194282
-0.002479973
-0.002738629
-0.00302727
-0.003331393
-0.003764093
-0.004489824
-0.005415525
-0.00634786
-0.006995065
-0.007113203
-0.006754839
-0.005988187
-0.004824497
-0.003759949
-0.003310501
-0.00346582
-0.004238423
-0.005539909
-0.007109375
-0.008615095
-0.009767855
-0.01039549
-0.0104671
-0.01006128
-0.00915305
-0.007977929
-0.00679269
-0.005716887
-0.00467558
-0.003428197
-0.002105304
-0.001036741
-0.0002192278
0.0005612887
0.001346182
0.002057923
0.002643632
0.003093861
0.003299806
0.003246106
0.003066766
0.00274312
0.002241165
0.001723159
0.00116713
0.0006089041
9.996947e-05
-0.0005798732
-0.001631502
-0.002840545
-0.00403423
-0.005189348
-0.006113546
-0.006624798
-0.006824917
-0.00675794
-0.006487795
-0.006229653
-0.0060258
-0.005853749
-0.005633813
-0.005287594
-0.004734137
-0.003861027
-0.002622897
-0.001224248
0.0002527532
0.001627838
0.002683856
0.003237668
0.003293412
0.003006205
0.002707378
0.002487084
0.002574526
0.003521795
0.005179392
0.00725292
0.009454157
0.01145583
0.01283981
0.01321545
0.0125582
0.01087295
0.008427697
0.005862416
0.003684998
0.002143557
0.001315281
0.001184602
0.001513338
0.001710924
0.001518741
0.0009745634
-0.0003627193
-0.002463005
-0.004827359
-0.006926789
-0.008345214
-0.008791676
-0.00837746
-0.00691999
-0.005123317
-0.003752875
-0.003158553
-0.003239194
-0.003632785
-0.004108165
-0.004478918
-0.00463567
-0.004471141
-0.003822431
-0.002649513
-0.001197046
0.000216373
0.001492089
0.002687604
0.00374663
0.004688325
0.005595245
0.006391957
0.007048212
0.00747329
0.007675384
0.007797914
0.007751185
0.007403206
0.007014949
0.006891912
0.00706308
0.007592643
0.008618411
0.01009705
0.01169275
0.01275662
0.01289261
0.01220295
0.01075107
0.008743083
0.006607378
0.004806122
0.003628606
0.003185203
0.003402094
0.003890903
0.004194329
0.004103376
0.003604968
0.002809708
0.001912773
0.001060978
6.108573e-05
-0.001020393
-0.001687738
-0.001968801
-0.001970686
-0.001491605
-0.0006634221
0.0002156011
0.001127593
0.001868975
0.002168227
0.002012137
0.001410078
0.0003547869
-0.0008751225
-0.001930114
-0.0024987
-0.002258336
-0.001191196
0.0004189194
0.002152221
0.003502447
0.003968026
0.003420574
0.002113384
0.0004077204
-0.001325327
-0.002606268
-0.003019433
-0.002444928
-0.001196032
0.0002096107
0.001347284
0.001766938
0.001194921
-0.0003492016
-0.002504679
-0.004674396
-0.006394611
-0.007478461
-0.007695744
-0.007089165
-0.005989934
-0.004617627
-0.003155278
-0.001918098
-0.001233447
-0.001111399
-0.001305323
-0.00191202
-0.002874954
-0.003876897
-0.004651562
-0.005044644
-0.004844179
-0.003842408
-0.002129157
-0.000104416
0.001703251
0.002735062
0.002607698
0.001435659
-0.0003031704
-0.001997744
-0.003081303
-0.003053148
-0.001803046
0.000231719
0.002460123
0.004244497
0.005025855
0.004637052
0.003285344
0.001408043
-0.0003784426
-0.001466374
-0.001614255
-0.0008586293
0.0005131691
0.001984878
0.003126168
0.00367896
0.003743414
0.003311003
0.002386345
0.001180207
-8.216675e-06
-0.0008080435
-0.001010545
-0.0006863673
5.586326e-05
0.0009743353
0.001674845
0.001837951
0.001405718
0.0004153189
-0.00100365
-0.002625368
-0.004122463
-0.005291046
-0.006052391
-0.006393079
-0.006418915
-0.00634954
-0.006396575
-0.006743483
-0.00739283
-0.008127924
-0.008743004
-0.009194512
-0.009409086
-0.009166284
-0.008359521
-0.007210415
-0.006072963
-0.005023212
-0.004045142
-0.003329601
-0.002958555
-0.002747016
-0.002540227
-0.002321363
-0.002061271
-0.001809726
-0.001710711
-0.001720872
-0.001699043
-0.001756872
-0.002054924
-0.00237479
-0.002483291
-0.002409057
-0.002260425
-0.002022328
-0.001476341
-0.0005778012
0.0004605071
0.001465237
0.002378018
0.003265848
0.004077378
0.004573268
0.004760037
0.004830042
0.004732129
0.004335261
0.003894233
0.003611865
0.003266748
0.002808955
0.002359564
0.002022088
0.001796679
0.001479797
0.0009950022
0.0004730095
1.467235e-05
-0.0003164153
-0.0004372094
-0.0003214432
-4.240778e-05
0.000252565
0.0004705905
0.0005711442
0.0005661391
0.0004447409
0.0001623813
-0.0002041666
-0.0004854184
-0.0005803985
-0.0005248891
-0.0003933799
-0.0002023301
-6.22521e-05
-0.0001516184
-0.0005121672
-0.001018512
-0.001442304
-0.001720573
-0.001950911
-0.002109543
-0.002158174
-0.002091167
-0.001889942
-0.001610282
-0.001289467
-0.0009090597
-0.000541286
-0.000216356
7.724839e-05
0.0003704639
0.0006966329
0.00102334
0.001284674
0.001548153
0.001897143
0.002268148
0.002584801
0.002801503
0.002871492
0.002766548
0.002520461
0.002185603
0.001803474
0.001426962
0.00112934
0.0009452878
0.0008820174
0.0008981865
0.0009296449
0.0009460044
0.0009485368
0.0009120907
0.000799907
0.0005907489
0.0003394172
0.0001279785
-9.535642e-06
-6.522744e-05
-2.154169e-05
0.0001425802
0.0003671754
0.0005663348
0.0006785263
0.000675806
0.0005777477
0.0003926217
0.00014664
-0.0001042954
-0.0002953804
-0.0003910014
-0.0004222751
-0.0004274148
-0.0004225337
-0.0004097479
-0.0003930773
-0.0003800977
-0.000379296
-0.0003890727
-0.0004061305
-0.0004285766
-0.0004314002
-0.0004022089
-0.0003499508
-0.000288709
-0.0002199507
-0.0001331857
-2.507236e-05
8.833501e-05
0.0001978667
0.0002838723
0.0003326695
0.000354586
0.0003804497
0.0004313745
0.0005126064
0.0006151538
0.0007204572
0.0008129214
0.0008712497
0.0008852759
0.0008623134
0.0008183986
0.0007711668
0.0007323582
0.0007079873
0.0006977569
0.0006909389
0.0006718129
0.0006209149
0.0005395731
0.0004415865
0.0003380684
0.0002403687
0.0001633855
0.0001175677
9.823925e-05
9.473143e-05
9.325844e-05
8.619809e-05
7.671785e-05
6.917781e-05
6.154877e-05
5.460993e-05
5.60132e-05
6.85312e-05
8.3505e-05
9.566427e-05
0.0001037001
0.0001064259
0.0001060457
0.0001065897
0.0001118235
0.0001202836
0.0001277907
0.0001309806
0.0001282969
0.0001189421
0.0001044758
8.670172e-05
6.787872e-05
4.97103e-05
3.329692e-05
1.989641e-05
9.456778e-06
2.475895e-06
-3.962905e-08
3.371312e-07
8.543283e-07
1.308032e-06
1.56496e-06
1.620867e-06
1.923656e-06
2.330379e-06
3.098886e-06
4.873226e-06
7.471105e-06
1.025733e-05
1.284917e-05
1.532555e-05
1.718838e-05
1.802735e-05
1.793831e-05
1.70653e-05
1.552998e-05
1.368136e-05
1.178648e-05
9.744836e-06
7.449127e-06
5.003261e-06
2.511324e-06
7.01399e-08
-2.199091e-06
-4.250492e-06
-6.077048e-06
-7.73837e-06
-9.336573e-06
-1.095935e-05
-1.263177e-05
-1.431621e-05
-1.597853e-05
-1.763381e-05
-1.924761e-05
-2.076239e-05
-2.21555e-05
-2.344135e-05
-2.464658e-05
-2.579322e-05
-2.689662e-05
-2.796642e-05
-2.9008e-05
-3.002354e-05
-3.101394e-05
-3.197976e-05
-3.292124e-05
-3.383822e-05
-3.473033e-05
