0.0001492465
0.0001501797
0.0001452567
0.000142858
0.0001434328
0.0001135273
5.453158e-05
-7.908878e-06
-4.997689e-05
-1.473856e-05
0.00010185
0.0002514822
0.0003649215
0.0003227473
0.0002066516
0.000115046
4.473327e-05
-7.069263e-05
-6.275127e-05
6.701741e-05
0.0001604794
0.0003008153
0.0001844703
-4.909683e-05
-0.0003988803
-0.0009837953
-0.001516341
-0.001623684
-0.001122642
-0.0003031744
3.845829e-05
9.35047e-07
-7.555549e-05
-0.0004703755
-0.001337735
-0.002213962
-0.002100145
-0.0009892894
0.0008515051
0.002879437
0.004203589
0.00498592
0.004963994
0.004104256
0.003207897
0.002339
0.001275848
0.0001497502
-0.00104956
-0.001666559
-0.0005276005
0.001784217
0.00335082
0.003260385
0.002339562
0.001087414
-0.0002804063
-0.0004615346
-9.235975e-08
-0.0008871328
-0.002794429
-0.003838905
-0.005224966
-0.007005276
-0.006718132
-0.002666319
0.003668593
0.00991426
0.01313169
0.01115216
0.007258432
0.00527741
0.005756928
0.008212989
0.01000775
0.008206011
0.002164066
-0.004876049
-0.008798846
-0.007846802
-0.003365086
0.004174029
0.01158581
0.01703161
0.01912978
0.01846298
0.01470467
0.008096935
0.0001013883
-0.007870513
-0.01418154
-0.01721327
-0.01719888
-0.01335493
-0.004879262
0.005246298
0.01085832
0.009993446
0.005385462
0.001138037
-0.0008448462
-0.003136276
-0.006130641
-0.008046695
-0.008054657
-0.00556279
-0.002239222
0.001274033
0.003746161
0.002021349
-0.004726245
-0.01357217
-0.02182357
-0.02748313
-0.02707381
-0.01914966
-0.005420161
0.007628286
0.01596674
0.02017353
0.01733605
0.007589549
-0.002811308
-0.01069481
-0.01620727
-0.02092001
-0.02252124
-0.01840854
-0.01039353
-0.002392124
0.002999814
0.005002238
0.002132218
-0.004632277
-0.0131522
-0.01999244
-0.02118524
-0.01606489
-0.006962237
0.002541714
0.01070679
0.01698409
0.02034615
0.01883624
0.0135193
0.009903839
0.008835797
0.007429178
0.006706671
0.009358802
0.01410794
0.01753226
0.01554724
0.008358462
-0.001941389
-0.0110404
-0.01522559
-0.01339307
-0.00907523
-0.004782694
-0.0001788743
0.003914293
0.006180772
0.005293887
0.003169756
0.001900022
0.0001347705
-0.001843865
-0.002039834
0.001687502
0.009823635
0.02051888
0.0301708
0.03559589
0.03622463
0.03316997
0.02870179
0.02306597
0.01652766
0.00813784
-0.00144556
-0.01227718
-0.02314969
-0.03103203
-0.03421694
-0.03158411
-0.02307938
-0.01343811
-0.005785027
0.0003842903
0.004457906
0.007122637
0.01041915
0.01356003
0.01629198
0.0170702
0.01515173
0.012731
0.01139691
0.01285382
0.01574485
0.0152938
0.009202014
-0.0006285961
-0.01197418
-0.01915541
-0.01601475
-0.0009030873
0.02152798
0.04423782
0.06250022
0.07054593
0.06838912
0.0557239
0.02977604
-0.0008844396
-0.02959077
-0.05132037
-0.05889612
-0.05220101
-0.03224371
-0.006199762
0.01663714
0.03059612
0.03199601
0.01884411
-0.005342091
-0.03019497
-0.04611756
-0.05068562
-0.04483591
-0.02835659
0.0001230829
0.02519761
0.03641164
0.03976162
0.03618254
0.02463272
0.009379486
-0.002242452
-0.006298079
-0.006442103
-0.00834284
-0.01339213
-0.0216605
-0.03385018
-0.04871442
-0.06121169
-0.06435833
-0.05502136
-0.03395119
-0.01024716
0.00842287
0.02004219
0.02957399
0.03821536
0.04368062
0.04476115
0.03732492
0.01965966
-2.414606e-05
-0.01328516
-0.01606929
-0.008231722
0.003028717
0.008174394
0.004588385
-0.001380707
-0.002080897
0.006335736
0.01992222
0.03043368
0.02923366
0.01701049
-0.002409962
-0.02396532
-0.04469285
-0.06293786
-0.07318274
-0.0748855
-0.06929952
-0.05419923
-0.02105908
0.01999137
0.05474741
0.07370229
0.07883771
0.07428486
0.06284996
0.04452175
0.0217246
-0.0006082628
-0.0162778
-0.02195659
-0.01942077
-0.008866567
0.005685503
0.01728809
0.02375123
0.02457025
0.02232554
0.01939411
0.01475542
0.007648581
-0.001302292
-0.008839784
-0.01406857
-0.01834256
-0.02428945
-0.03287631
-0.0418747
-0.04761452
-0.0482402
-0.04425678
-0.03293533
-0.01428754
0.006219419
0.02116498
0.02767349
0.02599439
0.01825399
0.008593716
-0.00226041
-0.01397642
-0.02187006
-0.02171541
-0.01185112
0.00485323
0.02071492
0.02893288
0.02915058
0.02481906
0.0214438
0.02249322
0.02799381
0.03623133
0.04267034
0.04400275
0.03855798
0.02386417
0.003625159
-0.01309995
-0.0211964
-0.01968058
-0.005295477
0.01796656
0.03604049
0.04554303
0.04684327
0.0390329
0.0268965
0.01696742
0.01043473
0.00814272
0.008801928
0.009810972
0.0100401
0.008722749
0.003532612
-0.006654443
-0.02109156
-0.03678384
-0.04962419
-0.05915644
-0.06656457
-0.07215208
-0.07817438
-0.08571605
-0.09295033
-0.09626439
-0.09588944
-0.09310753
-0.08945702
-0.08731648
-0.08899566
-0.09537627
-0.1071581
-0.1207958
-0.1309579
-0.1333784
-0.1216588
-0.09024394
-0.04656777
-0.01276769
0.004452183
0.01125119
0.009996957
0.002527965
-0.008612883
-0.01797656
-0.01723251
-0.004950146
0.01158249
0.02403427
0.03243346
0.03987595
0.04590294
0.0510496
0.0596746
0.07667148
0.1046585
0.139341
0.1633175
0.1604106
0.1061937
-0.003388144
-0.08221438
-0.1151187
-0.1320468
-0.1430295
-0.1431278
-0.125106
-0.09851204
-0.08019446
-0.07814072
-0.09051233
-0.1098939
-0.129708
-0.1426945
-0.1444162
-0.1267631
-0.04435308
0.07638924
0.1554704
0.1969489
0.2215163
0.225675
0.2053214
0.1568351
0.08334198
0.005659883
-0.0317648
-0.0301538
-0.01315866
0.004494202
0.006743571
-0.02876529
-0.09442664
-0.1496639
-0.1813664
-0.210356
-0.239565
-0.2567333
-0.261023
-0.2541418
-0.2432414
-0.2302189
-0.2126764
-0.1856209
-0.1521771
-0.1251818
-0.117976
-0.1254005
-0.1329056
-0.1333012
-0.1220131
-0.08639141
-0.01951025
0.05090384
0.1075147
0.1549666
0.1953098
0.2275667
0.2522437
0.274802
0.2952702
0.3139739
0.3398905
0.3764805
0.4036077
0.4016179
0.3693097
0.3295868
0.3064156
0.2888155
0.2483387
0.1911561
0.136959
0.09040683
0.06279769
0.05340574
0.05325102
0.0606689
0.07396867
0.08727352
0.1010438
0.114527
0.1217858
0.1254623
0.1283743
0.1307529
0.1326698
0.1339831
0.1348019
0.1318955
0.1157285
0.06738173
-0.05159036
-0.1889181
-0.2270481
-0.192292
-0.1852371
-0.212892
-0.2316736
-0.2172832
-0.1872723
-0.1564678
-0.132171
-0.1205905
-0.1181788
-0.1289147
-0.1608425
-0.198239
-0.2046744
-0.1527076
-0.09374482
-0.04963957
-0.01601152
0.0164443
0.04867296
0.05548931
0.06102029
0.08347045
0.1077469
0.1382754
0.1763292
0.2222467
0.2640311
0.2966708
0.3254487
0.3478934
0.3555935
0.344341
0.3166885
0.2759875
0.2333001
0.199478
0.1696233
0.1395739
0.1080436
0.07278411
0.0362394
0.0003301562
-0.0312772
-0.05396353
-0.0780778
-0.1035751
-0.1118813
-0.1043138
-0.08575902
-0.06018196
-0.03737899
-0.02669669
-0.03483713
-0.05079249
-0.07092148
-0.09486557
-0.1205721
-0.1475947
-0.1738809
-0.1995804
-0.2233588
-0.2433221
-0.2581967
-0.2674189
-0.2627986
-0.2438249
-0.2165594
-0.1851549
-0.1532922
-0.1244791
-0.1019019
-0.08562022
-0.07122244
-0.04803311
-0.007881699
0.04110403
0.08746425
0.1248039
0.1547483
0.1728196
0.1758633
0.165029
0.1379223
0.08848606
0.02232918
-0.04487132
-0.09829222
-0.134471
-0.162134
-0.1805429
-0.1794401
-0.147811
-0.1018959
-0.05325427
-0.002224327
0.03796886
0.06674409
0.09005936
0.1040893
0.1037324
0.08184546
0.02739959
-0.04228483
-0.09602827
-0.1276628
-0.1543706
-0.178582
-0.1967245
-0.2058124
-0.2030616
-0.1926138
-0.1791962
-0.166799
-0.1557805
-0.1416104
-0.1223795
-0.09975613
-0.07484908
-0.04969668
-0.03098136
-0.02607599
-0.03438845
-0.0507619
-0.06890921
-0.08308976
-0.09430408
-0.1081118
-0.1261382
-0.1426053
-0.1587389
-0.1767162
-0.19293
-0.203757
-0.211992
-0.2158255
-0.2092346
-0.1886132
-0.1492958
-0.09690736
-0.04405699
0.003706239
0.04597992
0.08566202
0.1266421
0.1592731
0.1792392
0.1932686
0.205364
0.2221241
0.2450782
0.2710763
0.2880078
0.2949123
0.2971207
0.2929778
0.2814939
0.260825
0.2421515
0.2329113
0.229171
0.2226734
0.2074095
0.1839269
0.1614156
0.1426725
0.1275915
0.1178254
0.1132512
0.1124932
0.1117295
0.1065126
0.09542477
0.06764672
0.0308409
-0.01016716
-0.05511799
-0.09843666
-0.1241994
-0.1392086
-0.1581948
-0.1757478
-0.1833446
-0.1850513
-0.1823912
-0.1728555
-0.1568921
-0.1362119
-0.1176168
-0.1051544
-0.09555297
-0.08444978
-0.06640743
-0.029132
0.03701545
0.10448
0.1532112
0.1921765
0.2205335
0.2309631
0.2228246
0.1917807
0.1287301
0.05252446
0.0002858695
-0.02245699
-0.02221899
0.003710013
0.06250312
0.1273945
0.1786258
0.2162895
0.2350528
0.2340616
0.2247775
0.2109047
0.1840248
0.150497
0.121998
0.1016699
0.08843832
0.07994951
0.07068747
0.05549503
0.03460597
0.004035561
-0.03868934
-0.08522906
-0.1277211
-0.1593165
-0.1798774
-0.1961247
-0.2079363
-0.2101034
-0.2052829
-0.2024993
-0.2082411
-0.2170306
-0.2232695
-0.2282414
-0.233956
-0.2411843
-0.2471827
-0.2375793
-0.2175811
-0.1941115
-0.135365
-0.05495695
0.001227665
0.02712749
0.04344121
0.04908485
0.04661429
0.04032386
0.03574465
0.03415731
0.03502427
0.0415255
0.05661795
0.07921822
0.1099879
0.1492848
0.1915632
0.2405648
0.2954892
0.3355772
0.344772
0.3082288
0.2312825
0.1529884
0.0780116
0.02190794
-0.005576925
-0.0212826
-0.03365572
-0.04414338
-0.05425447
-0.06461545
-0.07248724
-0.07402607
-0.06638424
-0.052206
-0.03544148
-0.0190317
-0.00484867
0.003210119
0.004268785
0.0007914987
-0.004596731
-0.01036838
-0.01627865
-0.02395954
-0.03379467
-0.04441706
-0.05760128
-0.07272778
-0.08825742
-0.1055827
-0.1189949
-0.1263387
-0.1270745
-0.1181467
-0.09560796
-0.06572994
-0.04167657
-0.02811181
-0.02030134
-0.0170408
-0.01919899
-0.025123
-0.0324048
-0.03916669
-0.04400032
-0.04430132
-0.03899092
-0.02915113
-0.01538147
-0.002485389
0.006579866
0.009556242
0.006364172
0.0001286358
-0.006068934
-0.01068572
-0.01272713
-0.01400983
-0.01664719
-0.02107105
-0.02825868
-0.03856263
-0.0528001
-0.0674107
-0.08611386
-0.1052333
-0.1150945
-0.115821
-0.1092077
-0.09530893
-0.07436737
-0.0590799
-0.05423402
-0.05786211
-0.06730579
-0.07928752
-0.08810754
-0.09074535
-0.08257676
-0.06190439
-0.03139344
0.0016777
0.03129755
0.05730552
0.07740154
0.09297313
0.1038999
0.1123855
0.1202935
0.1274848
0.1317383
0.1317811
0.1246902
0.1023772
0.05226342
-0.01491834
-0.07245439
-0.1086304
-0.1301607
-0.1419077
-0.1460556
-0.1420541
-0.130264
-0.1076543
-0.06854696
-0.01666615
0.03065421
0.06361556
0.0886899
0.1099966
0.1264059
0.1332872
0.1289428
0.1081071
0.06138673
0.0006364301
-0.05510683
-0.09085392
-0.1081469
-0.1144477
-0.110485
-0.08945038
-0.04934462
-0.00899706
0.01293199
0.01855521
0.01090734
-0.007778399
-0.03113021
-0.05063087
-0.06209224
-0.06270955
-0.05213354
-0.02674275
0.003760305
0.03049283
0.05242824
0.06794667
0.07812324
0.08608725
0.09413459
0.1045347
0.1169706
0.1309707
0.1455758
0.1589224
0.1674882
0.1683586
0.1596335
0.1395151
0.1080071
0.07263444
0.03941892
0.01776792
0.007104201
0.003587584
0.009161666
0.0231798
0.04355689
0.05853329
0.06475653
0.06444386
0.05975912
0.05389877
0.0491424
0.04585102
0.04490735
0.04550839
0.04666008
0.04720743
0.04532824
0.04064355
0.0317769
0.01993308
0.005684746
-0.008470911
-0.02353246
-0.04052227
-0.05847639
-0.07670189
-0.09372929
-0.1050998
-0.1081085
-0.1041166
-0.08889279
-0.06257294
-0.03401506
-0.009377734
0.002546036
0.004102398
0.002451293
0.001129183
0.003692814
0.009804397
0.01645049
0.02089148
0.02194622
0.01880907
0.01386318
0.008184153
0.003279491
0.0006222502
-0.001277035
-0.006119897
-0.01510364
-0.02823095
-0.04413095
-0.05721536
-0.06444784
-0.06600507
-0.06115712
-0.04949177
-0.03260055
-0.01547545
-0.004959168
0.0006588039
0.004407914
0.007633237
0.01196233
0.01723303
0.02168845
0.02627438
0.02812379
0.02334936
0.01279991
-0.001307548
-0.01390833
-0.02199014
-0.02481166
-0.02304439
-0.01384185
-0.001457484
0.007310081
0.009372699
0.002909963
-0.008864948
-0.02031014
-0.02566841
-0.02536184
-0.02169806
-0.01457514
-0.0008838113
0.01620071
0.02873029
0.03300352
0.02516157
0.00524484
-0.01964617
-0.04440844
-0.06788828
-0.08692387
-0.09775645
-0.1024441
-0.1028003
-0.09796826
-0.08596779
-0.06923257
-0.05307779
-0.04111673
-0.03653514
-0.03680261
-0.03865308
-0.03981596
-0.03960294
-0.03787935
-0.03476832
-0.03142085
-0.02678172
-0.01973743
-0.00733975
0.01102297
0.0304298
0.04800043
0.06428322
0.07995612
0.09423269
0.1055059
0.113628
0.1172645
0.1164433
0.1127348
0.1074249
0.1011954
0.09121643
0.0707678
0.04388702
0.01770581
-0.005786944
-0.02037425
-0.02480698
-0.02604588
-0.02699245
-0.02854294
-0.03145911
-0.03490146
-0.03721843
-0.035569
-0.02883253
-0.01817031
-0.007045998
0.002434885
0.007203946
0.006645365
0.001043443
-0.01028405
-0.02452485
-0.03937142
-0.05364762
-0.06397806
-0.06591061
-0.05628399
-0.033163
-0.004203534
0.02219392
0.04388808
0.05421422
0.05301138
0.04520731
0.03240252
0.01847288
0.009701243
0.008133146
0.01278272
0.02330935
0.0372071
0.04923318
0.05876272
0.06771452
0.07447971
0.08057087
0.08514385
0.08864879
0.09325294
0.09879877
0.1023332
0.1026398
0.09630115
0.08011543
0.05551198
0.03078911
0.0139495
0.00571756
0.002566096
0.003343226
0.008395495
0.01543462
0.02041476
0.01979888
0.01232871
-0.000170754
-0.01199159
-0.02122874
-0.02750091
-0.03089153
-0.03065336
-0.02679588
-0.02175721
-0.01799719
-0.01599161
-0.01613244
-0.0182867
-0.02087087
-0.02182494
-0.02267593
-0.02507286
-0.02684845
-0.02892355
-0.03215956
-0.03704792
-0.04387258
-0.05193076
-0.06005394
-0.06552735
-0.06527308
-0.05469179
-0.03109768
-0.002170926
0.02318647
0.03884264
0.04216219
0.03565706
0.02117195
0.002904332
-0.01083885
-0.01472204
-0.008507097
0.00416824
0.01750494
0.0278234
0.0316924
0.02870233
0.02001287
0.008414699
-0.005190291
-0.01636829
-0.02506596
-0.0331004
-0.04081838
-0.04847977
-0.05559787
-0.06079721
-0.06112812
-0.05609459
-0.0487798
-0.03930602
-0.02824634
-0.01901613
-0.0131219
-0.01250749
-0.01583202
-0.02250837
-0.03049897
-0.03606613
-0.03897168
-0.0396174
-0.0375435
-0.03454316
-0.03169584
-0.02939501
-0.02738046
-0.02422632
-0.0193189
-0.01196623
-0.001871294
0.008697343
0.01776139
0.02418918
0.02821407
0.02892297
0.02517299
0.01833403
0.01083852
0.003629699
-0.001724976
-0.002892702
0.0004586986
0.007074961
0.01463738
0.02133006
0.02618654
0.02881219
0.02930057
0.02665738
0.02103535
0.01443935
0.007983327
0.003268877
0.001673684
0.0009685538
-0.0006792719
-0.001641658
-0.001728846
-0.001731088
-0.001370141
0.0001998248
0.004122511
0.008340914
0.01235387
0.0164917
0.01785735
0.01518065
0.01100605
0.004819774
-0.005090615
-0.0182495
-0.03104351
-0.04097653
-0.04876192
-0.05393519
-0.05649271
-0.05702259
-0.05661405
-0.05670992
-0.05627491
-0.05402621
-0.0487499
-0.03900385
-0.02488123
-0.008593105
0.006465001
0.01985453
0.03161627
0.04116855
0.04698051
0.05051571
0.05392957
0.05620006
0.05712604
0.05712329
0.05424832
0.04755388
0.03912451
0.03051837
0.0226225
0.0162178
0.01168718
0.01055117
0.01207061
0.01520945
0.01935356
0.02432001
0.02976413
0.03402033
0.03591802
0.03605151
0.03306874
0.02543554
0.01493267
0.002912568
-0.009491527
-0.02034598
-0.02949595
-0.0365787
-0.0416563
-0.04366801
-0.04142592
-0.03718578
-0.03325257
-0.03132007
-0.03044097
-0.03085541
-0.03155266
-0.03044827
-0.02822136
-0.02757744
-0.0296894
-0.03410219
-0.03900626
-0.0429517
-0.0463439
-0.04816882
-0.04669846
-0.04104844
-0.0325361
-0.02110187
-0.007307336
0.003747337
0.009108795
0.009761978
0.009329876
0.00938134
0.01024624
0.01340194
0.01840216
0.02520938
0.03228264
0.03734727
0.04004737
0.03986409
0.03745537
0.03530559
0.03231029
0.02812396
0.0223841
0.01578979
0.009509879
0.004819383
0.001605387
-0.001990243
-0.007995723
-0.01634633
-0.02382594
-0.03001974
-0.03555721
-0.04075751
-0.04425995
-0.04514086
-0.04493383
-0.04336496
-0.03911451
-0.03184567
-0.02344023
-0.01557323
-0.008638814
-0.003169403
0.002446763
0.006672916
0.00929102
0.00962523
0.007389431
0.004949242
0.002800753
0.002081173
0.00391102
0.007846562
0.01293801
0.01783077
0.02057691
0.02106971
0.0212842
0.02256743
0.02410417
0.02533172
0.02812796
0.03016659
0.03157404
0.03211471
0.02800719
0.01785776
0.005931243
-0.003206847
-0.006879405
-0.003826523
0.003192918
0.01127356
0.01921918
0.0258386
0.03129265
0.03354259
0.03252553
0.02903485
0.02542735
0.02104281
0.01502198
0.008736946
0.004381954
0.002990618
0.004051161
0.006528607
0.009045797
0.009593523
0.007608644
0.00417381
-0.0009245143
-0.007518517
-0.0141249
-0.02073408
-0.02634295
-0.02859533
-0.02745247
-0.02343888
-0.01880063
-0.01560574
-0.01665322
-0.02191254
-0.02791164
-0.03273213
-0.03660077
-0.0388081
-0.03980709
-0.03812794
-0.032646
-0.02188951
-0.007967676
0.004428406
0.01181832
0.0141544
0.0134678
0.01066537
0.005558754
-0.0004173817
-0.004193817
-0.003796509
0.0001470161
0.0061334
0.01235134
0.01705168
0.0186276
0.01761788
0.0135909
0.006296317
-0.001888162
-0.009851894
-0.0182384
-0.02551382
-0.03053872
-0.032192
-0.03022617
-0.02502139
-0.01833796
-0.01052937
-0.002302892
0.005167031
0.01196335
0.0181466
0.02422233
0.02933768
0.03262321
0.03330052
0.03172448
0.02852804
0.02604767
0.02542975
0.02607931
0.02675113
0.02561437
0.02205405
0.0165386
0.01026333
0.005793996
0.003938188
0.004963129
0.008559518
0.01322455
0.01685789
0.01931693
0.01986122
0.01953125
0.01888619
0.0188126
0.01975544
0.02091155
0.02133598
0.02034947
0.01939095
0.01896821
0.01921998
0.02005883
0.02046636
0.02037435
0.0203729
0.02023915
0.01916785
0.01673193
0.01464353
0.0121101
0.008460202
0.002426309
-0.004015447
-0.008590746
-0.01022729
-0.006978193
-0.001098297
0.004324703
0.007170386
0.007933356
0.008279537
0.007613563
0.007405303
0.008402388
0.009737674
0.008826451
0.006234339
0.002308986
-0.002652254
-0.006394898
-0.007520031
-0.007627004
-0.006730252
-0.006169729
-0.004698808
-0.002121891
-0.001219398
-0.001211693
-0.002192442
-0.005787678
-0.01145254
-0.01744645
-0.02315652
-0.02757057
-0.02913927
-0.02745801
-0.02309814
-0.01858288
-0.01493174
-0.01249907
-0.01004071
-0.007523129
-0.005824966
-0.006622245
-0.009298638
-0.01111453
-0.01254218
-0.01483118
-0.01722656
-0.01850789
-0.01730501
-0.01500995
-0.01445413
-0.01444779
-0.01434974
-0.01644918
-0.02038984
-0.02408233
-0.02844554
-0.03234831
-0.0330863
-0.03078374
-0.02582691
-0.01803791
-0.01001641
-0.004783826
-0.00172726
-0.0005889745
-0.001395634
-0.004851986
-0.009707258
-0.01457441
-0.01858173
-0.02083693
-0.02094909
-0.0175603
-0.01070999
-0.002304752
0.006778285
0.01451882
0.02008724
0.0231943
0.02283222
0.02024199
0.01702247
0.01374627
0.01138801
0.009043142
0.006310605
0.002134112
-0.003173332
-0.008172452
-0.01232613
-0.01456184
-0.01506946
-0.0143792
-0.013954
-0.01426711
-0.0159311
-0.01692762
-0.01521562
-0.01262338
-0.008550175
-0.003766125
0.0002169567
0.002476937
0.001627891
-0.001200603
-0.004346649
-0.006633023
-0.0088142
-0.009550903
-0.008678488
-0.006456572
-0.00500731
-0.004647081
-0.005846178
-0.007608784
-0.009077221
-0.009303996
-0.007877832
-0.005030763
-0.001413299
0.001381478
0.003512546
0.004736591
0.00642281
0.009022076
0.01103325
0.01369426
0.01673194
0.01856321
0.01844094
0.01758785
0.01573935
0.01398131
0.01289023
0.011532
0.01220867
0.01544905
0.01921289
0.02276779
0.02653233
0.02913772
0.03083212
0.03192225
0.02989144
0.02497883
0.01985809
0.01642625
0.01432142
0.0143184
0.01772884
0.02321122
0.02809591
0.03063188
0.02901573
0.02205756
0.01045262
-0.001211692
-0.009866901
-0.01557557
-0.019434
-0.0219709
-0.02261772
-0.02113597
-0.01739321
-0.01251479
-0.008746536
-0.005484755
-0.003856702
-0.005320536
-0.008666941
-0.01272749
-0.01704041
-0.02026452
-0.02224242
-0.02254868
-0.02114799
-0.01802182
-0.01359007
-0.008770644
-0.004623065
-0.0005593011
0.003488871
0.006496529
0.008941731
0.00988541
0.01006415
0.01099187
0.01275792
0.01408739
0.01515419
0.01682091
0.01800835
0.01785834
0.01612092
0.01446524
0.01368208
0.01276053
0.010171
0.006539377
0.003000774
-0.0003448679
-0.003062677
-0.004173238
-0.00426096
-0.003895476
-0.003388147
-0.002321649
-0.001395636
-0.001950117
-0.004365634
-0.008547838
-0.01364196
-0.01917527
-0.02263446
-0.02313208
-0.02114552
-0.01559104
-0.006775253
0.002252365
0.008397712
0.01055782
0.01118409
0.01032324
0.007737039
0.004028915
0.001316125
0.0002422137
-0.000287641
-0.0006741338
-0.001766061
-0.003171811
-0.003745987
-0.00343906
-0.003366765
-0.004939354
-0.008545188
-0.01265714
-0.01662112
-0.02089247
-0.02549807
-0.02993122
-0.03310201
-0.03356204
-0.03168997
-0.02905657
-0.02592881
-0.02256111
-0.02011476
-0.01753426
-0.01425642
-0.009575662
-0.003702348
0.003659904
0.01051651
0.01703491
0.02170396
0.0237496
0.02316592
0.02033002
0.01570097
0.01065734
0.006140424
0.002865476
0.002210516
0.00529621
0.01111632
0.01815556
0.02519338
0.0310782
0.0352572
0.03824076
0.04021292
0.04153206
0.04158542
0.03958627
0.03649473
0.03300844
0.02913196
0.02480082
0.02161101
0.0196447
0.01914154
0.01951706
0.0213401
0.02354993
0.02375854
0.02124889
0.01936226
0.0193428
0.01959809
0.01953604
0.01951345
0.02017119
0.02116358
0.02036761
0.01764935
0.01437769
0.01104664
0.007278253
0.003866923
0.0008269774
-0.001858471
-0.003051389
-0.003183607
-0.004205305
-0.006189497
-0.00772464
-0.008890747
-0.01068588
-0.01199178
-0.01217206
-0.0131936
-0.01595633
-0.02015991
-0.02373697
-0.02774579
-0.03083985
-0.03270405
-0.03485214
-0.03608788
-0.03620342
-0.036496
-0.03655551
-0.03599553
-0.03518013
-0.03370679
-0.03162076
-0.03004847
-0.02759196
-0.02499205
-0.0220799
-0.01863395
-0.01562381
-0.01252385
-0.008887976
-0.006270348
-0.004195982
-0.003550813
-0.004763595
-0.007403706
-0.01018174
-0.01256518
-0.01407145
-0.01458721
-0.01444965
-0.01346421
-0.01154495
-0.009304182
-0.007068988
-0.005368653
-0.005472278
-0.006534074
-0.007452415
-0.007897576
-0.007747442
-0.007860046
-0.007735507
-0.006277999
-0.003989605
-0.003128827
-0.003581205
-0.005632473
-0.008317998
-0.009875189
-0.01009864
-0.009113625
-0.006034593
-0.001294645
0.003748364
0.007793028
0.01114632
0.01381943
0.014621
0.01492524
0.01567377
0.01545673
0.01430662
0.0133796
0.01274357
0.01069281
0.008881231
0.00839168
0.008264525
0.008939182
0.01036475
0.01172321
0.01226479
0.01317605
0.01427924
0.01411331
0.01349262
0.01297533
0.01160924
0.009211148
0.006672133
0.00435065
0.002898784
0.002474324
0.002401193
0.002779192
0.002591496
0.001973085
0.0008237368
0.0001300717
-0.0002070375
-0.0004223661
0.0007689841
0.003217166
0.004861838
0.005701935
0.006316863
0.006352057
0.005136753
0.003364774
0.002687343
0.00272385
0.003311082
0.004656835
0.005843082
0.00619822
0.005994074
0.005280171
0.004376745
0.003550197
0.002262327
0.000872677
-0.0003783877
-0.001505816
-0.002986049
-0.004595826
-0.005567298
-0.006034807
-0.006315153
-0.006177285
-0.005939447
-0.006084279
-0.006274846
-0.006289441
-0.006380241
-0.006593477
-0.006797248
-0.006711019
-0.006198771
-0.005442873
-0.004567637
-0.003986466
-0.003448595
-0.00273093
-0.002310802
-0.001937538
-0.001343819
-0.0008521552
-0.0004474212
-0.0002557205
-0.0002429576
-0.0003391752
-0.0004311468
-0.0003843059
-0.0001888495
8.811968e-05
0.0002244237
0.0003273765
0.0004752547
0.0005797995
0.0006021945
0.000590603
0.0005893051
0.0006007782
0.000589172
0.0005761413
0.0005533416
0.0004989105
0.0004556657
0.0004697288
0.0005134794
0.0005643712
0.0006145948
0.0006629
0.0006751388
0.0006446312
0.0005901478
0.000546338
0.0005259766
0.0005221481
0.0005349081
0.0005600106
0.0005767084
0.000590082
0.0005975023
0.0005973024
0.0005961015
0.0005934628
0.0005875735
0.0005813188
0.000576209
0.0005720837
0.0005668856
0.0005614103
0.0005561044
0.0005501291
0.0005443316
0.0005389009
0.0005340805
0.0005296375
0.0005252973
0.0005208374
0.0005161049
0.0005110087
0.0005055245
0.0004996386
0.0004933448
0.0004866413
