-0.0006771543
-0.000670103
-0.0006628915
-0.0006555984
-0.0006483211
-0.0006410356
-0.0006336049
-0.0006261045
-0.0006188401
-0.0006119844
-0.0006053374
-0.0005982692
-0.0005903679
-0.000581744
-0.0005727704
-0.0005643832
-0.00055822
-0.0005552881
-0.000554834
-0.0005547461
-0.0005525086
-0.0005466777
-0.0005379255
-0.0005286357
-0.0005194391
-0.0005081621
-0.000494734
-0.0004815314
-0.0004694706
-0.0004587464
-0.0004506079
-0.0004464462
-0.0004456247
-0.0004428776
-0.0004312385
-0.0004087988
-0.0003785493
-0.0003465292
-0.0003218502
-0.0003126388
-0.0003178694
-0.0003309586
-0.000349863
-0.000372998
-0.0003948882
-0.0004102721
-0.0004172154
-0.0004172721
-0.0004128814
-0.0004035558
-0.0003874911
-0.0003647029
-0.0003398063
-0.0003210804
-0.0003147835
-0.0003191991
-0.0003210212
-0.0003024186
-0.0002527246
-0.0001788684
-0.000100649
-3.206676e-05
2.147525e-05
6.222883e-05
0.0001010763
0.0001526466
0.0002239794
0.0003094484
0.0003931411
0.000458413
0.0004990575
0.000520968
0.0005372144
0.0005573802
0.0005791257
0.0005857224
0.0005669937
0.0005329007
0.0004919143
0.0004442423
0.000397202
0.0003593216
0.000326164
0.0002893326
0.0002419605
0.0001647138
2.438652e-05
-0.0002071803
-0.0005153021
-0.0008204435
-0.001035964
-0.001121924
-0.001081871
-0.0009557347
-0.0008036838
-0.0006710269
-0.0005578073
-0.0004600503
-0.0003954894
-0.0003746773
-0.0003854409
-0.0003988287
-0.00039798
-0.000395354
-0.0003911421
-0.0003642375
-0.0003196902
-0.0002760205
-0.0002225222
-0.0001539711
-9.047845e-05
-1.432753e-05
0.0001235337
0.00030639
0.0004447459
0.0004370337
0.000237065
-0.0001155739
-0.0005495994
-0.0009760437
-0.001272278
-0.001384667
-0.001420652
-0.001480602
-0.001544362
-0.001576917
-0.001570971
-0.001516438
-0.001411737
-0.001280727
-0.001169201
-0.001122104
-0.001144815
-0.001192591
-0.001201626
-0.001174535
-0.001209581
-0.001378693
-0.001664552
-0.001988336
-0.002216985
-0.002197582
-0.001858281
-0.00126428
-0.0005657506
8.643936e-05
0.0006401286
0.001087381
0.001399323
0.00157492
0.001670778
0.001775591
0.001972506
0.002290524
0.002695635
0.003110238
0.003455026
0.003673096
0.003735473
0.003661345
0.003513289
0.003326985
0.003084182
0.002777797
0.002423656
0.00202921
0.0016308
0.001299781
0.001039719
0.0007560308
0.0003431602
-0.0002435271
-0.0009403898
-0.001603921
-0.002079693
-0.00227316
-0.002172794
-0.001819799
-0.001300019
-0.0007194597
-0.0001745879
0.000286774
0.0007020433
0.001130064
0.001545288
0.001911117
0.002246541
0.002531718
0.002685046
0.002648601
0.002401199
0.001932913
0.00127938
0.0005365033
-0.0001805071
-0.0007910405
-0.001313597
-0.001859093
-0.002544641
-0.003324925
-0.004000301
-0.004482305
-0.004823086
-0.005062957
-0.005190451
-0.005161899
-0.004985731
-0.004724265
-0.004398471
-0.004061303
-0.003881524
-0.003969787
-0.004253882
-0.004580901
-0.004776137
-0.004661928
-0.004144145
-0.003300709
-0.002365006
-0.001631275
-0.001304163
-0.001417363
-0.001830063
-0.002327666
-0.002765771
-0.003167275
-0.003598464
-0.003974158
-0.004201606
-0.004299396
-0.004270387
-0.004081286
-0.003724704
-0.003175476
-0.002382884
-0.001404584
-0.0003873255
0.000612854
0.001628691
0.00270449
0.003809677
0.004835985
0.005688975
0.006311368
0.006649607
0.006580497
0.00599823
0.005033756
0.003987813
0.003102764
0.002448529
0.001989615
0.001798502
0.001978321
0.002517334
0.003402561
0.004645446
0.006127879
0.007606939
0.00885754
0.009740156
0.01018866
0.01012498
0.009541315
0.0086198
0.007625018
0.006758978
0.006123047
0.005763365
0.005737423
0.006077654
0.00674901
0.007654139
0.008639605
0.009523626
0.01009201
0.01013948
0.009578061
0.008459415
0.006890631
0.005048392
0.003154957
0.00137976
-0.0002292156
-0.001752233
-0.003221545
-0.004480025
-0.005339295
-0.005739224
-0.005770875
-0.005532278
-0.004985882
-0.00415716
-0.003236154
-0.002430713
-0.001874671
-0.001580372
-0.001473279
-0.001420161
-0.001229518
-0.0007690524
-0.0001061981
0.0006039531
0.001244355
0.001740704
0.002046583
0.002134706
0.002015407
0.001702119
0.001106824
0.0001009315
-0.001305755
-0.002890506
-0.004316559
-0.00541293
-0.006213241
-0.006763758
-0.007067378
-0.007088135
-0.006802018
-0.006222081
-0.005360666
-0.004232353
-0.002870402
-0.001375456
9.619134e-05
0.001446335
0.002748606
0.004230504
0.006002836
0.007914465
0.009633097
0.01091024
0.01172097
0.01203225
0.01178635
0.01106441
0.01006399
0.008985399
0.007944864
0.007019035
0.006332783
0.005992892
0.006016488
0.006355249
0.006908106
0.007530415
0.008003387
0.008090301
0.007704296
0.006902394
0.005752796
0.004321237
0.002677819
0.0008928353
-0.0009168198
-0.002563487
-0.003846939
-0.004632025
-0.004885159
-0.004641695
-0.003927313
-0.002786326
-0.001319709
0.0003202313
0.001966508
0.003473262
0.004589134
0.005013599
0.004702994
0.003869229
0.002757017
0.001513663
0.0002002367
-0.001070381
-0.002129698
-0.002861082
-0.0032862
-0.003509646
-0.003524339
-0.00327625
-0.002798726
-0.002201652
-0.001620173
-0.001151093
-0.0008409239
-0.0006796899
-0.000584515
-0.0004302034
-0.000130924
0.0003448155
0.001000847
0.001860614
0.002964111
0.004310366
0.005800197
0.007228609
0.008353037
0.008998393
0.009156335
0.008935577
0.008454229
0.007796281
0.006997824
0.00603773
0.004894781
0.003586985
0.002159099
0.0007347633
-0.0004230766
-0.001058522
-0.001084161
-0.0005797978
0.000270145
0.001306341
0.002461585
0.003753163
0.00515365
0.006551633
0.007834818
0.00894718
0.00987509
0.01053072
0.01078845
0.01063077
0.01016529
0.009551555
0.008896381
0.008232869
0.007558309
0.006860465
0.006132291
0.005376128
0.004570537
0.003635284
0.002559298
0.001480572
0.0005388331
-0.0002196126
-0.0008319132
-0.001368869
-0.001882245
-0.002405132
-0.002923708
-0.003337453
-0.003582417
-0.003727095
-0.003841748
-0.003913168
-0.003862446
-0.003576606
-0.002951375
-0.001947608
-0.0006155866
0.0009374615
0.002561666
0.004088589
0.005335184
0.006167099
0.006620175
0.006903508
0.007294827
0.007997235
0.009044932
0.01030984
0.0116031
0.01280536
0.01386864
0.01479094
0.01559603
0.01627149
0.01670475
0.01671363
0.01612296
0.01484056
0.01287248
0.01028179
0.007232405
0.003954411
0.0005964324
-0.002759937
-0.006021748
-0.009053985
-0.01168695
-0.01376384
-0.01521016
-0.01606386
-0.01640698
-0.01630311
-0.01581802
-0.01506124
-0.01417842
-0.0133365
-0.01266927
-0.01220418
-0.01187353
-0.01157879
-0.01118743
-0.01055731
-0.009624026
-0.008406542
-0.006937237
-0.00523921
-0.003337503
-0.001311373
0.0006968126
0.00253511
0.00404613
0.005086614
0.005584339
0.005568394
0.005122799
0.004305623
0.003127254
0.001725006
0.0004361715
-0.0003364153
-0.0003540416
0.0003215395
0.001506518
0.002956107
0.00431795
0.005260063
0.005622814
0.005381867
0.004600566
0.003371718
0.00173194
-0.0003534788
-0.002807192
-0.005410628
-0.007956406
-0.01016793
-0.01166541
-0.01213622
-0.01151064
-0.0100197
-0.008028142
-0.00581436
-0.003516688
-0.001155774
0.001326815
0.00393109
0.006516428
0.008863297
0.01073682
0.01195272
0.01247069
0.01239914
0.01186631
0.01099988
0.009941265
0.008849063
0.007864991
0.007051498
0.006376903
0.00573952
0.005031093
0.004185576
0.003183226
0.002050716
0.0008458786
-0.0003990247
-0.00170428
-0.003101797
-0.004551215
-0.005901925
-0.007023892
-0.007885832
-0.008485048
-0.008807148
-0.008817765
-0.008522774
-0.008002188
-0.007372847
-0.006760417
-0.00626489
-0.005967072
-0.005954964
-0.006328832
-0.007047394
-0.007837898
-0.008436234
-0.008717805
-0.008614327
-0.008112909
-0.007256087
-0.006062749
-0.004526651
-0.00269411
-0.0006936981
0.001297101
0.003097338
0.004588038
0.005763067
0.00660531
0.007012877
0.007010795
0.006787257
0.006486177
0.006217056
0.006080765
0.006103691
0.006243471
0.006463649
0.006722848
0.006944535
0.007015631
0.006839137
0.006405738
0.00571926
0.004755574
0.003589679
0.002430266
0.001503752
0.0009120939
0.0005751142
0.0003637861
0.0001943478
5.072375e-05
-9.804692e-05
-0.0003423432
-0.0007524552
-0.001331727
-0.002023369
-0.002755434
-0.003479173
-0.004157632
-0.00475748
-0.005257343
-0.005665308
-0.006038485
-0.006495168
-0.007202049
-0.008315772
-0.00986277
-0.011688
-0.01355911
-0.01524622
-0.01658223
-0.01747484
-0.01786878
-0.01767218
-0.01684031
-0.01549806
-0.01381438
-0.01190384
-0.009952524
-0.008129664
-0.006352898
-0.004486027
-0.002570566
-0.0008101517
0.0005797022
0.001571225
0.00231912
0.003019448
0.003718206
0.004346926
0.004882635
0.005268072
0.005354298
0.005033544
0.004335917
0.003415087
0.00240312
0.001317049
0.0001641745
-0.001026392
-0.002259965
-0.003547599
-0.004836243
-0.00594004
-0.006633315
-0.006830764
-0.006544672
-0.005799178
-0.004635269
-0.003131377
-0.001388785
0.0004716644
0.002344639
0.004199855
0.006104815
0.008182192
0.01040825
0.01256939
0.01455023
0.01633777
0.01782094
0.01892742
0.01973611
0.02034603
0.02075016
0.02077835
0.02028043
0.01924235
0.01765527
0.01552169
0.01292159
0.009943336
0.006653399
0.003234822
-5.977861e-05
-0.003118543
-0.005930056
-0.00851146
-0.01092231
-0.01323564
-0.015451
-0.0174479
-0.01898968
-0.01980696
-0.01972439
-0.01875998
-0.01712915
-0.01511305
-0.01284717
-0.01027967
-0.007271724
-0.003823356
-0.000150178
0.003585511
0.007346164
0.01104832
0.01460258
0.01804463
0.02146671
0.02487219
0.02804014
0.03059277
0.03224743
0.03291829
0.03268654
0.03169588
0.03005179
0.0278266
0.02508825
0.02187989
0.01828838
0.01446931
0.01060354
0.00686595
0.003436666
0.0004479809
-0.002097918
-0.004232971
-0.005905314
-0.007070339
-0.007780609
-0.008188973
-0.008468249
-0.008664031
-0.008784352
-0.008897626
-0.009079356
-0.009364382
-0.009733793
-0.01010522
-0.01034448
-0.01033276
-0.01001905
-0.009392866
-0.008487995
-0.00741319
-0.006292103
-0.005150564
-0.003943517
-0.002637781
-0.001302617
-7.087973e-05
0.00101934
0.00200422
0.002891638
0.003614125
0.004050239
0.004137013
0.003875276
0.003228233
0.002182991
0.0008327103
-0.000622996
-0.001947155
-0.002993474
-0.003714165
-0.00407945
-0.004062297
-0.003654943
-0.002936825
-0.002076875
-0.001223447
-0.0004467799
0.0002876979
0.001048103
0.001856367
0.002688198
0.003521654
0.004412098
0.005463567
0.006731112
0.008165099
0.009633022
0.01105488
0.01243197
0.01374724
0.01494228
0.01595516
0.01678898
0.01749122
0.01797928
0.01807471
0.0177339
0.01705959
0.0162145
0.01544455
0.01500242
0.01491591
0.01500396
0.01511972
0.01516913
0.01507055
0.0147588
0.01419749
0.01340185
0.01242622
0.01130963
0.01006044
0.008670988
0.007216965
0.005887145
0.004848797
0.004195911
0.003999756
0.004310034
0.005146817
0.00646183
0.008112779
0.009866689
0.01152241
0.01313924
0.01486657
0.01659798
0.01804753
0.01893595
0.01907129
0.01840264
0.01703451
0.01517127
0.01295761
0.01049612
0.007877959
0.005200632
0.002600572
0.0002831567
-0.001528896
-0.002713945
-0.003253307
-0.003174225
-0.002550016
-0.001512442
-0.0002737683
0.0009412009
0.002052077
0.002954788
0.003353215
0.003064754
0.002238607
0.001159146
8.070578e-05
-0.0008618199
-0.001634848
-0.002246144
-0.002678496
-0.002845997
-0.002630592
-0.001915919
-0.0006020055
0.001300457
0.003594911
0.005983518
0.00825335
0.01041286
0.01260644
0.01479279
0.01672599
0.01815618
0.0188728
0.01874106
0.01782834
0.01638241
0.01459323
0.01257675
0.01048605
0.008524771
0.006876599
0.005618022
0.004667107
0.003816828
0.002825659
0.001567623
5.578483e-05
-0.001620871
-0.003437127
-0.005445015
-0.007513046
-0.009259875
-0.01025935
-0.01022536
-0.009159352
-0.007314951
-0.005037967
-0.002595711
-7.561204e-05
0.002628519
0.005645108
0.008898373
0.0121301
0.01500731
0.01718046
0.01841231
0.01875678
0.01846928
0.01771765
0.01660209
0.01519233
0.01348014
0.01143605
0.009120933
0.006706346
0.00441181
0.002428197
0.0008203873
-0.0005474107
-0.001853447
-0.003062665
-0.004018877
-0.004631527
-0.005001816
-0.005361122
-0.005849949
-0.006546524
-0.007511316
-0.008691584
-0.009925075
-0.01108315
-0.01209715
-0.01293487
-0.01359164
-0.01403176
-0.0140851
-0.01355281
-0.01242632
-0.0108296
-0.008888469
-0.006738634
-0.004530062
-0.00236706
-0.0002321825
0.002032391
0.00449521
0.007009973
0.009355039
0.01132238
0.01276327
0.01363887
0.01399356
0.01382193
0.01307333
0.01176113
0.009934661
0.007622354
0.004992985
0.002354768
-0.0001180421
-0.002431513
-0.004645107
-0.006692065
-0.008344893
-0.009479188
-0.0101232
-0.01025573
-0.009813445
-0.008745814
-0.007063947
-0.004855492
-0.002229844
0.0007029818
0.003863317
0.007131222
0.01030667
0.01316648
0.01554981
0.01743665
0.01886729
0.01987542
0.02062922
0.02140064
0.02230542
0.02336462
0.02467958
0.02639147
0.028522
0.03077468
0.03269078
0.03405642
0.03484864
0.03505808
0.03463851
0.03356224
0.03193601
0.03001086
0.02806009
0.02622849
0.02448807
0.02276255
0.02101911
0.01926734
0.0173944
0.01513345
0.01239451
0.009372704
0.006341623
0.003457863
0.0006656374
-0.002110494
-0.004858426
-0.00754425
-0.01002447
-0.01196107
-0.01298404
-0.01291016
-0.01188604
-0.01034537
-0.008790623
-0.007693555
-0.007352167
-0.007713175
-0.008470554
-0.00935612
-0.01018179
-0.01082066
-0.01119463
-0.01127602
-0.01111526
-0.01087048
-0.01079356
-0.01113906
-0.01203897
-0.01338569
-0.0148833
-0.01620487
-0.01711928
-0.01749227
-0.01718083
-0.01615043
-0.01460519
-0.01286532
-0.01118838
-0.009649154
-0.008292541
-0.007335083
-0.007012443
-0.007403943
-0.008418027
-0.009851279
-0.01151868
-0.01323047
-0.01477148
-0.01592691
-0.01642984
-0.01590745
-0.01413025
-0.01121982
-0.007536591
-0.003473773
0.0008057439
0.00528432
0.009969931
0.01490755
0.02003525
0.02493953
0.02908407
0.03217871
0.03409132
0.03484682
0.03481871
0.03449686
0.03399914
0.03314989
0.03172276
0.02964211
0.02703977
0.02412988
0.02108879
0.01798955
0.01489483
0.01184458
0.008754683
0.00554632
0.0023008
-0.0007586797
-0.003434581
-0.005779046
-0.007931317
-0.009915205
-0.0118116
-0.01377608
-0.01580512
-0.01780986
-0.01978479
-0.02173928
-0.02358707
-0.02509191
-0.02595944
-0.02601484
-0.02531463
-0.0241172
-0.02268779
-0.02122876
-0.01987376
-0.01871215
-0.01777468
-0.01695921
-0.01608037
-0.0150318
-0.01377188
-0.0122868
-0.01067859
-0.009182052
-0.00804476
-0.007364217
-0.006981924
-0.006681431
-0.006360049
-0.005939934
-0.005349805
-0.004586185
-0.003631335
-0.002405513
-0.0009410455
0.0005635912
0.00190186
0.002954453
0.003736457
0.004349226
0.004896595
0.005417889
0.005871769
0.006133116
0.005949882
0.005018054
0.003318064
0.001210554
-0.0008120166
-0.002189005
-0.002381716
-0.001164171
0.001164761
0.00382028
0.005841773
0.006683968
0.006540059
0.006245982
0.006571347
0.007849115
0.01008161
0.01293191
0.01574931
0.01773042
0.01825393
0.01730464
0.01538325
0.0130337
0.01073866
0.008900067
0.007852075
0.007798168
0.008686844
0.01030916
0.01247714
0.0150004
0.01761859
0.01996817
0.02159622
0.02205281
0.02099995
0.01838479
0.01466401
0.0106021
0.006622706
0.002751524
-0.001211203
-0.005388325
-0.009643577
-0.01365509
-0.01703144
-0.01948033
-0.02094749
-0.02163628
-0.02185816
-0.02194167
-0.02211844
-0.02244328
-0.02278983
-0.02303441
-0.02313618
-0.02305674
-0.02275975
-0.02224437
-0.02156454
-0.02080845
-0.02003039
-0.01922977
-0.01834601
-0.01722059
-0.01559395
-0.01320906
-0.01001864
-0.006369857
-0.002719208
0.0007612677
0.004033299
0.007078759
0.009993175
0.01282317
0.0152989
0.0169847
0.01751603
0.01670578
0.01455387
0.01114066
0.006765019
0.001918688
-0.003079763
-0.008157575
-0.01316245
-0.01790635
-0.02239
-0.02662563
-0.03044052
-0.03349534
-0.03549082
-0.03641474
-0.03639683
-0.03548324
-0.03374899
-0.0314024
-0.02873373
-0.02598808
-0.02318932
-0.02024595
-0.01714905
-0.01413646
-0.01159179
-0.009757004
-0.008713348
-0.008417326
-0.008636089
-0.008976567
-0.009054355
-0.008521773
-0.007113246
-0.004806894
-0.001892845
0.001161746
0.004011415
0.006768492
0.009681902
0.01276161
0.01579748
0.01845724
0.02042014
0.02149368
0.02169792
0.02127133
0.02056102
0.01981152
0.01915918
0.01870209
0.01851187
0.01861219
0.01893845
0.01933107
0.01958138
0.01943293
0.01863044
0.01705854
0.01480274
0.01206493
0.009071109
0.005940593
0.002703549
-0.0006330919
-0.004002699
-0.007188106
-0.009790306
-0.01143254
-0.01199441
-0.01166256
-0.01089326
-0.01028033
-0.01044485
-0.01184814
-0.01460201
-0.01841274
-0.02273265
-0.02700432
-0.03100637
-0.03486628
-0.03887412
-0.04314846
-0.04747877
-0.05143719
-0.05451673
-0.05633128
-0.05681296
-0.05623432
-0.05497457
-0.05336866
-0.0515667
-0.04963099
-0.04763658
-0.04565854
-0.0437415
-0.04185955
-0.03998727
-0.03819829
-0.03669905
-0.03571426
-0.03526933
-0.03522984
-0.03544453
-0.03570212
-0.03575604
-0.0354875
-0.03495824
-0.03434774
-0.03378236
-0.03327079
-0.03287251
-0.03273149
-0.03297473
-0.03368839
-0.03496365
-0.03699379
-0.03998805
-0.04395818
-0.04869439
-0.05388134
-0.05916759
-0.06428587
-0.06920681
-0.07396494
-0.07837188
-0.08200244
-0.08439679
-0.08542564
-0.0854604
-0.08523243
-0.08547099
-0.08653007
-0.08829348
-0.09020083
-0.09137194
-0.0907319
-0.08722719
-0.08013213
-0.06936594
-0.05555966
-0.03956835
-0.02181249
-0.002776159
0.01660038
0.03515194
0.05175887
0.0656214
0.07607153
0.08254728
0.08501258
0.08392314
0.07963014
0.07262582
0.0635778
0.05284875
0.0404233
0.02615456
0.01044364
-0.005481513
-0.02030435
-0.03328653
-0.04450811
-0.05458798
-0.0640361
-0.07277176
-0.08017698
-0.08579272
-0.0896937
-0.09237595
-0.09437932
-0.09598121
-0.09733222
-0.09848673
-0.0992688
-0.09942126
-0.09879547
-0.09741351
-0.09546718
-0.09321085
-0.09082942
-0.08839072
-0.0861489
-0.08458024
-0.08398911
-0.08440118
-0.08562523
-0.08719885
-0.08847706
-0.08892952
-0.08823813
-0.08628362
-0.08321786
-0.07940418
-0.07514446
-0.07056359
-0.06562495
-0.06030572
-0.05467307
-0.04872366
-0.04243438
-0.03606366
-0.03001075
-0.02446804
-0.01940602
-0.01462875
-0.009790038
-0.004476123
0.001584386
0.008214678
0.01480688
0.0209578
0.02669173
0.03214647
0.03739235
0.04236037
0.04698757
0.0511906
0.05458154
0.05648811
0.05624035
0.05368926
0.04934367
0.04381465
0.03757138
0.03088417
0.02397522
0.01709467
0.0104247
0.004107327
-0.001606644
-0.006276595
-0.009283337
-0.01003717
-0.008297831
-0.004441753
0.0007378994
0.006647359
0.01295991
0.01951592
0.02615116
0.03261726
0.03867694
0.04411782
0.04864097
0.05157116
0.05198133
0.04925648
0.04344688
0.03516006
0.02499843
0.01323836
6.562789e-05
-0.01411917
-0.02864425
-0.04267591
-0.05551153
-0.06688016
-0.07680545
-0.08510994
-0.09158948
-0.09625746
-0.09935367
-0.1013221
-0.1026962
-0.1039918
-0.1054974
-0.1072626
-0.1091652
-0.111004
-0.112588
-0.1138009
-0.1145767
-0.1148792
-0.1147585
-0.1143901
-0.1140408
-0.1139718
-0.1143131
-0.1150487
-0.1160893
-0.1174118
-0.1191015
-0.1213192
-0.1241356
-0.1274473
-0.1310909
-0.1349677
-0.1391848
-0.1440226
-0.1497854
-0.1565536
-0.1640048
-0.1714704
-0.1783191
-0.1843088
-0.1891412
-0.1920233
-0.1916046
-0.1864637
-0.1757197
-0.1592073
-0.1373974
-0.1114156
-0.08297761
-0.05388428
-0.02620622
-0.001959338
0.01815712
0.03489335
0.04908724
0.06133077
0.07199711
0.08117264
0.08877516
0.09496363
0.1001686
0.1046039
0.108352
0.1114329
0.113679
0.1148323
0.1148626
0.113975
0.1123803
0.1101651
0.1072514
0.1034779
0.0987236
0.09293141
0.08602853
0.07790925
0.06872801
0.05898353
0.04921091
0.03964753
0.030024
0.02002996
0.009754414
-0.0002791582
-0.009469612
-0.01760816
-0.02456979
-0.03002272
-0.03374186
-0.03578441
-0.03635749
-0.03585927
-0.03477889
-0.03344735
-0.03192401
-0.03010906
-0.02796611
-0.02576165
-0.02418188
-0.02403342
-0.02543634
-0.02783996
-0.03085385
-0.03430693
-0.03812317
-0.04224928
-0.0465514
-0.05077046
-0.05464218
-0.05808423
-0.06106083
-0.06340433
-0.06475561
-0.06470683
-0.06303841
-0.05987247
-0.05563109
-0.05082174
-0.04577853
-0.04043377
-0.03449366
-0.0277756
-0.0204183
-0.01281634
-0.005209289
0.002404368
0.01008902
0.01769091
0.02485422
0.03162659
0.03858824
0.0463363
0.0551956
0.06508237
0.07563021
0.08637957
0.09695482
0.1071375
0.1168893
0.126184
0.1348954
0.1429213
0.1502511
0.1568676
0.1626597
0.1673614
0.1707816
0.1730233
0.174542
0.1760557
0.1782318
0.1813838
0.185248
0.1890543
0.1920756
0.1944544
0.1968244
0.199481
0.202322
0.2050833
0.207697
0.2102324
0.2125702
0.2144545
0.2156532
0.216047
0.2156053
0.2142387
0.2118405
0.2083416
0.2036883
0.1977542
0.1902358
0.1808653
0.1697063
0.1571717
0.1438452
0.1303819
0.1173949
0.1052969
0.09433978
0.08467034
0.07613725
0.06837075
0.0612941
0.05518654
0.05040363
0.04714854
0.04538188
0.04490831
0.04550923
0.04711517
0.04972351
0.05329443
0.05768025
0.06265572
0.06804477
0.07377612
0.07990518
0.08646088
0.0933444
0.1004475
0.1076797
0.1148656
0.1218384
0.1285965
0.1351313
0.1412878
0.1468705
0.151682
0.1554596
0.1579863
0.1592007
0.15925
0.1584917
0.1574235
0.1565577
0.1562049
0.1564306
0.1569855
0.1571091
0.1555706
0.1509828
0.1421852
0.1284764
0.1095485
0.08554273
0.05736287
0.02711409
-0.002121481
-0.02748885
-0.04763306
-0.06295321
-0.07494842
-0.08483869
-0.09350003
-0.1015645
-0.1092518
-0.1165036
-0.1233975
-0.1303377
-0.1378489
-0.1461901
-0.155191
-0.1646959
-0.1747747
-0.1856578
-0.1973325
-0.2093448
-0.2212692
-0.2328876
-0.2438307
-0.2536353
-0.2620533
-0.2692466
-0.2757793
-0.282362
-0.2893551
-0.2962306
-0.302225
-0.3070219
-0.3103567
-0.3119112
-0.311688
-0.3098836
-0.3065234
-0.3017205
-0.2957408
-0.28854
-0.2795837
-0.2678059
-0.2517543
-0.229762
-0.2003091
-0.1626956
-0.1177564
-0.06858682
-0.02000099
0.02366993
0.06008873
0.08863481
0.1102103
0.1267786
0.1404156
0.1522834
0.1625712
0.1710977
0.1778972
0.1832121
0.1871002
0.189577
0.1907817
0.1910112
0.190647
0.1899751
0.1892113
0.1885182
0.1879258
0.1873753
0.1868465
0.1863879
0.1860943
0.1860759
0.1864074
0.1870948
0.1881409
0.1896182
0.1914446
0.1932704
0.194668
0.1950578
0.1935007
0.1890326
0.1810831
0.1695719
0.1547913
0.1370272
0.1167338
0.09462955
0.07166941
0.04901026
0.02803067
0.009987152
-0.004640355
-0.01627642
-0.0258269
-0.03389888
-0.040711
-0.04662789
-0.05220943
-0.05792741
-0.0641408
-0.07104695
-0.07852958
-0.08615323
-0.09338722
-0.1000718
-0.1065374
-0.1129304
-0.1187592
-0.1228955
-0.1241968
-0.1222288
-0.1174927
-0.1111501
-0.104187
-0.09715937
-0.0901105
-0.08281549
-0.07522805
-0.06787916
-0.06165143
-0.05720696
-0.05468701
-0.0536964
-0.05361833
-0.0538016
-0.05378391
-0.05336257
-0.05257327
-0.05158679
-0.0506368
-0.04999848
-0.05002357
-0.05107631
-0.0532798
-0.05645517
-0.06032858
-0.06471251
-0.06961654
-0.07507632
-0.08099381
-0.08713381
-0.09317564
-0.09888723
-0.1043132
-0.1097291
-0.1153075
-0.1209297
-0.1262155
-0.1309315
-0.1351933
-0.1391982
-0.1430518
-0.1466574
-0.1497041
-0.151771
-0.1525415
-0.1519196
-0.149975
-0.1468513
-0.1426683
-0.1375382
-0.1314297
-0.1238829
-0.114474
-0.1033332
-0.09119376
-0.07889688
-0.06650938
-0.05364208
-0.04012162
-0.0261547
-0.01225048
0.001058336
0.01328163
0.02404329
0.03330704
0.04140262
0.04867982
0.05524374
0.06076274
0.0648011
0.06719083
0.06816941
0.06831055
0.06820878
0.06839015
0.06922706
0.0708467
0.07315657
0.07596554
0.0790394
0.08217026
0.08524746
0.08823921
0.09111262
0.09373623
0.0958514
0.09719081
0.09755643
0.0967806
0.094791
0.09164948
0.087549
0.08273533
0.0773687
0.07155915
0.06539302
0.0588713
0.05192078
0.04456664
0.03696851
0.0293073
0.02174538
0.01442903
0.007522941
0.001106736
-0.004975619
-0.01092962
-0.01679893
-0.02250254
-0.02791596
-0.03293554
-0.03755009
-0.04184494
-0.04591203
-0.04978757
-0.05343036
-0.05676529
-0.05974578
-0.06241226
-0.06486068
-0.06710869
-0.06909247
-0.07066795
-0.07154044
-0.07133564
-0.06982546
-0.06703406
-0.06313317
-0.05821673
-0.0521892
-0.04488407
-0.03628801
-0.02671041
-0.01684252
-0.00736978
0.001803821
0.01110668
0.02033741
0.0291059
0.03733678
0.04508468
0.05243491
0.05947538
0.06626431
0.07277416
0.07888714
0.08449434
0.08959921
0.09418372
0.0981311
0.1014643
0.1043883
0.1070298
0.1092924
0.1108144
0.1111609
0.1100157
0.1072407
0.1028334
0.09681097
0.08927389
0.08039042
0.07020947
0.05881172
0.04647561
0.03372798
0.02126036
0.009680994
-0.0006075487
-0.00943344
-0.01669106
-0.02222868
-0.02589044
-0.02762988
-0.02753324
-0.02593493
-0.02333013
-0.02004115
-0.01620633
-0.01191734
-0.007442685
-0.0032264
0.0004520761
0.003508934
0.005855177
0.007484845
0.008539786
0.00918669
0.009535231
0.009586494
0.00931978
0.008745214
0.007850659
0.006656503
0.005327799
0.004063388
0.002962878
0.002138957
0.001698937
0.001558436
0.001518437
0.001457202
0.001335515
0.001128036
0.0007499408
0.0001718252
-0.0004235592
-0.0007669195
-0.0006580456
-1.595834e-05
0.001075974
0.002396288
0.003784855
0.005276194
0.006957028
0.008806874
0.01062813
0.01220363
0.01346361
0.01443482
0.01513659
0.01548634
0.01541226
0.01496684
0.01427166
0.01346561
0.01268814
0.01210673
0.01192318
0.01232624
0.0134068
0.01507737
0.01711385
0.01929608
0.02140137
0.023177
0.02433908
0.02462593
0.02389413
0.02220374
0.01979869
0.01696094
0.0139441
0.01091497
0.007949347
0.005136618
0.002870104
0.001726201
0.001967167
0.003614282
0.006671569
0.01096666
0.01614515
0.02197196
0.02835912
0.03529176
0.04260379
0.04996131
0.05714
0.06390756
0.06984453
0.07474545
0.0788236
0.08234322
0.08541476
0.08794901
0.08984596
0.09112609
0.09183773
0.09204099
0.09181667
0.09124313
0.09034255
0.08908832
0.08746468
0.0855176
0.08331732
0.08089075
0.07827126
0.07551667
0.07265327
0.06964841
0.06644124
0.06309609
0.05980044
0.05661447
0.05340648
0.04993832
0.04604554
0.04177092
0.03734731
0.03304727
0.02898519
0.02519969
0.02170518
0.01831711
0.01470564
0.01068647
0.006341398
0.001978367
-0.002095946
-0.005785234
-0.009276592
-0.01288512
-0.01680418
-0.0210748
-0.02564826
-0.03049067
-0.03553166
-0.04058925
-0.04548416
-0.05019259
-0.05489832
-0.05984569
-0.06508356
-0.07052076
-0.07603561
-0.08145709
-0.08658737
-0.09128625
-0.09544626
-0.09891642
-0.1014587
-0.1028453
-0.1030362
-0.102037
-0.09963627
-0.09566173
-0.09023847
-0.08378566
-0.07683538
-0.06966475
-0.06233549
-0.05479094
-0.04689425
-0.03855258
-0.02985283
-0.02098
-0.01213469
-0.003665832
0.004010653
0.01074202
0.01667548
0.02209253
0.0272039
0.03199448
0.03618295
0.03940017
0.04142293
0.04226522
0.04216971
0.0415278
0.04070809
0.03980123
0.03875202
0.03755501
0.0363123
0.03518264
0.0342515
0.03360919
0.03342126
0.03379105
0.03469358
0.03605569
0.03775301
0.03962999
0.04156928
0.04352288
0.04546807
0.04736763
0.04915568
0.05074092
0.05202829
0.05295068
0.05347062
0.05353674
0.05308265
0.05200332
0.05012463
0.04727971
0.04343042
0.03863833
0.03298962
0.02672566
0.02014515
0.01320716
0.005740272
-0.002195673
-0.01048239
-0.01907319
-0.02781021
-0.03633632
-0.04419876
-0.05115586
-0.05728078
-0.06260726
-0.06702578
-0.07040309
-0.07273134
-0.07419713
-0.07511513
-0.07580944
-0.07642164
-0.07698124
-0.07750803
-0.07803914
-0.07859751
-0.07913038
-0.07956257
-0.07985315
-0.07998053
-0.07988365
-0.07939527
-0.07827918
-0.07629504
-0.07323877
-0.068994
-0.06354066
-0.05703033
-0.04973581
-0.04186284
-0.03355489
-0.02498374
-0.01639639
-0.008051907
-7.134792e-05
0.00744782
0.01420067
0.01988298
0.02440889
0.02785368
0.03042639
0.03238853
0.03401208
0.03550059
0.03693811
0.03833401
0.03971001
0.04118003
0.04291279
0.04492619
0.04701603
0.04885191
0.05011081
0.0505544
0.0499691
0.04819768
0.04522312
0.04123811
0.03657174
0.0314734
0.02605583
0.02033869
0.01443606
0.008623122
0.003160623
-0.001716181
-0.005715715
-0.008664062
-0.01064207
-0.01189801
-0.01271465
-0.01323481
-0.01354861
-0.01375327
-0.01386238
-0.01380611
-0.01349281
-0.01286478
-0.01191684
-0.0106781
-0.009235685
-0.007763811
-0.006476488
-0.005530838
-0.004934211
-0.004584934
-0.004401255
-0.004302651
-0.004188154
-0.003990938
-0.003684764
-0.003249685
-0.002615223
-0.001669477
-0.0003735238
0.001207651
0.003010342
0.005102577
0.007665619
0.01070768
0.01408042
0.01775256
0.02177442
0.02619002
0.03103189
0.03626555
0.04176406
0.04741753
0.05324305
0.05930168
0.06552174
0.07154832
0.07697462
0.0816312
0.08557904
0.08891459
0.09148124
0.09303103
0.09348384
0.0929877
0.09186209
0.09040538
0.08885514
0.08734681
0.0858995
0.08446622
0.08302553
0.08156311
0.08001982
0.07835944
0.07662402
0.07491524
0.07331809
0.07180476
0.070222
0.06835355
0.06603828
0.06325032
0.0600891
0.05665071
0.05293316
0.04891364
0.04464027
0.04026233
0.03595434
0.03183222
0.02796516
0.02442457
0.02133331
0.0188169
0.01696568
0.01587057
0.01559493
0.01612748
0.01734623
0.0190742
0.02116851
0.0235458
0.02615571
0.02890758
0.03166457
0.03435513
0.03703273
0.0398185
0.04275303
0.04567947
0.04835662
0.05054476
0.05197295
0.05240449
0.0517081
0.04983035
0.04677298
0.0426207
0.03752428
0.03156769
0.0247781
0.01717598
0.008855964
0.0001764901
-0.008214471
-0.01584873
-0.02271073
-0.02880466
-0.03407842
-0.03863563
-0.04264934
-0.04618649
-0.04919571
-0.05160824
-0.05343897
-0.05475759
-0.05561272
-0.05606825
-0.05616156
-0.05576583
-0.05470712
-0.05288902
-0.0502288
-0.04666799
-0.04224918
-0.03708892
-0.0312428
-0.02468336
-0.01740175
-0.00963901
-0.001831092
0.005740567
0.01295939
0.01977608
0.02613137
0.03196525
0.03736783
0.04252103
0.04747276
0.05226705
0.05704365
0.06176843
0.06621747
0.07037859
0.07441129
0.07826321
0.08178321
0.08494927
0.08790979
0.09085935
0.09377765
0.09649841
0.09898335
0.1012665
0.1033082
0.1049736
0.1061046
0.1066618
0.106705
0.106246
0.105324
0.1040553
0.1025244
0.1007467
0.09874987
0.09661017
0.0944259
0.09233428
0.09047144
0.08884067
0.08736038
0.08612549
0.08530614
0.08486963
0.08466741
0.08461189
0.08469635
0.0849619
0.08543815
0.08608817
0.08678596
0.08736291
0.08770207
0.0878253
0.08787006
0.08794498
0.08809306
0.08831112
0.0885543
0.08876887
0.08895518
0.08915819
0.08936814
0.08948898
0.08935137
0.08875345
0.08753081
0.08565614
0.08329712
0.08077454
0.07835428
0.07598661
0.07350277
0.07085374
0.06808919
0.0653455
0.06284796
0.06084091
0.05948786
0.05888921
0.05909889
0.06005518
0.06154219
0.06326313
0.06495467
0.06654219
0.06805578
0.0695345
0.07103972
0.07262395
0.0742509
0.0758347
0.07731324
0.07862143
0.07969433
0.08056752
0.08135841
0.08212855
0.08290865
0.08374322
0.08457332
0.08521043
0.08551047
0.08544439
0.0850371
0.08435042
0.08344204
0.08234025
0.08101262
0.07934854
0.07720729
0.0745004
0.07123183
0.067487
0.06338379
0.05904062
0.0545544
0.04995519
0.04513094
0.03995527
0.03444872
0.02884829
0.02349624
0.01858049
0.01412872
0.01014387
0.006551536
0.003180593
-0.0001381159
-0.003453129
-0.006606508
-0.00936796
-0.01165771
-0.0135667
-0.01528761
-0.01700095
-0.01879342
-0.02059875
-0.0222719
-0.02369212
-0.02481173
-0.02565951
-0.02631154
-0.02685342
-0.02733649
-0.02779445
-0.02827636
-0.02884548
-0.0295425
-0.03030678
-0.0310316
-0.03169396
-0.03226263
-0.03260863
-0.03265486
-0.032431
-0.03195549
-0.03121994
-0.03022085
-0.02891014
-0.02718208
-0.02501828
-0.02255137
-0.01996295
-0.01743502
-0.01508802
-0.01292747
-0.01085524
-0.008809247
-0.006832115
-0.005035373
-0.003506695
-0.002235318
-0.001181679
-0.0003474046
0.0002687099
0.0006837495
0.0008949673
0.0009056063
0.0007521785
0.0004681189
3.354352e-05
-0.0006584306
-0.001730399
-0.00319863
-0.005002084
-0.007106178
-0.009499068
-0.0121538
-0.01496651
-0.01776056
-0.02038231
-0.02281638
-0.02522074
-0.02773248
-0.03034715
-0.03299767
-0.03558422
-0.037979
-0.04005098
-0.0417128
-0.04296546
-0.0438789
-0.04448359
-0.04481742
-0.04495892
-0.04496148
-0.0448621
-0.04478967
-0.04490683
-0.04527034
-0.04586143
-0.04666081
-0.04767992
-0.04894018
-0.05042763
-0.05209621
-0.05388153
-0.05568405
-0.05742086
-0.05915732
-0.06101892
-0.06303181
-0.06515023
-0.06730769
-0.06940946
-0.07137665
-0.07321214
-0.07495089
-0.07656573
-0.07792477
-0.07885071
-0.07927236
-0.07926833
-0.07902241
-0.07874061
-0.0785666
-0.07853013
-0.07858907
-0.07871268
-0.07888155
-0.07906247
-0.07919788
-0.07920094
-0.07897111
-0.07843285
-0.0776105
-0.07672032
-0.07607689
-0.07577761
-0.07569483
-0.07566668
-0.07557912
-0.07543084
-0.07537886
-0.07559321
-0.07599607
-0.07636802
-0.07656292
-0.07651721
-0.07620986
-0.07561143
-0.07469523
-0.07344774
-0.07183403
-0.06979089
-0.06730917
-0.06451823
-0.06168437
-0.05901597
-0.05648706
-0.05397737
-0.05139338
-0.04867901
-0.04583175
-0.04292088
-0.04009136
-0.03751526
-0.03529034
-0.03341938
-0.03186916
-0.03059128
-0.02955165
-0.02874985
-0.02819675
-0.02788233
-0.02782261
-0.02811182
-0.02880282
-0.02984906
-0.03120554
-0.03286213
-0.03484073
-0.03713111
-0.03967417
-0.04243442
-0.04536832
-0.04832812
-0.05118546
-0.05397388
-0.05675521
-0.05950456
-0.0621345
-0.06457308
-0.06684737
-0.069044
-0.07122756
-0.07337344
-0.07536237
-0.07703419
-0.07829703
-0.07919476
-0.07982841
-0.08027852
-0.08058063
-0.08075537
-0.08083358
-0.08082565
-0.08070223
-0.08042465
-0.07998023
-0.07939222
-0.07868826
-0.077864
-0.07691027
-0.07584714
-0.07473645
-0.07364508
-0.07258578
-0.0715271
-0.07045044
-0.06942486
-0.06857617
-0.06797599
-0.06760841
-0.06741055
-0.06738361
-0.06761954
-0.06822061
-0.06917674
-0.0703142
-0.07145549
-0.07257195
-0.07379902
-0.07525997
-0.07684366
-0.07835053
-0.07968843
-0.08087688
-0.08196081
-0.08289589
-0.08366573
-0.08440465
-0.08526958
-0.08629835
-0.08736049
-0.0883028
-0.08915296
-0.09001437
-0.0909264
-0.09186115
-0.09277162
-0.0936559
-0.09450452
-0.09523297
-0.09570869
-0.09583809
-0.09567505
-0.09537232
-0.09503262
-0.09465809
-0.09417411
-0.09352427
-0.09268458
-0.09159092
-0.09012731
-0.08817594
-0.08576605
-0.08310983
-0.08046622
-0.07802879
-0.07583637
-0.07383208
-0.07196113
-0.07023216
-0.06871369
-0.06748696
-0.06660348
-0.06607826
-0.06593545
-0.06619075
-0.06679095
-0.06759915
-0.06846255
-0.06930913
-0.07017013
-0.07108564
-0.07209946
-0.07329933
-0.07473382
-0.07634506
-0.07801945
-0.07965548
-0.08123341
-0.08280456
-0.08441395
-0.08596652
-0.08725209
-0.08818687
-0.08879423
-0.08901525
-0.08880636
-0.08823001
-0.08736614
-0.08619767
-0.08452426
-0.08214629
-0.07908997
-0.07556438
-0.07182244
-0.06800632
-0.06414325
-0.06021057
-0.05618559
-0.05207726
-0.04794751
-0.04387294
-0.03986656
-0.03585037
-0.03170529
-0.02741472
-0.0231141
-0.01893604
-0.01494012
-0.01111068
-0.007368394
-0.003656575
-0.0001317628
0.002888668
0.005236745
0.00694879
0.008151087
0.009014629
0.009681026
0.01018595
0.01048305
0.01052764
0.01034187
0.01001588
0.009615213
0.00917488
0.008791265
0.008593399
0.008640763
0.008897719
0.009280171
0.009771146
0.01039822
0.01112081
0.01184749
0.01251771
0.01314808
0.01377439
0.01429413
0.01450216
0.01425247
0.01358196
0.01268207
0.01165977
0.01050121
0.009211369
0.007820305
0.006347296
0.004823876
0.003287104
0.001732799
0.0001932261
-0.001181912
-0.002326937
-0.003406047
-0.004670981
-0.006314145
-0.008365344
-0.01070289
-0.01316464
-0.01569866
-0.01833315
-0.02093335
-0.02330106
-0.02544441
-0.02742555
-0.02917453
-0.03053043
-0.0313318
-0.03150234
-0.03110226
-0.03029499
-0.02924482
-0.02806651
-0.02687637
-0.02575514
-0.02465489
-0.0235248
-0.02243119
-0.02148095
-0.02074641
-0.02023821
-0.01991528
-0.01971231
-0.01951517
-0.01917268
-0.01858198
-0.01773859
-0.01673112
-0.01565739
-0.014552
-0.01346936
-0.01251826
-0.01178045
-0.01127904
-0.01100471
-0.0110027
-0.01139987
-0.01226942
-0.01358196
-0.0152954
-0.01734633
-0.0196381
-0.02204006
-0.02440991
-0.02663725
-0.02863223
-0.030308
-0.03168764
-0.03293774
-0.03415688
-0.03532409
-0.03647561
-0.03767141
-0.03885988
-0.03993859
-0.04084248
-0.04155968
-0.04210567
-0.04246634
-0.04262335
-0.04260016
-0.04248756
-0.04239167
-0.04230088
-0.0421033
-0.04170666
-0.04107644
-0.04023178
-0.03920472
-0.03802919
-0.03674449
-0.03532653
-0.03362728
-0.03154209
-0.02909845
-0.02632111
-0.02328775
-0.02029135
-0.01760491
-0.01523631
-0.01314654
-0.01134575
-0.009707894
-0.008032144
-0.006252544
-0.004398625
-0.002533941
-0.0008069789
0.0006200989
0.001739463
0.002616028
0.003250479
0.003730451
0.004268579
0.004980402
0.005800944
0.006565093
0.007194517
0.007808074
0.008515984
0.009304765
0.01010933
0.01084126
0.01140867
0.01178994
0.01204295
0.01218673
0.01219669
0.01210818
0.01198824
0.01184365
0.01156808
0.01097642
0.009938424
0.008467063
0.00671284
0.004829196
0.002841047
0.0006833288
-0.001731231
-0.004465239
-0.007539595
-0.01092837
-0.01450219
-0.01804725
-0.02139791
-0.02447879
-0.02726649
-0.02970176
-0.03165919
-0.03308837
-0.03406723
-0.03469642
-0.0350491
-0.03513277
-0.03495893
-0.03459252
-0.03412216
-0.03362388
-0.0331107
-0.03254474
-0.03186898
-0.03103575
-0.03007028
-0.02912741
-0.02834759
-0.02767043
-0.02695505
-0.02614163
-0.02531425
-0.02457898
-0.02386255
-0.02306931
-0.02227482
-0.02164944
-0.02133727
-0.02135846
-0.02165445
-0.02218911
-0.0229103
-0.02372032
-0.02452259
-0.02526476
-0.02596784
-0.02660671
-0.02704529
-0.02719762
-0.02712146
-0.02694577
-0.02677384
-0.02658986
-0.02634289
-0.02604003
-0.02576129
-0.02561234
-0.0256448
-0.02587718
-0.02633261
-0.0269945
-0.02779166
-0.02862756
-0.02936956
-0.02982875
-0.02978841
-0.02906584
-0.02760631
-0.02550359
-0.02291767
-0.02003623
-0.01699819
-0.01381609
-0.01037473
-0.006498328
-0.002014553
0.003187888
0.008988165
0.01503946
0.02105867
0.02694799
0.03270566
0.03829473
0.04357021
0.04844561
0.05297547
0.05725957
0.06140298
0.06551277
0.06972381
0.07418782
0.07897484
0.08401365
0.08910223
0.09406512
0.09891376
0.1037725
0.1087394
0.1137815
0.1187028
0.1232279
0.127229
0.1308165
0.1340433
0.1368266
0.1391261
0.1410048
0.1425613
0.1438162
0.1446959
0.1451893
0.1453637
0.1452484
0.1448259
0.1440581
0.1429388
0.1414812
0.1396188
0.1372569
0.1343548
0.1309477
0.1270897
0.1227375
0.1178343
0.1124736
0.1068559
0.1011696
0.09557515
0.09022038
0.08526272
0.08089036
0.07731554
0.07466381
0.07291961
0.07199533
0.07174476
0.07200822
0.0726629
0.07369686
0.07518412
0.07721489
0.07983472
0.08299284
0.08655809
0.09036068
0.0942453
0.09809463
0.1018164
0.1053298
0.108576
0.1115465
0.1143107
0.1169679
0.1195154
0.1218483
0.1238235
0.1253238
0.1262983
0.1267581
0.1267357
0.1261874
0.1250203
0.123135
0.1204739
0.1170126
0.1126751
0.1073993
0.101213
0.0942319
0.08662541
0.07860975
0.07037078
0.06189952
0.0532368
0.04469328
0.03666672
0.02943395
0.02307027
0.01743534
0.01226485
0.007269939
0.002277981
-0.002680318
-0.007418549
-0.01174027
-0.01548309
-0.01854301
-0.02096721
-0.02294922
-0.02466865
-0.02624668
-0.02772677
-0.02907265
-0.03020712
-0.03112673
-0.031895
-0.03250299
-0.03287642
-0.03294078
-0.03267211
-0.03212075
-0.03138289
-0.03057744
-0.02980635
-0.02916214
-0.02870494
-0.02839054
-0.02810891
-0.02783438
-0.02759463
-0.02739727
-0.02727753
-0.02732869
-0.02765539
-0.02827912
-0.02906754
-0.0298699
-0.03064697
-0.03138312
-0.03201705
-0.03244868
-0.0325671
-0.0322967
-0.03165134
-0.03072796
-0.02961524
-0.02838822
-0.02712428
-0.0258259
-0.02438913
-0.02276298
-0.02098105
-0.01901222
-0.01677813
-0.01425995
-0.01158778
-0.008973367
-0.006446212
-0.003901009
-0.001379238
0.0009527307
0.002917123
0.004377972
0.00527646
0.005641399
0.005619305
0.005451821
0.005394692
0.00561263
0.006105924
0.006735418
0.007341471
0.007864737
0.008398302
0.009042371
0.009823451
0.01076323
0.01191404
0.01333832
0.01495695
0.0165421
0.01799442
0.01937726
0.02071446
0.02196087
0.02303282
0.02383678
0.02431588
0.02449783
0.02449485
0.0244309
0.02435394
0.0242324
0.02411323
0.0241138
0.02424596
0.02443388
0.02459092
0.02462864
0.02449844
0.02426877
0.02405905
0.02390549
0.0238141
0.02383395
0.02404449
0.02452136
0.02529275
0.02629494
0.02737768
0.02840122
0.02931425
0.03015438
0.03097679
0.03175709
0.03239576
0.03278778
0.03292339
0.03286287
0.03260495
0.03211751
0.03140694
0.03055133
0.02964981
0.02869555
0.0276373
0.02647107
0.02521323
0.02391738
0.02274959
0.02189738
0.02143043
0.0213691
0.02173692
0.02249836
0.02357033
0.02490473
0.02643654
0.02806788
0.02976318
0.03152557
0.03329011
0.03496015
0.03648938
0.03789873
0.03925111
0.04060034
0.04203458
0.04369264
0.04561307
0.0476836
0.04978083
0.05180915
0.05370192
0.05547159
0.0571862
0.05881876
0.06024228
0.06133404
0.06198035
0.06208067
0.06162872
0.06071493
0.05941113
0.0577203
0.05556084
0.05286003
0.04963411
0.0459607
0.04186615
0.03723265
0.03209215
0.02675198
0.0215294
0.01661027
0.01199888
0.007530343
0.003048218
-0.001273471
-0.005103299
-0.008482136
-0.01165458
-0.0147549
-0.01783204
-0.02087569
-0.02378732
-0.02651038
-0.0291208
-0.03166286
-0.03409781
-0.03646933
-0.03885921
-0.04124954
-0.04357415
-0.04576954
-0.04773657
-0.0494372
-0.05101534
-0.05259733
-0.05412888
-0.05554914
-0.05690225
-0.05831165
-0.0598611
-0.06151627
-0.06324114
-0.0650348
-0.06683559
-0.06854382
-0.07009906
-0.07148915
-0.07271407
-0.07372753
-0.07444587
-0.07478501
-0.07466895
-0.07406386
-0.07305375
-0.07182301
-0.07051185
-0.06913572
-0.06760525
-0.06591101
-0.06414766
-0.06235727
-0.06053553
-0.05870022
-0.05696072
-0.05546258
-0.05423487
-0.05328885
-0.05273282
-0.05258779
-0.05273397
-0.05309543
-0.053639
-0.05431057
-0.05504371
-0.05576015
-0.05634126
-0.05662144
-0.05642085
-0.05560473
-0.05411123
-0.05191919
-0.0491175
-0.04595604
-0.04269479
-0.03942509
-0.03608821
-0.03254343
-0.02866071
-0.02447044
-0.02021532
-0.01614958
-0.0124007
-0.008962978
-0.005737113
-0.002602035
0.0005170077
0.003583943
0.006407199
0.008739535
0.0104423
0.01157814
0.01234461
0.01285563
0.01317238
0.01343146
0.01377573
0.0142951
0.01508245
0.01615923
0.01735279
0.01850516
0.01966652
0.02098112
0.02249936
0.02404618
0.02542735
0.02664953
0.02779189
0.02890703
0.0300148
0.03106123
0.03189682
0.03238328
0.03249447
0.0323338
0.03202019
0.03154332
0.03086892
0.03005891
0.02927364
0.02863536
0.0280671
0.02747195
0.02688873
0.02640594
0.02609375
0.02597782
0.02600932
0.0260729
0.0260542
0.02591651
0.02574996
0.02565677
0.02563502
0.02563963
0.02563409
0.02559049
0.0254946
0.02535541
0.02521263
0.02513443
0.02519493
0.02540821
0.02568457
0.02594249
0.02617891
0.02639446
0.02659913
0.02686924
0.02727334
0.02778252
0.0282607
0.02852601
0.02846894
0.02810523
0.02757746
0.02710023
0.02683955
0.02676576
0.02672923
0.02662415
0.02641063
0.02611055
0.02580646
0.02558973
0.02549651
0.02554963
0.02579909
0.02628888
0.02701463
0.02790299
0.02884476
0.02976289
0.03066618
0.03161718
0.03263869
0.03373044
0.0348982
0.03607615
0.03711926
0.03790704
0.03840059
0.0386497
0.038759
0.03882593
0.03888035
0.03887704
0.03872111
0.03829658
0.03750656
0.03631276
0.03470378
0.0325943
0.02989973
0.02660963
0.02277096
0.01852249
0.01414319
0.009897364
0.005820739
0.001805189
-0.002268586
-0.006463915
-0.01074859
-0.01500282
-0.01908279
-0.02286853
-0.02623853
-0.02914237
-0.03169252
-0.03404195
-0.03621448
-0.03809608
-0.03955822
-0.04063008
-0.04142324
-0.04200156
-0.04245862
-0.04292069
-0.04341439
-0.04390252
-0.04438141
-0.0448844
-0.04542926
-0.04594204
-0.04628937
-0.04638558
-0.04623005
-0.04589874
-0.0454937
-0.04509032
-0.04469331
-0.04430204
-0.04395904
-0.04367914
-0.0434072
-0.04304438
-0.04252659
-0.04191074
-0.04137562
-0.04111647
-0.04116863
-0.04143441
-0.0418086
-0.04216516
-0.04236464
-0.04232779
-0.04202657
-0.04143008
-0.04053915
-0.03941042
-0.03812465
-0.03675437
-0.0353263
-0.03384834
-0.03234234
-0.03084828
-0.02938186
-0.02786303
-0.02617335
-0.02422499
-0.02194199
-0.01931284
-0.01650733
-0.01381016
-0.01144795
-0.009487087
-0.007815189
-0.006218488
-0.004506942
-0.002653051
-0.0007923909
0.0008747905
0.002233532
0.003293095
0.004135612
0.00491246
0.005806836
0.006951846
0.00838288
0.01003552
0.01178742
0.01353421
0.01525153
0.01700473
0.01889828
0.02097852
0.02316335
0.02529457
0.02722536
0.0289026
0.03034234
0.03155288
0.03249684
0.03310063
0.03330518
0.03308825
0.03244622
0.03140169
0.02997942
0.02815303
0.02594355
0.02353084
0.02113203
0.01886131
0.01674277
0.01473498
0.01276794
0.01085015
0.009104698
0.007599415
0.00626312
0.004956587
0.003590169
0.002192689
0.0007862312
-0.0006231341
-0.001899375
-0.002868338
-0.003462018
-0.003654661
-0.003462921
-0.003063572
-0.002705719
-0.002504156
-0.00243732
-0.002421612
-0.002398412
-0.00236759
-0.0023786
-0.002515575
-0.002865822
-0.003478584
-0.004320851
-0.005275934
-0.00623307
-0.007158434
-0.008020371
-0.008785468
-0.009496918
-0.01023183
-0.01102522
-0.01186785
-0.01272029
-0.0135408
-0.01435731
-0.01531179
-0.0165499
-0.01812117
-0.01996863
-0.02199659
-0.0241709
-0.02648036
-0.02887264
-0.03122797
-0.033392
-0.03526039
-0.03679902
-0.03800107
-0.03878869
-0.03903065
-0.0386386
-0.03762874
-0.03612154
-0.03429873
-0.03234298
-0.03034754
-0.02835926
-0.02643868
-0.02467813
-0.02319401
-0.02209177
-0.02141339
-0.02112197
-0.02116806
-0.02154298
-0.02227528
-0.0233646
-0.02474489
-0.02634672
-0.02813987
-0.03009163
-0.0321701
-0.03442408
-0.03703175
-0.04014971
-0.04350071
-0.04654707
-0.04912665
-0.05130417
-0.05305242
-0.05424354
-0.05476421
-0.05464893
-0.05397677
-0.0527241
-0.05086922
-0.04843233
-0.0453526
-0.04155083
-0.03706808
-0.03223757
-0.02753089
-0.02304898
-0.01863705
-0.01426861
-0.009923473
-0.005509893
-0.001052027
0.003302625
0.007428818
0.01127891
0.014917
0.01852759
0.02228349
0.02612178
0.02985424
0.03336904
0.03671668
0.04001468
0.04322967
0.04626317
0.04907962
0.05160803
0.05373797
0.05544538
0.05677738
0.05774909
0.05835237
0.05860681
0.05861916
0.05854185
0.05844503
0.05828692
0.057991
0.05761528
0.0573214
0.05718917
0.05718299
0.05718686
0.05707353
0.0567496
0.05617618
0.05539577
0.0545296
0.05371616
0.0530293
0.05240629
0.05169307
0.0507477
0.0494861
0.04792021
0.04618705
0.04447808
0.0428885
0.04141055
0.03998841
0.03859332
0.03725314
0.03602008
0.03489593
0.03380234
0.03269661
0.03161156
0.03055669
0.02948748
0.02833912
0.02709942
0.02583218
0.02460296
0.02344072
0.02233591
0.02123447
0.0200413
0.01864177
0.01697538
0.01512525
0.01324594
0.01143161
0.009714418
0.008082596
0.006493198
0.004924525
0.003429817
0.002072964
0.0008847392
-8.686596e-05
-0.0007762211
-0.001135088
-0.00113132
-0.0007287231
0.0001021592
0.001326155
0.002784207
0.004243265
0.005530819
0.006600918
0.007529088
0.008429333
0.009381022
0.01038372
0.0114163
0.01247433
0.01350882
0.01445131
0.01531973
0.01622632
0.01729783
0.01852709
0.01979923
0.02110647
0.02248454
0.02387826
0.02524461
0.02658327
0.02779614
0.02874616
0.02943921
0.02999607
0.03052533
0.03098684
0.03119848
0.03097187
0.03018511
0.02877252
0.02663696
0.02369967
0.02008491
0.01603351
0.01170664
0.007364666
0.003366109
-0.0002137279
-0.003526331
-0.006618279
-0.009556275
-0.01253763
-0.01567774
-0.01889506
-0.02194642
-0.02453289
-0.02642746
-0.0275595
-0.02798753
-0.02776745
-0.02701556
-0.02593911
-0.02465858
-0.02312256
-0.02121284
-0.01886726
-0.01615348
-0.01327486
-0.01048854
-0.007958649
-0.005702766
-0.003629624
-0.001650912
0.0002294265
0.001945275
0.003425841
0.004649435
0.005690702
0.006696441
0.007764734
0.008922306
0.01019459
0.01155059
0.01284729
0.01390918
0.014638
0.01508452
0.01533069
0.0153377
0.01505143
0.01449223
0.01372138
0.01281937
0.01186205
0.01094065
0.01014214
0.009466149
0.008802893
0.007994073
0.006984034
0.005915354
0.005040813
0.004561446
0.0044703
0.004669032
0.005116005
0.005774417
0.006547753
0.007279565
0.007854689
0.008301699
0.008731531
0.009275571
0.01005987
0.01113119
0.01241121
0.01380297
0.01526812
0.0167996
0.01839065
0.02003255
0.02174707
0.02356823
0.02544078
0.02722224
0.02877222
0.02998288
0.03077944
0.03110585
0.03093193
0.03027171
0.02926532
0.02817141
0.02719214
0.02638736
0.02569257
0.0249466
0.02396908
0.02272381
0.02133891
0.01994557
0.0186298
0.01741673
0.01620649
0.01482374
0.01320094
0.0114083
0.009565838
0.007786403
0.006136216
0.004639278
0.003313685
0.002209264
0.001326242
0.0005904061
-2.387328e-05
-0.0004634407
-0.0006549332
-0.0005619109
-0.0002135997
0.0003136711
0.0008855944
0.001319773
0.001496984
0.00142566
0.001115435
0.000532572
-0.0003625816
-0.001603026
-0.003201454
-0.005080792
-0.00709219
-0.009135803
-0.01114128
-0.01302567
-0.01469997
-0.0160934
-0.01719818
-0.01811018
-0.01900673
-0.02002093
-0.0211767
-0.02241427
-0.0236621
-0.02490342
-0.02617689
-0.02755082
-0.02908403
-0.03074812
-0.03242512
-0.03408765
-0.03579542
-0.03746637
-0.03898847
-0.04040691
-0.04180307
-0.04318676
-0.04450946
-0.04568835
-0.04663947
-0.04732009
-0.04777401
-0.04814431
-0.04858762
-0.04915866
-0.04985793
-0.05064582
-0.0513776
-0.05189485
-0.05217645
-0.052299
-0.05234635
-0.05234178
-0.05224539
-0.05198563
-0.05149716
-0.05076237
-0.04983509
-0.04877951
-0.04757779
-0.04622152
-0.0447805
-0.04334735
-0.04201349
-0.04084762
-0.03982498
-0.03883347
-0.03781315
-0.03676322
-0.03566713
-0.03454175
-0.03346137
-0.03247156
-0.03154938
-0.03063031
-0.02968007
-0.02875424
-0.02798203
-0.02748334
-0.02726134
-0.02721571
-0.02720971
-0.02712546
-0.02688494
-0.02645298
-0.02584808
-0.02512946
-0.02434231
-0.02350569
-0.0226372
-0.02176863
-0.02092531
-0.02006745
-0.01911275
-0.01804119
-0.01691433
-0.01581798
-0.01474155
-0.01360047
-0.01244645
-0.01136087
-0.01020531
-0.008855514
-0.007431924
-0.006163997
-0.005237397
-0.004707972
-0.004551096
-0.004749486
-0.005243718
-0.005930133
-0.006760421
-0.00773822
-0.008857572
-0.01006758
-0.01130585
-0.0126126
-0.01409703
-0.01576194
-0.01754842
-0.01946422
-0.02154937
-0.02378237
-0.02598338
-0.02788005
-0.02930418
-0.03024741
-0.03080683
-0.03103405
-0.03088714
-0.0303085
-0.02926623
-0.02773344
-0.02566276
-0.02301185
-0.0198428
-0.01630281
-0.01247128
-0.008419901
-0.004258126
-5.648297e-05
0.004146132
0.008238895
0.01206702
0.01551912
0.01852784
0.02108259
0.02329501
0.02533552
0.02725538
0.02906298
0.03080148
0.03244486
0.03388295
0.03503344
0.03586052
0.03633771
0.03648457
0.03635384
0.03592774
0.03508129
0.03361696
0.0314341
0.02865012
0.02550874
0.02225852
0.01905575
0.01593482
0.01282847
0.00971446
0.006710961
0.003983433
0.001653523
-0.0002650783
-0.001919638
-0.003560209
-0.005300342
-0.007042585
-0.008669316
-0.01013079
-0.01143794
-0.01262584
-0.01371912
-0.01475
-0.0157696
-0.01683303
-0.01793893
-0.01898616
-0.0198413
-0.02038152
-0.02047126
-0.02005004
-0.01923269
-0.01819955
-0.01704711
-0.01577567
-0.01437129
-0.01291616
-0.01153016
-0.0102702
-0.009190071
-0.008385475
-0.007959451
-0.00800258
-0.008587208
-0.009685025
-0.01115271
-0.01286089
-0.01472782
-0.01667342
-0.018663
-0.02075402
-0.02294307
-0.02510959
-0.02717174
-0.0291521
-0.03113469
-0.03315484
-0.03514914
-0.03710151
-0.03908992
-0.0411869
-0.04341599
-0.04573547
-0.04802098
-0.05009702
-0.05182358
-0.05311547
-0.05391166
-0.05422952
-0.05416133
-0.05374157
-0.05291861
-0.05164887
-0.04995162
-0.04788771
-0.04551943
-0.04290039
-0.04013502
-0.03734828
-0.03457371
-0.03182423
-0.02918647
-0.026805
-0.0248008
-0.02315806
-0.02175915
-0.02051125
-0.01937739
-0.01836948
-0.01751431
-0.01684864
-0.01644135
-0.01629866
-0.01630742
-0.01634902
-0.01640773
-0.01660102
-0.01705394
-0.01774129
-0.01856032
-0.01942192
-0.02023572
-0.02093518
-0.02154607
-0.02213091
-0.02268556
-0.02308807
-0.0231744
-0.02293166
-0.02248967
-0.02197331
-0.02145661
-0.02095008
-0.02042433
-0.01987353
-0.01937625
-0.01899251
-0.01866595
-0.01833985
-0.01801512
-0.01767152
-0.0172865
-0.01690063
-0.016566
-0.01630765
-0.01617932
-0.01623707
-0.01643993
-0.01667595
-0.01685768
-0.01698744
-0.01715273
-0.01743443
-0.01786405
-0.01842986
-0.01911806
-0.01994659
-0.02093684
-0.02207554
-0.02329635
-0.02450976
-0.02566083
-0.026729
-0.02771972
-0.02866263
-0.02957287
-0.03039561
-0.03107487
-0.03162571
-0.03209426
-0.03252709
-0.03297628
-0.03346171
-0.03393715
-0.03439351
-0.03487691
-0.03528219
-0.03538734
-0.03512798
-0.03457818
-0.03380701
-0.03285434
-0.03174513
-0.03052941
-0.02927508
-0.02801598
-0.02676116
-0.02551898
-0.02430004
-0.02311685
-0.02197631
-0.02087325
-0.01978445
-0.01867511
-0.01753598
-0.01645672
-0.01559715
-0.0150662
-0.01486852
-0.01492047
-0.01513741
-0.01548317
-0.01593322
-0.01647601
-0.01713483
-0.01788778
-0.01863724
-0.01933677
-0.02002034
-0.02070828
-0.02138118
-0.0219922
-0.02247761
-0.02277903
-0.02287215
-0.0227951
-0.02263932
-0.02245754
-0.02218153
-0.02171532
-0.02102292
-0.02014364
-0.01912369
-0.01792247
-0.0165027
-0.01491694
-0.01326586
-0.01164467
-0.01009133
-0.008634475
-0.007336058
-0.006212617
-0.005192661
-0.004183591
-0.003131066
-0.002065276
-0.001030569
-3.557628e-06
0.001107122
0.002399559
0.003883604
0.005487403
0.007138438
0.008805493
0.01049194
0.01215198
0.01369875
0.01510166
0.01640569
0.01767658
0.01889142
0.01994119
0.02080604
0.02154695
0.02217772
0.02272209
0.02325581
0.02378446
0.02420723
0.02442255
0.02439256
0.02415468
0.02379314
0.02337574
0.02291003
0.02236406
0.02175107
0.02107906
0.020249
0.01918741
0.01796529
0.01669556
0.01546438
0.01434814
0.01342327
0.01276769
0.01247855
0.01264341
0.01321405
0.01401366
0.01493166
0.01597839
0.01726382
0.01887456
0.02077006
0.02280364
0.02481066
0.02673749
0.02861637
0.0304674
0.03228976
0.03406897
0.03578206
0.03740412
0.03891274
0.04026013
0.04135194
0.04213882
0.04266866
0.04299253
0.04313333
0.04312544
0.04300938
0.0427919
0.04246867
0.04203184
0.0414366
0.04064198
0.03970952
0.03874737
0.03779675
0.03688972
0.03608927
0.03541304
0.03482647
0.03431374
0.03387798
0.03351278
0.03318738
0.03286282
0.03254719
0.03227352
0.03201481
0.03171413
0.03134567
0.03087328
0.03024619
0.02949512
0.02874397
0.02811536
0.02766056
0.02733266
0.02709013
0.02695373
0.02691401
0.02691335
0.02691734
0.02691533
0.02690205
0.02687367
0.02682801
0.02676884
0.02671112
0.02668468
0.02673211
0.02689874
0.02721305
0.02766286
0.02817672
0.02865408
0.02904394
0.02935138
0.02960165
0.02977681
0.02982272
0.02973504
0.02953225
0.02916815
0.02849637
0.02733926
0.0256429
0.0235207
0.02116876
0.0187212
0.01622632
0.01375606
0.01136469
0.009050074
0.00694847
0.005319186
0.004257636
0.003717031
0.003647726
0.003927659
0.004385661
0.004974158
0.00570641
0.006564795
0.007584753
0.008850374
0.01035222
0.01193364
0.01337291
0.01459532
0.01571964
0.01685236
0.01794734
0.01881981
0.01944061
0.01998067
0.02049557
0.0209238
0.02121622
0.02136304
0.02137102
0.02120852
0.02082911
0.02022388
0.01946086
0.01867096
0.01796391
0.01736505
0.01681083
0.01627418
0.01576811
0.01519665
0.01443746
0.01348862
0.01242303
0.01130807
0.01015748
0.00899149
0.007896264
0.006953659
0.006179608
0.005525108
0.00492326
0.004347173
0.003804276
0.003320554
0.002943765
0.002773923
0.002963027
0.003590043
0.004588146
0.005798392
0.007055953
0.008283945
0.009474993
0.0106503
0.01182895
0.01296802
0.01395891
0.01477744
0.01551409
0.0162168
0.01686952
0.01743035
0.0178579
0.01814025
0.01832134
0.01850909
0.01881985
0.01923621
0.01960892
0.01984378
0.01995779
0.02004574
0.02021299
0.02052461
0.02099557
0.02158619
0.02224514
0.02302205
0.02404121
0.02531083
0.02674103
0.02826063
0.02979211
0.03121639
0.03238808
0.03321163
0.03371522
0.03398251
0.0340878
0.03410794
0.03411669
0.03414695
0.03420333
0.03427887
0.03435697
0.03441028
0.03439888
0.03427404
0.03398967
0.033523
0.03289579
0.03216352
0.03133107
0.03033509
0.02921948
0.02815157
0.02724476
0.02652937
0.02598655
0.02559574
0.02534543
0.02521234
0.02517754
0.02523179
0.02529106
0.02522377
0.02501373
0.02474573
0.02449669
0.02427176
0.02401838
0.02372446
0.02344761
0.02327915
0.02326411
0.02337037
0.02354686
0.02373157
0.02383412
0.02374614
0.02339746
0.02284741
0.02223183
0.02161308
0.02097851
0.02027738
0.01944341
0.01842825
0.01723499
0.01594196
0.01465635
0.01338928
0.01209728
0.01085663
0.009811586
0.009038304
0.008454183
0.007903426
0.00738799
0.007019142
0.006885249
0.007008898
0.00734846
0.007840594
0.008387339
0.008884461
0.00934174
0.009869847
0.0105009
0.01118149
0.01184933
0.01243736
0.01287571
0.01311443
0.01315084
0.01303625
0.01283707
0.01260585
0.01238662
0.01218163
0.01190959
0.01148817
0.0109192
0.01029294
0.009699431
0.009115128
0.008513042
0.007970611
0.007584812
0.007364953
0.007162111
0.006789573
0.006252072
0.005669576
0.005126462
0.00466498
0.00429287
0.003982528
0.003707363
0.003503507
0.003414147
0.00341316
0.003443926
0.003465778
0.003446399
0.003357806
0.003184675
0.002937959
0.002667579
0.002464277
0.002424637
0.002569098
0.002819959
0.003073314
0.003264514
0.003423551
0.003618114
0.00386994
0.004147922
0.004405578
0.004650499
0.00493141
0.005259698
0.005638806
0.006109387
0.006678332
0.007273819
0.007808499
0.008223579
0.008497787
0.008658638
0.008778129
0.008921913
0.009094839
0.009247864
0.00932749
0.009347086
0.009329183
0.009177836
0.008792206
0.008199215
0.007466694
0.006630076
0.005728385
0.004837998
0.004073333
0.003531033
0.003221576
0.003100874
0.003130908
0.003313689
0.003679669
0.00423719
0.004930468
0.005643407
0.006295655
0.006923747
0.007607447
0.008398054
0.009299998
0.01025714
0.01115759
0.01189032
0.01240434
0.01267859
0.01270436
0.01252396
0.01222998
0.011902
0.0115689
0.01118894
0.01072398
0.01019087
0.009607205
0.008962231
0.008234115
0.007409035
0.006498974
0.00555357
0.004643368
0.003800125
0.003009644
0.002279837
0.001622354
0.0009859425
0.0003464652
-0.0002098061
-0.000618505
-0.0008991664
-0.001033852
-0.0009791282
-0.0007801114
-0.0005493743
-0.0003780999
-0.0002748241
-0.0001659159
1.857455e-05
0.0003020815
0.0006677227
0.001097979
0.001597137
0.002119183
0.002548643
0.002790708
0.002822837
0.002700921
0.002524803
0.002389187
0.002377252
0.00252469
0.002745462
0.00289927
0.002951665
0.002942673
0.002910911
0.002896022
0.00294388
0.003101229
0.003405043
0.003880319
0.004563756
0.005497787
0.006626989
0.007787662
0.008844224
0.009734038
0.01045862
0.01108259
0.01168398
0.01223554
0.01261604
0.01278627
0.01277588
0.0125506
0.01204375
0.01122866
0.01016483
0.008968741
0.007694893
0.006330898
0.004846165
0.003230368
0.0015223
-0.0001808073
-0.001796073
-0.003393894
-0.005126115
-0.007033927
-0.009019804
-0.01091467
-0.01262063
-0.01416079
-0.01559854
-0.01697317
-0.01824658
-0.01932657
-0.02014226
-0.02074094
-0.02124061
-0.02162703
-0.01828993
-0.0182823
-0.01802362
-0.01762885
-0.01718069
-0.0166829
-0.0160928
-0.01535731
-0.01444712
-0.01338887
-0.01226389
-0.01115682
-0.01012861
-0.009218599
-0.008440157
-0.007786011
-0.007263415
-0.006889435
-0.006601875
-0.006284214
-0.005912222
-0.005530126
-0.005175731
-0.00491535
-0.004819883
-0.004812184
-0.004724438
-0.004537923
-0.004306089
-0.004036291
-0.003760664
-0.003538619
-0.003377501
-0.003268073
-0.003215925
-0.003166444
-0.00301217
-0.002697137
-0.002243586
-0.001724253
-0.001199607
-0.0006888699
-0.00018101
0.0003535276
0.0009498274
0.001631483
0.002391572
0.003177614
0.003890954
0.004428035
0.004769281
0.004986871
0.005152874
0.005285548
0.005346217
0.005323259
0.005246063
0.005110483
0.004885639
0.004545483
0.004091505
0.003570609
0.003068289
0.002649762
0.002297373
0.001918816
0.001444928
0.0009510741
0.000503063
1.99464e-05
-0.0005769547
-0.001265321
-0.001954869
-0.002595896
-0.003229774
-0.003847311
-0.004354434
-0.004679613
-0.004810089
-0.00478054
-0.004634174
-0.004415756
-0.00418319
-0.00397473
-0.003793238
-0.003674703
-0.003680109
-0.003810219
-0.00403211
-0.004326499
-0.004668471
-0.005007614
-0.005278525
-0.005455418
-0.005582901
-0.005709609
-0.005847941
-0.005978754
-0.006058653
-0.006031256
-0.005847394
-0.005489505
-0.004983781
-0.004373409
-0.003688212
-0.002966208
-0.002272616
-0.001685805
-0.001237211
-0.0008734914
-0.00051464
-9.351195e-05
0.0004384668
0.001090692
0.001789083
0.002321549
0.002454926
0.002172632
0.00159235
0.0008187593
-2.63474e-05
-0.0008337223
-0.001605168
-0.002348755
-0.002998615
-0.003541232
-0.004050732
-0.004589738
-0.005149722
-0.005647468
-0.006009946
-0.006233323
-0.006384687
-0.0065586
-0.006827927
-0.007234999
-0.007785554
-0.008449278
-0.00919692
-0.01002999
-0.01096066
-0.01198452
-0.01307847
-0.0142346
-0.01548764
-0.01688897
-0.01846978
-0.02020825
-0.02201484
-0.02380194
-0.0256368
-0.02764917
-0.02980204
-0.03191387
-0.03381686
-0.03553443
-0.03721536
-0.03891976
-0.04060125
-0.04216375
-0.04353088
-0.04464753
-0.04544877
-0.04589911
-0.04602071
-0.04586451
-0.04546652
-0.04481242
-0.04393253
-0.04291042
-0.04174453
-0.04038557
-0.03883853
-0.03715481
-0.03539334
-0.03358815
-0.03176305
-0.02995691
-0.02823116
-0.02664156
-0.02519001
-0.0238822
-0.02279368
-0.02198678
-0.02145121
-0.02113172
-0.02094258
-0.02079853
-0.02064477
-0.0204657
-0.02027402
-0.02010168
-0.01999405
-0.02000017
-0.02015738
-0.02047188
-0.02090319
-0.02138977
-0.02192957
-0.02257389
-0.02332948
-0.02412451
-0.02484607
-0.02543669
-0.02591325
-0.02629305
-0.02655663
-0.02665521
-0.02658044
-0.02635963
-0.02597905
-0.02544394
-0.02481866
-0.02414964
-0.02343844
-0.02266865
-0.02182933
-0.02093135
-0.02001414
-0.01911884
-0.01823611
-0.01731172
-0.01628953
-0.01517374
-0.01402965
-0.01292552
-0.01189577
-0.01093595
-0.01004648
-0.009253252
-0.008592471
-0.008091591
-0.007759412
-0.007595787
-0.007586794
-0.007681868
-0.007822075
-0.008000706
-0.008215445
-0.008427078
-0.008596059
-0.008707227
-0.008771008
-0.008822634
-0.00890302
-0.009010859
-0.009103845
-0.009173514
-0.00923809
-0.00928563
-0.009302085
-0.009297889
-0.009274151
-0.009225896
-0.00918458
-0.009194598
-0.009263191
-0.009354767
-0.009413719
-0.009408935
-0.009350171
-0.009276839
-0.009223758
-0.009187946
-0.009131201
-0.009010863
-0.008823817
-0.00859496
-0.008341351
-0.008072498
-0.007782362
-0.007426595
-0.006967108
-0.006445153
-0.005912724
-0.005356587
-0.004743494
-0.004064384
-0.003340959
-0.00261023
-0.001897203
-0.00121759
-0.0005825417
3.359571e-06
0.0005463457
0.001066188
0.001594843
0.002159757
0.002750067
0.003315103
0.003805732
0.004192845
0.004476467
0.004694897
0.004915745
0.005200628
0.005568814
0.005972103
0.006340949
0.00664468
0.006895301
0.007126903
0.007366708
0.007640037
0.007977432
0.008362118
0.008720044
0.009004871
0.009223942
0.009396933
0.00953389
0.009630374
0.009695944
0.009761548
0.009850126
0.009965183
0.01009101
0.01019304
0.01023135
0.01018894
0.01007444
0.009899394
0.00967963
0.009429492
0.00913259
0.008753139
0.008298822
0.007819594
0.007357179
0.006928531
0.00652669
0.006142807
0.005777623
0.005434114
0.005101223
0.004747727
0.004358418
0.003949394
0.003533005
0.003116695
0.00272767
0.002399752
0.002149216
0.001968084
0.001829039
0.001701369
0.001563842
0.001414097
0.001254862
0.001085869
0.0009198607
0.0007810875
0.0006833883
0.0006239375
0.0005878119
0.0005595267
0.0005313247
0.0005008793
0.0004684565
0.0004354693
0.0004034015
0.0003731864
0.0003450595
0.000318774
0.00029399
0.0002706257
0.0002490254
0.000229786
0.0002133216
0.0001992289
0.0001857471
0.000169578
0.0001463779
0.0001120765
6.500282e-05
8.014792e-06
-5.052937e-05
-0.0001020969
-0.0001463746
-0.0001837838
-0.0002095345
-0.0002230453
-0.0002296888
-0.0002310747
-0.0002242644
-0.000207525
-0.0001882984
-0.0001814727
-0.0001913208
-0.0002075152
-0.0002170907
-0.0002124774
-0.0001954842
-0.0001711076
-0.0001423348
-0.0001110366
-7.897658e-05
-4.807072e-05
-1.997678e-05
6.456494e-06
3.971123e-05
9.017961e-05
0.0001559198
0.0002266643
0.0002963521
0.0003628883
0.0004257412
0.000485222
0.0005418213
0.0005957858
0.0006468716
0.0006943965
0.000737511
0.0007756511
0.0008090029
0.0008387309
0.0008661303
0.0008899285
0.0009056593
0.0009108326
0.0009068193
0.0008962371
0.0008833442
0.0008743484
0.0008744511
0.0008840717
0.0008967033
0.0009046108
0.0009089855
0.0009161627
0.0009296734
0.0009478376
0.0009658938
0.0009819706
0.0009974344
0.001014112
0.00103412
0.001059303
0.001089237
0.001121707
0.001155411
0.001190489
0.001227706
0.001267191
0.001309018
0.00135604
0.001411302
0.001472868
0.001536723
0.001600838
0.001664751
0.001728737
0.001793378
0.001859151
0.001926043
0.001993358
0.002060045
0.0021256
0.002189821
0.002251926
0.002311319
0.002368458
0.00242429
0.002479834
0.002536125
0.002593454
0.002650653
0.00270684
0.002762396
0.002817409
0.00287157
0.002925495
0.002980235
0.003036215
0.00309326
0.003150822
0.003208177
0.00326501
0.003321958
0.003379732
0.003438281
0.003497131
0.003555819
0.003614171
0.003672287
0.003730377
0.00378851
0.003846528
0.003904216
0.003961377
0.004017835
0.004073529
0.004128557
0.004183025
0.004236943
0.004290251
0.004342892
0.004394883
0.004446231
0.004496885
0.004546807
0.004595995
0.004644463
0.004692215
0.004739235
0.004785491
0.00483095
0.004875621
0.004919549
0.004962791
0.005005376
0.00504729
0.005088488
0.005128932
0.005168643
0.005207667
0.005246041
0.005283777
0.005320877
0.005357349
0.005393205
0.005428448
0.005463076
0.005497095
0.005530513
0.00556334
0.005595581
0.005627235
0.005658299
0.005688768
0.005718638
0.005747908
0.005776577
0.005804644
0.005832108
0.005858966
0.005885216
0.005910857
0.005935885
0.005960298
0.005984093
0.006007267
0.006029818
