0.002117852
0.002110416
0.002103013
0.002095617
0.002088217
0.002080818
0.002073441
0.002066086
0.002058788
0.002051441
0.002044011
0.002036628
0.002029281
0.002021947
0.002014775
0.002007761
0.002000484
0.001992921
0.001985491
0.001978247
0.001971029
0.001963802
0.001956544
0.001949251
0.001942072
0.001935254
0.001928337
0.001920771
0.00191369
0.001907015
0.001899441
0.001891695
0.001884575
0.001878177
0.001871557
0.001863794
0.001856779
0.001850442
0.00184278
0.001834889
0.001827628
0.001821268
0.001816027
0.001811208
0.001805366
0.001796112
0.001786084
0.001779356
0.001773883
0.001765957
0.001757708
0.001750328
0.001743317
0.001738072
0.001734323
0.001727219
0.001716794
0.00170958
0.00170665
0.001702437
0.001693599
0.001680777
0.001670637
0.001666222
0.001660723
0.001653406
0.00165106
0.001651291
0.001641885
0.001627867
0.001621205
0.001618193
0.001609289
0.001597253
0.001587687
0.00158143
0.001574033
0.001569443
0.001568595
0.001568542
0.00156105
0.001547318
0.001540235
0.001540807
0.001538675
0.001531223
0.001520377
0.00151151
0.001508702
0.001500954
0.001491507
0.001493624
0.001491131
0.001471821
0.001460115
0.001463674
0.001463782
0.001450676
0.001433422
0.001433274
0.001442709
0.001431284
0.001408599
0.001401375
0.001407361
0.00140649
0.00139427
0.001382402
0.001376991
0.001365665
0.001354197
0.001348757
0.001343299
0.001329929
0.001316233
0.001320943
0.001332863
0.001333861
0.001325626
0.001311153
0.001298866
0.00130132
0.001302646
0.001288812
0.001268849
0.00126411
0.001264605
0.001250699
0.00124498
0.0012539
0.001247411
0.001224577
0.001218691
0.001229713
0.001223415
0.001200768
0.001194724
0.001198465
0.001183779
0.001167714
0.001170424
0.0011816
0.001173594
0.00115928
0.001163799
0.001157296
0.00112505
0.001109769
0.001123577
0.001118129
0.00110082
0.001100808
0.001114818
0.00111859
0.001111228
0.001103721
0.001097186
0.001091791
0.001089559
0.001084796
0.001058374
0.001022261
0.001017764
0.001022713
0.001016987
0.001017628
0.001031577
0.001039071
0.001033737
0.001013581
0.0009856043
0.0009819528
0.00099167
0.0009762753
0.0009448838
0.0009230828
0.0009326282
0.0009543418
0.0009574954
0.0009240743
0.0009059622
0.0009256328
0.0009225158
0.0009038021
0.0008941833
0.0008898979
0.0008861508
0.0008816621
0.0008724858
0.0008539321
0.000849211
0.0008673514
0.0008601735
0.0008548764
0.0008716856
0.0008683669
0.000849706
0.000843048
0.0008261029
0.0008070625
0.0007982087
0.0008050201
0.0008277358
0.0008406013
0.000831474
0.0007917185
0.0007606826
0.0007903745
0.0007987134
0.000749118
0.0007246359
0.0007521028
0.0007518057
0.0007266273
0.0007133376
0.0007274972
0.0007560524
0.0007472761
0.0007060565
0.0006974237
0.0007280618
0.0007428092
0.0007176115
0.0006757564
0.0006703133
0.0006991199
0.0007127631
0.0007032846
0.0006800845
0.0006610327
0.0006582023
0.0006391103
0.0006190268
0.0006089541
0.0006039384
0.0006169315
0.0006414278
0.0006338541
0.000612358
0.0006200883
0.0006156767
0.00059758
0.0006044456
0.0005978077
0.000580313
0.0005912864
0.0005839439
0.0005468155
0.0005418781
0.000555631
0.0005324958
0.0005085565
0.0005208656
0.0005361808
0.000510949
0.0004870513
0.000496638
0.0005094466
0.0005032619
0.0005152008
0.0005234566
0.0005021713
0.0004822178
0.0004823612
0.0004433416
0.000381775
0.0003727569
0.0004236549
0.0004720952
0.0004791328
0.0004698643
0.0004630052
0.0004439123
0.0004192127
0.0004129902
0.0004114492
0.0004240813
0.0004157597
0.0003944655
0.0004039274
0.0004010842
0.0003819715
0.0003758808
0.0003500645
0.0003260996
0.0003395742
0.0003744528
0.000369542
0.0003266571
0.0003012876
0.0002946131
0.0002931046
0.0003102806
0.0003242742
0.0002800182
0.0002222425
0.0002185131
0.0002311495
0.0002194239
0.000249922
0.000319847
0.0003317363
0.0002612648
0.0002338647
0.0002770273
0.0002942319
0.0002416273
0.0001976427
0.0002543056
0.0002878496
0.0002249578
0.0001962139
0.0002308027
0.0002317095
0.0001889434
0.0001790562
0.0001924704
0.0001858728
0.0001988349
0.0002305404
0.0002298536
0.0001695073
0.0001232042
0.0001153412
0.0001371275
0.0001857385
0.0001965706
0.0001539929
0.0001322967
0.0001111658
7.546201e-05
5.032594e-05
6.15466e-05
7.643408e-05
9.148267e-05
0.0001028245
7.637836e-05
4.931316e-05
5.861634e-05
9.604181e-05
0.0001155539
8.957318e-05
2.227896e-05
-1.7465e-05
1.98304e-05
5.700644e-05
3.162083e-05
-5.030471e-07
-4.250896e-06
1.390448e-05
2.410567e-05
1.137098e-05
2.616959e-05
6.01442e-05
5.68747e-05
-4.274108e-06
-4.160623e-05
-4.728139e-05
-6.838027e-05
-7.331878e-05
-2.327144e-05
-7.48235e-06
-4.919621e-05
-8.009953e-05
-8.476452e-05
-6.880838e-05
-3.885482e-05
-2.433634e-05
-3.067095e-05
-5.825405e-05
-9.343556e-05
-9.525698e-05
-0.000100864
-0.0001407894
-0.0001308458
-9.786463e-05
-9.830277e-05
-0.0001073283
-0.0001314603
-0.0001496773
-0.0001579941
-0.0001654672
-0.0001504932
-0.0001125128
-0.0001164007
-0.0001829751
-0.0002302296
-0.0001927853
-0.0001342853
-0.0001397424
-0.0001917498
-0.0002162388
-0.0001959499
-0.0001766671
-0.0002031714
-0.0002321923
-0.0002325845
-0.0002137698
-0.0002193599
-0.000263536
-0.0002675937
-0.0002514198
-0.0002559134
-0.0002679559
-0.000254215
-0.0002177259
-0.0002214224
-0.0002692852
-0.0002960363
-0.0002751365
-0.0002412562
-0.0002537795
-0.0002782319
-0.0002445114
-0.000225492
-0.0002829172
-0.0003305523
-0.0003357464
-0.0003166117
-0.0002861517
-0.0002724696
-0.0002774461
-0.0003036083
-0.0003418423
-0.000346405
-0.0003329627
-0.0003352786
-0.0003215412
-0.0003223749
-0.0003608672
-0.0004074405
-0.0004320659
-0.000395979
-0.0003430885
-0.0003339257
-0.0003607037
-0.0003792185
-0.0003807856
-0.0004240591
-0.0004628579
-0.0004288068
-0.0003965209
-0.000422851
-0.0004293347
-0.0003936103
-0.0004078276
-0.0004763907
-0.0005067083
-0.0004699993
-0.0003909437
-0.000383961
-0.000435512
-0.0004601397
-0.0004195527
-0.0004029758
-0.0004526435
-0.0004620742
-0.0004194374
-0.0003965392
-0.0004638906
-0.0005461076
-0.0005266785
-0.0004709378
-0.00047554
-0.0005008029
-0.000486477
-0.0005041949
-0.0005655831
-0.000575459
-0.0005375031
-0.0004990256
-0.0005097709
-0.0005528257
-0.0005597609
-0.0005443449
-0.0005443094
-0.0005311933
-0.0005357375
-0.0005729141
-0.0005991232
-0.0006061159
-0.0005900983
-0.0005514843
-0.0005376235
-0.0005832679
-0.000644431
-0.0006297149
-0.0005920496
-0.0005931144
-0.0006009278
-0.0006231444
-0.0006461703
-0.0006573994
-0.0006376779
-0.000582315
-0.0005724147
-0.0006387668
-0.0006607084
-0.0006182362
-0.0006186407
-0.0006857002
-0.0007116246
-0.0006521904
-0.0006296352
-0.0006880522
-0.0007438564
-0.0007474682
-0.0007059736
-0.0006360871
-0.0006444361
-0.0006918403
-0.0006997573
-0.000691318
-0.0006869353
-0.0007350242
-0.0007975903
-0.0007841255
-0.0007100725
-0.0006769542
-0.0006892235
-0.0007008731
-0.0006983506
-0.0006966597
-0.0007225649
-0.0007654169
-0.0007560763
-0.0007025586
-0.0006770215
-0.0006817582
-0.0007523855
-0.000828947
-0.0007913906
-0.000713246
-0.0007291749
-0.0007956236
-0.000840731
-0.0008574831
-0.0008363453
-0.0008063703
-0.0007963576
-0.0008055292
-0.0007884058
-0.0007723939
-0.000796226
-0.00083759
-0.0008378448
-0.0008216182
-0.0008453798
-0.0008537188
-0.0008181544
-0.0007970801
-0.0008251117
-0.0008731367
-0.000868575
-0.0008265249
-0.0008496942
-0.0009314288
-0.0009398345
-0.0008820145
-0.00086117
-0.0008698456
-0.0008969248
-0.0009152729
-0.000920157
-0.0009217562
-0.0009084897
-0.0008926057
-0.0008995178
-0.0009070778
-0.0009090451
-0.0008893446
-0.0008959673
-0.0009380426
-0.0009441698
-0.0009093224
-0.0008928478
-0.0008993672
-0.0009045572
-0.0009077109
-0.0009258922
-0.0009470955
-0.0009512288
-0.0009590383
-0.0009452359
-0.0009088176
-0.0008856025
-0.0009309024
-0.001014659
-0.001035432
-0.000969976
-0.0009358655
-0.0009846259
-0.001028866
-0.000987216
-0.0009702302
-0.001028855
-0.001055184
-0.001017503
-0.001018732
-0.001045735
-0.001033924
-0.0009943159
-0.0009982401
-0.00104478
-0.001052424
-0.001013631
-0.0009926885
-0.001016049
-0.001060768
-0.001082227
-0.0010693
-0.001035991
-0.001000512
-0.0009810313
-0.001023636
-0.001104383
-0.001141101
-0.001100226
-0.001066885
-0.001089864
-0.001093938
-0.001079005
-0.001115865
-0.001155722
-0.001140935
-0.00112623
-0.001132009
-0.001107959
-0.001052985
-0.001034403
-0.001059094
-0.001121254
-0.001143909
-0.001122421
-0.001101515
-0.001091768
-0.001130756
-0.001146317
-0.00115
-0.001203342
-0.001226447
-0.001196752
-0.001174767
-0.001161421
-0.001154498
-0.001174509
-0.001174938
-0.001162601
-0.001185131
-0.001190139
-0.00115503
-0.001138805
-0.001163004
-0.001186021
-0.001170592
-0.001170381
-0.001189252
-0.001191202
-0.001211045
-0.001247291
-0.001269479
-0.001256418
-0.001241782
-0.001221066
-0.001192067
-0.001216688
-0.001260008
-0.001229894
-0.001189909
-0.001184878
-0.001213185
-0.001272499
-0.001306656
-0.001286576
-0.001282541
-0.001308984
-0.001320188
-0.001302951
-0.001246851
-0.001232363
-0.001273222
-0.001302877
-0.001305545
-0.001282077
-0.001247636
-0.001257159
-0.001297995
-0.001295641
-0.001275538
-0.001316927
-0.00136247
-0.001328021
-0.00126908
-0.001270579
-0.001315734
-0.001339561
-0.001340989
-0.00133716
-0.001322181
-0.001313822
-0.001334638
-0.001319759
-0.001284821
-0.001306041
-0.001328622
-0.001332251
-0.001327511
-0.001348981
-0.001372365
-0.001374455
-0.00135809
-0.001343558
-0.001346878
-0.001334612
-0.001336064
-0.001352782
-0.001358972
-0.001381937
-0.001384064
-0.001348558
-0.001329182
-0.00135134
-0.001393441
-0.001410943
-0.001409875
-0.001413695
-0.001417346
-0.001400003
-0.001382254
-0.00140718
-0.001432826
-0.001416195
-0.001376331
-0.001377482
-0.001420074
-0.001446042
-0.001443735
-0.001423193
-0.00141026
-0.001431565
-0.001437433
-0.001424531
-0.001422981
-0.00140551
-0.001407503
-0.001447691
-0.001475505
-0.00145937
-0.001403252
-0.001367631
-0.001390332
-0.001431804
-0.001468175
-0.001483709
-0.001486676
-0.001485295
-0.001470285
-0.001468598
-0.001504188
-0.001530841
-0.001555847
-0.00153425
-0.001462865
-0.001447133
-0.001490586
-0.001514922
-0.00151188
-0.001513188
-0.001520979
-0.001504774
-0.00146496
-0.001467086
-0.001526221
-0.001566918
-0.001550843
-0.001531652
-0.001514156
-0.001486811
-0.001491076
-0.001509698
-0.001497413
-0.001499011
-0.001515152
-0.001502646
-0.001506008
-0.001524765
-0.001509161
-0.001494832
-0.001511132
-0.001528197
-0.001531936
-0.001572686
-0.001594019
-0.001538694
-0.001499243
-0.001522939
-0.001568366
-0.001569775
-0.001547438
-0.001549941
-0.001555275
-0.00155734
-0.001551043
-0.001573538
-0.001616
-0.001633146
-0.001593352
-0.001576669
-0.001619694
-0.001624667
-0.001591702
-0.001573209
-0.00157794
-0.001561725
-0.001562465
-0.001601797
-0.001625772
-0.001608221
-0.001572018
-0.001559669
-0.001560728
-0.001558172
-0.001581303
-0.001641065
-0.001655839
-0.001597349
-0.001596072
-0.001658125
-0.001666694
-0.001629908
-0.00160349
-0.001608342
-0.001631561
-0.001673987
-0.001675201
-0.001638151
-0.001600234
-0.001605081
-0.001642526
-0.001663727
-0.001682229
-0.001698327
-0.001679978
-0.001666373
-0.001675198
-0.001663619
-0.001606043
-0.001568734
-0.001612847
-0.001672434
-0.001670056
-0.001647287
-0.001668585
-0.001686993
-0.001670085
-0.001671933
-0.001713179
-0.001697243
-0.001644824
-0.001641963
-0.001666445
-0.001670587
-0.00168497
-0.001701811
-0.00171041
-0.001710785
-0.001686778
-0.001665814
-0.001711421
-0.00177454
-0.001752959
-0.001673134
-0.001673616
-0.001740898
-0.001749599
-0.001707724
-0.001669041
-0.001674038
-0.001696184
-0.001701111
-0.001718893
-0.001716358
-0.001695271
-0.001714637
-0.001759628
-0.001778086
-0.001733535
-0.001712306
-0.001773933
-0.001818448
-0.001795804
-0.001752786
-0.001761088
-0.001790061
-0.00175669
-0.001698297
-0.001695142
-0.001739549
-0.001780222
-0.001795577
-0.00177656
-0.001760802
-0.001755555
-0.001755873
-0.001797172
-0.00185889
-0.001839959
-0.001762842
-0.001729069
-0.001760108
-0.001765576
-0.001725152
-0.001720757
-0.001765328
-0.001791471
-0.001767772
-0.001726628
-0.001733999
-0.00177475
-0.001771188
-0.0017503
-0.001789894
-0.001830592
-0.001794705
-0.00175362
-0.001773169
-0.001799015
-0.001799728
-0.001795904
-0.001800293
-0.001803722
-0.001785384
-0.001765059
-0.00178501
-0.001821206
-0.001841808
-0.001842575
-0.00184312
-0.001818692
-0.001802062
-0.001842943
-0.001892317
-0.001854127
-0.001774054
-0.001740498
-0.001794044
-0.001816048
-0.00175759
-0.001720513
-0.001751299
-0.001746362
-0.001659516
-0.001585533
-0.001570916
-0.001582204
-0.001605177
-0.001623599
-0.001602559
-0.001580035
-0.001596235
-0.001651895
-0.001702727
-0.001729344
-0.001761674
-0.001800108
-0.001817218
-0.001780304
-0.001748953
-0.001745438
-0.001681602
-0.001541093
-0.00134102
-0.001131419
-0.0009922128
-0.0009194493
-0.0008889613
-0.0009287986
-0.001051759
-0.001260504
-0.001530686
-0.001796277
-0.002055137
-0.002315931
-0.002561911
-0.002806253
-0.003033287
-0.003266894
-0.003493333
-0.003657302
-0.003722184
-0.003660485
-0.003508956
-0.0032481
-0.002874287
-0.002443495
-0.001969014
-0.001461054
-0.0009218398
-0.0004509751
-0.0001151363
9.222839e-05
0.0001976627
0.0001531226
-0.0001305155
-0.0006386422
-0.001197618
-0.001701995
-0.002187752
-0.002662792
-0.003047629
-0.003272104
-0.003347296
-0.003361561
-0.00333138
-0.003168285
-0.002850941
-0.002464159
-0.002087638
-0.001732294
-0.001448154
-0.001215278
-0.0009779355
-0.0007194311
-0.0004939948
-0.0004104382
-0.0005121918
-0.0007130044
-0.0008493393
-0.0009192019
-0.001055737
-0.001268471
-0.001396848
-0.001358598
-0.001229787
-0.001081074
-0.0009426828
-0.0008346096
-0.0007126574
-0.000522242
-0.0002539947
-8.73633e-05
-0.0001864795
-0.0004780123
-0.0008185993
-0.001176479
-0.001561911
-0.002008732
-0.002555204
-0.003097621
-0.003603505
-0.004119432
-0.004555647
-0.00482085
-0.004838186
-0.004608316
-0.004195389
-0.003699138
-0.003259757
-0.002855586
-0.002357969
-0.001720463
-0.0009443569
-0.0001040464
0.0006144361
0.00102458
0.001216716
0.001378187
0.001509483
0.001488474
0.001279797
0.001000613
0.0007345269
0.0004455845
3.682237e-05
-0.000434477
-0.0008325393
-0.001152948
-0.001534961
-0.002127506
-0.002890555
-0.003763623
-0.004671635
-0.005420444
-0.005856212
-0.00600906
-0.00591776
-0.005668143
-0.005448288
-0.005339108
-0.005274424
-0.005098348
-0.004655505
-0.003889908
-0.00287664
-0.001756175
-0.0006869385
0.0002699532
0.001129189
0.001930229
0.002648533
0.003161791
0.003360943
0.003274136
0.003104153
0.002941297
0.002655653
0.002159887
0.001518162
0.0008111499
2.128469e-05
-0.0008295868
-0.001629928
-0.002354397
-0.003060674
-0.003605924
-0.003902993
-0.004068517
-0.004163591
-0.004172991
-0.004157741
-0.004148783
-0.004019113
-0.003681724
-0.003150396
-0.00254292
-0.00196735
-0.001456388
-0.0009906493
-0.0004758913
0.0001563883
0.0008892639
0.001558582
0.001959562
0.002111207
0.002299651
0.002724339
0.003285267
0.003829294
0.004386616
0.004886931
0.005033379
0.004620291
0.003674329
0.002358586
0.0008267213
-0.0009511353
-0.003082658
-0.00549219
-0.007847286
-0.009841013
-0.0114923
-0.01285645
-0.01386739
-0.01440416
-0.01440533
-0.01389366
-0.01298139
-0.01163416
-0.009574215
-0.006605197
-0.002872071
0.001312686
0.005567877
0.009611951
0.01331936
0.01646168
0.01867198
0.01979286
0.01981971
0.01874381
0.01649164
0.01321519
0.009484166
0.005667559
0.001762151
-0.00220083
-0.00583697
-0.008785328
-0.01114137
-0.0133614
-0.01557539
-0.01729807
-0.01806432
-0.01803853
-0.01782411
-0.01758281
-0.01673076
-0.01472175
-0.0117143
-0.008311794
-0.004908642
-0.001593021
0.001560802
0.004301467
0.006397981
0.007833586
0.008674275
0.008839355
0.008060634
0.006400896
0.004633391
0.003706759
0.004003443
0.005172316
0.006517238
0.007469879
0.007837421
0.007715416
0.007226066
0.006546016
0.00572315
0.004390728
0.002072017
-0.00117994
-0.004610185
-0.007385663
-0.009002507
-0.009388196
-0.008812298
-0.007749414
-0.006619549
-0.005605909
-0.004636597
-0.003591412
-0.002407568
-0.001161613
-0.000268971
-6.56263e-05
-0.0002695769
-0.0001265343
0.0008706436
0.002506462
0.004324986
0.006037661
0.007472099
0.008311179
0.008107632
0.006824785
0.004962591
0.002737451
-0.0001377898
-0.003782229
-0.007661784
-0.01093464
-0.01309476
-0.01413122
-0.01425365
-0.01353564
-0.0120127
-0.009790464
-0.006978392
-0.003772398
-0.0007205054
0.001514079
0.00270983
0.003251293
0.003629911
0.003974471
0.004130772
0.004149685
0.004406554
0.005198717
0.006632816
0.008633739
0.01067202
0.01160828
0.01051953
0.007486481
0.003539572
-1.413512e-05
-0.002367426
-0.003672746
-0.004700175
-0.006023562
-0.007408434
-0.008172271
-0.008053981
-0.007459079
-0.006857081
-0.006528098
-0.00678243
-0.007646285
-0.00859963
-0.008849998
-0.008141937
-0.006867662
-0.005274913
-0.003123625
-0.0004261333
0.002285183
0.00439843
0.005653714
0.006414138
0.0071535
0.007816602
0.008024996
0.007716555
0.00702948
0.005798965
0.003852048
0.001624616
-9.609493e-05
-0.0009217685
-0.001255583
-0.001709714
-0.002370474
-0.002947088
-0.003380619
-0.004135405
-0.005831837
-0.008441692
-0.01116801
-0.01295791
-0.01333397
-0.01268092
-0.01161032
-0.01038331
-0.008818126
-0.00658666
-0.003443843
0.0003276929
0.003777998
0.006047526
0.007268074
0.008489415
0.01060485
0.01344699
0.01609391
0.01762707
0.01772798
0.01677224
0.01516033
0.01283186
0.009582144
0.005554592
0.001153522
-0.003416695
-0.008015471
-0.01209852
-0.0150962
-0.01721537
-0.01895056
-0.02010892
-0.01993994
-0.01813859
-0.01538887
-0.01253444
-0.009564207
-0.005939241
-0.001543297
0.003158677
0.007705212
0.01218681
0.01707206
0.02246793
0.02794993
0.03266283
0.03542596
0.03537802
0.03240493
0.0272441
0.02104234
0.0147224
0.008710938
0.002898175
-0.003156264
-0.009852351
-0.01688935
-0.0230003
-0.02675265
-0.02765844
-0.02654108
-0.02481822
-0.02359089
-0.02313
-0.0228155
-0.02158525
-0.01884207
-0.01508227
-0.01138933
-0.008035163
-0.004222226
0.0006933202
0.006560227
0.01291422
0.01937486
0.02535735
0.03016413
0.03326759
0.03422738
0.03245696
0.02760513
0.02036379
0.01262944
0.0063669
0.002109208
-0.001309088
-0.005440219
-0.01078594
-0.01652469
-0.02126781
-0.02411267
-0.02538677
-0.02624061
-0.02757979
-0.02949597
-0.0315583
-0.03289336
-0.03233702
-0.02898071
-0.02273272
-0.01442235
-0.005231817
0.004046497
0.01302796
0.02126971
0.02808723
0.03294716
0.03594519
0.0375091
0.03758234
0.03563052
0.03157342
0.02642838
0.02150214
0.01707041
0.01236274
0.006768673
0.0004186248
-0.00611316
-0.01220651
-0.01732867
-0.02122642
-0.0244336
-0.0281178
-0.03300958
-0.03856547
-0.04317006
-0.04488192
-0.04227718
-0.03532802
-0.0257567
-0.01614225
-0.008274354
-0.002203072
0.003208259
0.009038524
0.01536615
0.02134562
0.02583444
0.02793347
0.02752711
0.02534007
0.02235635
0.01943645
0.01704731
0.01500713
0.01247433
0.008387531
0.002334886
-0.005009102
-0.0123947
-0.0189547
-0.02444154
-0.02866963
-0.03114823
-0.03145813
-0.02983574
-0.02690933
-0.0232324
-0.01924341
-0.01506296
-0.01011345
-0.003514757
0.004709041
0.01322071
0.0204121
0.02569852
0.0294913
0.03217483
0.03382915
0.0346823
0.03514871
0.03514528
0.03397979
0.03090603
0.0258598
0.0194595
0.01248952
0.005663541
-0.0004291344
-0.005709095
-0.01061517
-0.01544836
-0.01996438
-0.02369206
-0.02630118
-0.02759306
-0.027502
-0.02645088
-0.02524275
-0.02418173
-0.0226145
-0.0195901
-0.01480523
-0.008732234
-0.002200584
0.003825209
0.00857258
0.01212964
0.01527405
0.01840691
0.02110278
0.02268932
0.02308141
0.02263164
0.0213973
0.0193638
0.01715329
0.01562948
0.01486064
0.01385592
0.01140548
0.007519228
0.003492653
0.0003903868
-0.001907499
-0.004209939
-0.007083107
-0.01051274
-0.01420706
-0.0174657
-0.01925217
-0.01906709
-0.01753179
-0.01563362
-0.01358218
-0.0111229
-0.008325477
-0.005312591
-0.002015727
0.001287022
0.003657825
0.004589296
0.005235617
0.00739556
0.01138671
0.01552914
0.01797467
0.01856356
0.0183656
0.01797613
0.01686625
0.01426215
0.0101891
0.005428887
0.000677025
-0.00401584
-0.008964419
-0.01418944
-0.01926185
-0.02331018
-0.0250883
-0.02372259
-0.01961603
-0.01453092
-0.01036291
-0.00750538
-0.004803772
-0.001271288
0.00274398
0.006087055
0.008168938
0.009138534
0.009327575
0.009000604
0.008332396
0.007182638
0.005287165
0.003201224
0.002373531
0.003453469
0.004974778
0.004693552
0.002022462
-0.001813012
-0.005522223
-0.008255402
-0.00881805
-0.006454168
-0.002540178
0.0002848841
0.001083639
0.001548215
0.003516053
0.0065971
0.008835948
0.008982839
0.007378101
0.00517346
0.003076057
0.001111639
-0.0006465357
-0.00175455
-0.002066838
-0.002359413
-0.003599125
-0.00561901
-0.007110584
-0.007147404
-0.006030048
-0.004309943
-0.002177816
6.618194e-05
0.002036288
0.004150372
0.007436151
0.01223559
0.01781589
0.02305801
0.02680186
0.02780923
0.02539248
0.02038565
0.01478
0.01016619
0.006774877
0.00374165
-0.0002347836
-0.005792293
-0.01199438
-0.01700018
-0.01978403
-0.02072773
-0.02075895
-0.02050905
-0.01984302
-0.01805777
-0.01460766
-0.009719792
-0.004208976
0.001362482
0.006908656
0.01220736
0.01638776
0.01838721
0.01829378
0.01770329
0.01800479
0.01876532
0.01821385
0.01522573
0.01031848
0.00458893
-0.001351115
-0.007218801
-0.01248756
-0.01671755
-0.02004142
-0.02243161
-0.02260775
-0.01908089
-0.01240757
-0.005422732
-0.0006930328
0.00160577
0.003053613
0.004953992
0.007147885
0.00875775
0.009485239
0.009950506
0.01102462
0.01311053
0.01619159
0.02022653
0.02494639
0.02913126
0.03127852
0.03079963
0.0280877
0.02373646
0.01825906
0.01239816
0.007044023
0.002576687
-0.001063277
-0.003902445
-0.006068068
-0.00779209
-0.00905296
-0.009766802
-0.01017798
-0.0107252
-0.01150548
-0.01242268
-0.01380869
-0.01571094
-0.0172164
-0.01729741
-0.0158948
-0.01363085
-0.01096573
-0.007967925
-0.004663172
-0.001095651
0.00293624
0.007605299
0.01242491
0.01616215
0.01783434
0.01777066
0.01723761
0.01693838
0.01618451
0.01403911
0.01084097
0.007981349
0.00610995
0.004267405
0.001503773
-0.001226067
-0.001942423
-0.0004552797
0.001026277
0.0004141461
-0.002154589
-0.005181724
-0.007789374
-0.009872345
-0.01120572
-0.01134661
-0.01017879
-0.008030645
-0.005008156
-0.0008932966
0.003870528
0.007928014
0.01024655
0.01110257
0.01149158
0.01192656
0.01206819
0.01151449
0.01047866
0.009700877
0.009728598
0.009889029
0.008856135
0.006489135
0.004645301
0.005578405
0.00898531
0.01150109
0.01028956
0.006307369
0.002873744
0.001243212
-0.0004602375
-0.003823973
-0.007575638
-0.009663921
-0.01046206
-0.0120074
-0.01470358
-0.0165672
-0.01589565
-0.01305387
-0.009309593
-0.005488395
-0.002345959
-0.000503362
0.0004499268
0.001778315
0.004083853
0.006329005
0.006964694
0.005940112
0.00499498
0.006049678
0.009636378
0.01445783
0.01812933
0.01914175
0.01867922
0.01968827
0.02358296
0.02799744
0.02906136
0.02584595
0.02102804
0.01715306
0.01422886
0.0112803
0.008093598
0.004844977
0.001399608
-0.002128764
-0.004779172
-0.005578801
-0.004879512
-0.004139159
-0.004406014
-0.00520313
-0.005241837
-0.004090297
-0.002663222
-0.001645514
-0.0001351976
0.00329357
0.008421379
0.01354794
0.01745681
0.02007568
0.02161269
0.02199499
0.02121401
0.01958403
0.01737418
0.01437233
0.01010572
0.004712391
-0.0004745656
-0.003881561
-0.004935657
-0.00417652
-0.002507068
-0.0007879339
0.0002882154
0.0001780018
-0.001313581
-0.003535768
-0.005123101
-0.004907398
-0.002990051
-0.0006057115
0.001830512
0.005914593
0.01317296
0.02218036
0.02911714
0.0314462
0.03003361
0.02714986
0.02359756
0.01864999
0.0120984
0.005072638
-0.0007626965
-0.003762187
-0.002730607
0.001610451
0.006137081
0.007627561
0.005894411
0.003724677
0.003493311
0.005058572
0.00704517
0.008755077
0.01013841
0.01062428
0.009273863
0.006386281
0.003744711
0.0029198
0.004201504
0.007284311
0.01165545
0.01567011
0.01670441
0.01378326
0.009366436
0.006987437
0.00732087
0.007870548
0.006802564
0.005382497
0.00568919
0.007216851
0.007448806
0.005729854
0.004686209
0.006693803
0.01015648
0.01096913
0.007398768
0.00168782
-0.0031482
-0.006517824
-0.009986184
-0.01503731
-0.02180255
-0.02887705
-0.0333381
-0.03179555
-0.02307494
-0.01024338
0.001310276
0.008282783
0.01122318
0.01184846
0.01003732
0.004946003
-0.001819996
-0.006374471
-0.006222093
-0.002576531
0.00130457
0.003323072
0.00389421
0.004735945
0.006770986
0.009413016
0.01157662
0.01244669
0.0114135
0.008405036
0.004952279
0.003153955
0.002862149
0.002045209
0.0008677503
0.002894199
0.0100307
0.01843882
0.02232768
0.0210124
0.01915027
0.02042017
0.024069
0.02756038
0.02985837
0.0311685
0.03154869
0.03106561
0.03044252
0.03058677
0.03170256
0.0332885
0.03464322
0.03506646
0.0340726
0.0317837
0.02885592
0.0255475
0.02148389
0.01649478
0.01055711
0.002896927
-0.007600719
-0.01982645
-0.02991311
-0.03500658
-0.03666896
-0.03921113
-0.04436503
-0.04888574
-0.04824916
-0.04191413
-0.03326219
-0.02486943
-0.0165564
-0.008175534
-0.001426637
0.002484211
0.005282122
0.01020955
0.0187679
0.02949944
0.03963465
0.04721179
0.05153115
0.05234542
0.0498244
0.04532731
0.0406095
0.03619764
0.03149514
0.02608412
0.02023416
0.0141279
0.00794279
0.002836537
0.0004854676
0.001192338
0.002952518
0.003181433
0.001125204
-0.001664689
-0.003042038
-0.001872253
0.00170135
0.006486206
0.01079549
0.01324287
0.01374907
0.01407646
0.01646566
0.02107082
0.0254547
0.02744
0.02772451
0.02832791
0.02961564
0.03012513
0.02873644
0.02589688
0.02261929
0.01943077
0.01651154
0.01410557
0.01190532
0.009040991
0.00562
0.003531638
0.004129281
0.005805268
0.005384171
0.001801179
-0.003011182
-0.006824142
-0.00927006
-0.01100112
-0.0118611
-0.01117293
-0.009172734
-0.007033403
-0.005567553
-0.004977736
-0.00561902
-0.008089146
-0.01250292
-0.01793124
-0.02278157
-0.02581515
-0.02613107
-0.02314503
-0.0171164
-0.009269356
-0.001139132
0.006352516
0.01322447
0.01946444
0.02399259
0.02572657
0.02583857
0.02754312
0.03222691
0.03726654
0.03910748
0.03679627
0.03120291
0.02289158
0.01302326
0.004312144
-0.00126369
-0.004862278
-0.009350625
-0.01595312
-0.02348442
-0.03043408
-0.03622316
-0.04005951
-0.04008883
-0.03492358
-0.0262934
-0.01932068
-0.01872122
-0.0239061
-0.02879376
-0.02810688
-0.02260816
-0.01675318
-0.01343846
-0.01272318
-0.01365209
-0.01534747
-0.01726493
-0.01949272
-0.02213317
-0.02428933
-0.02476961
-0.02355391
-0.02146135
-0.01850709
-0.01387501
-0.00762882
-0.001354753
0.003456483
0.006816675
0.009714425
0.01342534
0.01905527
0.02611682
0.03182311
0.03338635
0.0311443
0.02807362
0.02634781
0.0261477
0.02707864
0.02885296
0.03059902
0.03084109
0.02881469
0.02474446
0.01870059
0.01040648
0.0005671544
-0.008610701
-0.01524855
-0.01983139
-0.0245291
-0.03067256
-0.03743389
-0.04267536
-0.0443307
-0.0412682
-0.03419266
-0.02626267
-0.0212236
-0.01982271
-0.01911109
-0.0161625
-0.01131622
-0.006509916
-0.001977021
0.003378181
0.00960964
0.01543634
0.01945862
0.0203676
0.01738346
0.01194305
0.007631408
0.00693207
0.008768324
0.009919269
0.008664182
0.00644473
0.005766188
0.006919705
0.007625486
0.006233664
0.003627986
0.001547702
0.0004759371
-6.457732e-05
0.0002506572
0.002644602
0.007368828
0.012793
0.01705174
0.01968682
0.02105527
0.02108723
0.01936405
0.01626667
0.01289721
0.009610033
0.005576513
-0.0001430568
-0.007124339
-0.01324594
-0.01610385
-0.01529682
-0.01321616
-0.01252711
-0.01310476
-0.01252274
-0.009245048
-0.004085666
0.001204772
0.005506738
0.008215465
0.00861874
0.006057278
0.0009819051
-0.004436647
-0.007305506
-0.006178341
-0.002377771
0.001112426
0.001987117
-0.000137017
-0.004044383
-0.007762984
-0.009670544
-0.009752278
-0.01000904
-0.01247834
-0.01695179
-0.02127626
-0.02352346
-0.02319449
-0.02088106
-0.01745297
-0.01339869
-0.009129798
-0.005568371
-0.003706948
-0.00390589
-0.00576308
-0.00806478
-0.009073042
-0.007743627
-0.005060115
-0.003253203
-0.003030768
-0.002475523
0.0002998258
0.004731411
0.008975723
0.01190033
0.01286926
0.0109396
0.005957686
-9.247325e-05
-0.004408335
-0.006277197
-0.00763052
-0.01041662
-0.01423963
-0.01694125
-0.01708645
-0.01525518
-0.01327704
-0.01287087
-0.01444661
-0.0165608
-0.01680347
-0.01386862
-0.008658957
-0.003430711
5.224971e-05
0.002010701
0.004063328
0.007208104
0.01096881
0.01449996
0.01751197
0.0198471
0.0210375
0.02037153
0.01729778
0.01221719
0.006503218
0.001373735
-0.003038317
-0.007362501
-0.01208569
-0.01735808
-0.02301279
-0.02820411
-0.03157308
-0.03249337
-0.0313866
-0.02842034
-0.0230367
-0.01579456
-0.00931251
-0.005621647
-0.003910967
-0.00184582
0.002253009
0.008723209
0.01675283
0.02455308
0.03018371
0.03256997
0.03171347
0.0285703
0.02485693
0.02220669
0.0206595
0.01858409
0.01440436
0.008353873
0.00246025
-0.001320525
-0.002637032
-0.002367545
-0.001305013
-7.928007e-05
0.0002724326
-0.0009976263
-0.003529284
-0.006262822
-0.008410918
-0.009470148
-0.008899441
-0.006607508
-0.003377747
-0.0005559079
0.001069127
0.002068365
0.003642528
0.00616556
0.008574146
0.009191512
0.007250752
0.003546185
-0.0002834898
-0.002854341
-0.003376141
-0.001259267
0.003680776
0.009920894
0.01430769
0.01469096
0.01223943
0.01008928
0.009482492
0.008763918
0.006487738
0.003791174
0.003034203
0.004672299
0.006405314
0.00581007
0.003132728
0.0009270466
0.001164712
0.003388612
0.005646282
0.006108686
0.003923969
-0.0004826991
-0.005561006
-0.009255272
-0.01012886
-0.008389497
-0.005596955
-0.002978886
-0.0003566697
0.002763368
0.005778965
0.007554548
0.007615723
0.006320078
0.004539848
0.003516858
0.003994566
0.004846963
0.003791475
8.766704e-05
-0.00462206
-0.008748359
-0.01250337
-0.01634259
-0.01922231
-0.01965909
-0.01801695
-0.01616241
-0.01501395
-0.0135826
-0.0107798
-0.007165287
-0.004400214
-0.003470478
-0.003786059
-0.004074264
-0.003573649
-0.002247089
-0.0001873655
0.002526339
0.005458878
0.008167309
0.01074208
0.01325535
0.01496475
0.0155853
0.01666686
0.01969807
0.02327213
0.02403769
0.0206303
0.01530877
0.01144636
0.01077692
0.0133513
0.01805095
0.02240982
0.02346077
0.02033167
0.01527171
0.01144747
0.01037889
0.01180447
0.01479109
0.017649
0.01800841
0.01444767
0.007922693
0.001155662
-0.003117865
-0.003660064
-0.001493654
0.0008693582
0.001741402
0.001408324
0.001232324
0.002139294
0.004183156
0.007132603
0.01060781
0.01369732
0.01514982
0.01449369
0.01249077
0.01035855
0.009124039
0.009620767
0.0121887
0.01598178
0.01918104
0.02028384
0.01912441
0.01682529
0.01479092
0.01359093
0.01268207
0.01106405
0.008371949
0.005387092
0.003191994
0.00185807
0.0005086305
-0.00137704
-0.003338692
-0.004825587
-0.006166983
-0.007885659
-0.009743335
-0.01123081
-0.01236009
-0.01311799
-0.01269268
-0.009958733
-0.004618394
0.00236696
0.009196781
0.01435631
0.01782747
0.02092108
0.02438207
0.02720871
0.02769879
0.02561386
0.02252813
0.02004261
0.01851289
0.01727194
0.01552623
0.01297203
0.009444359
0.004724232
-0.0009779352
-0.006897953
-0.01228632
-0.01674551
-0.02041332
-0.02397388
-0.02790633
-0.03150591
-0.0330039
-0.03109647
-0.0263221
-0.02104117
-0.01764328
-0.01639469
-0.01581173
-0.01485627
-0.01370783
-0.01252339
-0.01082339
-0.008328268
-0.005719722
-0.004026059
-0.003481184
-0.003220103
-0.002512688
-0.001804728
-0.002005279
-0.003501777
-0.006306456
-0.01063055
-0.01665216
-0.02373775
-0.030522
-0.03599861
-0.04035995
-0.0442061
-0.04699976
-0.04726031
-0.0444756
-0.03998531
-0.03553456
-0.0315983
-0.02741911
-0.02212969
-0.01555895
-0.008408134
-0.001992128
0.00259837
0.005404805
0.007629672
0.01079867
0.01528256
0.0194753
0.02090062
0.01882538
0.01513823
0.01192539
0.009284022
0.00634821
0.003312282
0.001222783
0.0001832297
-0.001189328
-0.00436142
-0.009386084
-0.01473145
-0.01859881
-0.02047337
-0.02123824
-0.02226718
-0.02428781
-0.02656795
-0.02724447
-0.02505189
-0.02059328
-0.01538755
-0.009882368
-0.003321566
0.004063859
0.009875356
0.01181492
0.01068065
0.00996073
0.01248852
0.01810059
0.02429158
0.02834714
0.02911036
0.02718765
0.02405551
0.02108155
0.01865799
0.01571158
0.01051489
0.002799068
-0.005300779
-0.01101868
-0.01380966
-0.01556693
-0.01751006
-0.01824949
-0.01621058
-0.01287045
-0.01149972
-0.01300703
-0.01502751
-0.01512813
-0.01330059
-0.01084104
-0.008377986
-0.006178652
-0.004912409
-0.004643819
-0.003852713
-0.001048685
0.003040267
0.006070658
0.006595191
0.00520931
0.003245313
0.001371496
-0.0002789807
-0.001395003
-0.001422029
-0.0002406915
0.001288695
0.001622168
0.0002800744
-0.001165674
-0.001027461
2.592332e-05
8.845518e-05
-0.0008852118
-0.001183007
-0.000442813
1.15052e-05
-0.0001463596
0.0004648956
0.002383273
0.003951817
0.003849151
0.003324626
0.004316311
0.006644155
0.00863269
0.009589142
0.01015785
0.0106756
0.01063054
0.009508277
0.007616253
0.006232244
0.007110263
0.01068347
0.01462655
0.01593678
0.01433843
0.01195426
0.01019354
0.009026598
0.008735769
0.01016837
0.01244288
0.01241564
0.008257145
0.002093565
-0.002744321
-0.006020267
-0.01027655
-0.01676523
-0.02360486
-0.02858009
-0.03177931
-0.03453925
-0.0366733
-0.03621944
-0.03231821
-0.027034
-0.02298625
-0.02032712
-0.01742316
-0.01341404
-0.009011978
-0.005581097
-0.004153669
-0.004599889
-0.005633851
-0.005860378
-0.004608292
-0.001815424
0.001855031
0.004840535
0.006022082
0.005897452
0.005036269
0.001863051
-0.006139013
-0.018886
-0.03251626
-0.04269027
-0.04862479
-0.05287105
-0.0575484
-0.06250131
-0.06684827
-0.07053937
-0.07407756
-0.07769763
-0.08128754
-0.08437713
-0.08573385
-0.08371297
-0.07785713
-0.06978698
-0.06093489
-0.04939007
-0.03173561
-0.008692115
0.01445943
0.03320186
0.04688854
0.05713491
0.06537554
0.07212202
0.07742597
0.0813104
0.08383846
0.08481038
0.08277671
0.07540085
0.06205531
0.04526256
0.02887991
0.01548631
0.005884814
-0.0003472934
-0.004406689
-0.00744239
-0.01043697
-0.01449393
-0.01968446
-0.02373621
-0.02352586
-0.01825937
-0.01060847
-0.00403169
0.0002502857
0.002492441
0.00271447
0.001673476
0.001551429
0.00373457
0.006988813
0.008222589
0.004552775
-0.004557044
-0.01663405
-0.02797529
-0.03617363
-0.04105568
-0.04324792
-0.04214995
-0.03640847
-0.02622732
-0.01381714
-0.001331244
0.01064751
0.02186915
0.03053854
0.03477553
0.03564971
0.03596386
0.03532564
0.03024857
0.02050242
0.01195556
0.01032578
0.01413986
0.01687786
0.01403187
0.005829759
-0.005133367
-0.01590974
-0.02329595
-0.02492691
-0.02118404
-0.01518381
-0.01011575
-0.007163643
-0.005718505
-0.004597883
-0.002754482
0.0003459875
0.004078319
0.007006118
0.008152789
0.007465844
0.005170395
0.001861095
-0.001128756
-0.00245688
-0.00218064
-0.001753275
-0.002199228
-0.003345331
-0.004890212
-0.007109495
-0.01026793
-0.01421369
-0.01885778
-0.02429445
-0.03013463
-0.03539121
-0.03943048
-0.04284277
-0.04688098
-0.05228272
-0.05913674
-0.06696702
-0.07446601
-0.08000844
-0.08289124
-0.08367323
-0.08303635
-0.08085356
-0.07694567
-0.07192601
-0.06693188
-0.06220769
-0.05630886
-0.04737366
-0.03540017
-0.02254224
-0.01101154
-0.001565617
0.006049081
0.01238418
0.01804641
0.02327647
0.02750734
0.02940404
0.02768266
0.02194384
0.01283427
0.001623843
-0.0101175
-0.02107832
-0.03135935
-0.04235231
-0.05482082
-0.06818758
-0.08181262
-0.09521721
-0.1073332
-0.1169451
-0.1237011
-0.1280094
-0.1297946
-0.1281511
-0.1223821
-0.1130353
-0.1019465
-0.09140228
-0.08287844
-0.07604706
-0.06918949
-0.06050608
-0.04926604
-0.03675294
-0.02585773
-0.01853473
-0.01393231
-0.009324962
-0.002609597
0.00602203
0.01435056
0.02000381
0.02240547
0.02293637
0.0231248
0.02310709
0.02226835
0.02049722
0.01847307
0.01738268
0.0182653
0.02096646
0.02382127
0.02458988
0.0222743
0.01832283
0.01511801
0.01293993
0.009897806
0.005505299
0.00229688
0.002287856
0.003157145
4.086433e-05
-0.008864845
-0.01976749
-0.02693093
-0.02789268
-0.02455692
-0.02013828
-0.01573989
-0.009639713
0.0002153229
0.01344241
0.02745168
0.03978771
0.04990355
0.05917687
0.07004962
0.08425034
0.1006082
0.1150689
0.1237769
0.1256253
0.1215189
0.1122434
0.09781362
0.0788258
0.05787866
0.03856604
0.02234051
0.007209652
-0.00970925
-0.02869789
-0.04719864
-0.0632473
-0.07841328
-0.09640354
-0.1184606
-0.1408001
-0.1568679
-0.1617376
-0.1545707
-0.1376529
-0.1141962
-0.08689402
-0.05741122
-0.02643552
0.005163687
0.03553269
0.0620593
0.0815621
0.09136745
0.09206727
0.0884648
0.08574685
0.08465784
0.08212444
0.07596003
0.06659681
0.05527192
0.04294499
0.03025512
0.01702258
0.002267818
-0.01422072
-0.03081652
-0.04459718
-0.05330362
-0.05723423
-0.05840267
-0.05736332
-0.05223237
-0.04167709
-0.02759715
-0.01379511
-0.002998247
0.004778969
0.01193144
0.02077703
0.03039249
0.03616814
0.03397118
0.02504168
0.01564989
0.01152587
0.01328021
0.01735679
0.0195713
0.01698381
0.008995468
-0.001546206
-0.01017768
-0.01462041
-0.01574761
-0.01521696
-0.01348156
-0.009792639
-0.003696092
0.00315579
0.007496751
0.008030314
0.007216297
0.008351949
0.01265983
0.01907303
0.02453813
0.0250595
0.01855392
0.006948368
-0.00577523
-0.01697747
-0.0263728
-0.03500846
-0.04367289
-0.05192606
-0.0583038
-0.06160886
-0.06189852
-0.06018896
-0.05691378
-0.05108974
-0.04210378
-0.03111407
-0.01913557
-0.00563408
0.009188921
0.02333883
0.03625155
0.05032198
0.0667142
0.08149799
0.08866328
0.08676761
0.08005413
0.07295859
0.06584168
0.05623907
0.04198514
0.02304568
0.002287378
-0.01498087
-0.02456622
-0.02779755
-0.03092976
-0.03855115
-0.0483076
-0.05330171
-0.04953503
-0.03970825
-0.02983847
-0.02360557
-0.02015705
-0.01596804
-0.008241589
0.002891875
0.01480922
0.02440028
0.02969652
0.03052404
0.02837839
0.02503383
0.02068482
0.0140302
0.004797376
-0.004646241
-0.01136443
-0.01539651
-0.01961685
-0.02546866
-0.03062011
-0.03233233
-0.03113274
-0.02915511
-0.02704654
-0.02479501
-0.02337401
-0.02342114
-0.02332189
-0.02096474
-0.01680832
-0.01357069
-0.01320111
-0.01450183
-0.01410604
-0.0103289
-0.005436038
-0.00308747
-0.004458508
-0.007697691
-0.01015785
-0.01022907
-0.007972481
-0.005059623
-0.003664177
-0.004929753
-0.007994375
-0.0106191
-0.01088488
-0.008958403
-0.006951404
-0.006041841
-0.004739969
-0.0009114111
0.005358707
0.01222384
0.01879732
0.02609991
0.03510067
0.04496206
0.05383439
0.060502
0.06417208
0.06394324
0.06037122
0.0567372
0.05633257
0.05805953
0.05660897
0.04814704
0.03462558
0.02202129
0.01531477
0.01481391
0.01537024
0.009894889
-0.004001509
-0.02114839
-0.03413183
-0.04037288
-0.04226245
-0.04202373
-0.03937641
-0.03435767
-0.02902781
-0.0247573
-0.02036569
-0.01368794
-0.003506084
0.009835262
0.0234566
0.03242022
0.03347344
0.02783438
0.02019914
0.01616115
0.01944906
0.02918809
0.03936087
0.04238984
0.03500763
0.02103905
0.008042056
0.001362148
0.001436087
0.005149378
0.008352062
0.008319067
0.005148149
0.001116152
-0.00145952
-0.001733212
-0.0001872315
0.002328956
0.004945168
0.006604093
0.007014854
0.007712165
0.01128999
0.01902557
0.02883842
0.0361262
0.03750249
0.03364241
0.02760908
0.02138624
0.01596212
0.01341713
0.01549511
0.01994598
0.02136175
0.01675507
0.008536483
0.0008372754
-0.005503003
-0.01260481
-0.02122826
-0.02891132
-0.03251858
-0.03141929
-0.02777736
-0.0241288
-0.02076333
-0.0160904
-0.009461591
-0.001885167
0.005993501
0.01436062
0.0225145
0.02931194
0.03588478
0.04575151
0.06133652
0.08158423
0.1026621
0.1197736
0.1292002
0.130622
0.1278601
0.125539
0.1240969
0.1189544
0.1055188
0.08464451
0.06248034
0.04499424
0.03334481
0.02427494
0.01344353
-0.002218015
-0.02324522
-0.04647154
-0.06630877
-0.07894096
-0.08433887
-0.08477318
-0.083813
-0.08497466
-0.08833905
-0.08960453
-0.08447135
-0.07300313
-0.05850898
-0.04396908
-0.03104831
-0.02034835
-0.01029832
0.002540017
0.01992948
0.03918097
0.05539963
0.06626693
0.07344347
0.07960662
0.08525272
0.0889017
0.08906871
0.08531348
0.07866935
0.0711788
0.06393656
0.05639124
0.04869566
0.04295025
0.04086873
0.04105065
0.04015379
0.03690894
0.03345067
0.03193447
0.03162625
0.03040653
0.02725652
0.02261802
0.01809008
0.01608264
0.01804541
0.02272354
0.0270392
0.02847256
0.0261559
0.0210314
0.0158606
0.01365249
0.01480298
0.01647194
0.01598209
0.0142062
0.01406557
0.01634944
0.01943736
0.02215473
0.02417262
0.02450988
0.0223569
0.01917877
0.01777939
0.01914062
0.02176825
0.02398475
0.02510113
0.02475541
0.02266759
0.01869984
0.01196051
0.0008434999
-0.01469859
-0.03184435
-0.04664978
-0.056652
-0.06208314
-0.06478416
-0.0662228
-0.06688191
-0.06642713
-0.06387582
-0.05846718
-0.05117864
-0.04432267
-0.0387767
-0.03303127
-0.02589206
-0.01867727
-0.0138887
-0.01276841
-0.01468435
-0.01729254
-0.01683871
-0.01058949
6.390619e-07
0.009460745
0.01209022
0.005943293
-0.005944344
-0.01814909
-0.02691373
-0.03209211
-0.03626935
-0.04234419
-0.05111858
-0.06097028
-0.07010567
-0.0782234
-0.08518481
-0.0890989
-0.08688483
-0.07691098
-0.06099082
-0.04344555
-0.02846752
-0.01788029
-0.01040404
-0.003382922
0.004631379
0.01369301
0.02377062
0.03404476
0.04161449
0.04323006
0.03887068
0.03211725
0.02706024
0.02547
0.02625615
0.02614343
0.02176157
0.01299484
0.003526867
-0.002889015
-0.005527246
-0.005426727
-0.003367693
6.776756e-05
0.004400666
0.009536738
0.01488381
0.01843729
0.01799895
0.01363276
0.007830381
0.003144124
0.0003111432
-0.001002485
-0.001141913
-0.0006603033
-0.0004924673
-0.001994323
-0.006876483
-0.01590886
-0.02746565
-0.03847049
-0.04654204
-0.05122326
-0.05397538
-0.05690083
-0.06040321
-0.06208058
-0.05908028
-0.05176503
-0.04416649
-0.0397854
-0.03800856
-0.03596929
-0.03269466
-0.029853
-0.02953929
-0.03226622
-0.03623738
-0.03802393
-0.03457664
-0.02541681
-0.0133515
-0.003050821
0.002531656
0.004727359
0.007082514
0.0108966
0.01465471
0.01735872
0.02001493
0.0236218
0.02726747
0.02963995
0.03219849
0.03815241
0.04708661
0.05286319
0.04911589
0.03583115
0.01877862
0.003436002
-0.008613926
-0.01742845
-0.02226875
-0.02326877
-0.02256783
-0.02220865
-0.02253109
-0.02321746
-0.02402696
-0.0242147
-0.02271428
-0.01923392
-0.01401289
-0.006247043
0.005711101
0.02164481
0.03849637
0.0532346
0.06469412
0.07252372
0.07716036
0.08109324
0.08768548
0.09794781
0.1090239
0.115718
0.1143986
0.1066572
0.09820319
0.09261569
0.08709164
0.07540674
0.05448191
0.02740864
0.0009921341
-0.01911506
-0.03206262
-0.04093488
-0.04791679
-0.05232755
-0.05341992
-0.05253032
-0.05182662
-0.0525192
-0.05403005
-0.0534574
-0.04681188
-0.03322302
-0.01715607
-0.003555012
0.009047686
0.02727126
0.05451679
0.08694056
0.1174831
0.1410529
0.1557037
0.1612086
0.1586738
0.1513121
0.1430958
0.1350399
0.1242662
0.1083768
0.0891836
0.06977572
0.04970027
0.02610827
-0.00155223
-0.03090478
-0.05987226
-0.08841686
-0.1164673
-0.1416267
-0.1617548
-0.1779679
-0.1922516
-0.2039152
-0.2100834
-0.2081718
-0.1976415
-0.1809991
-0.1623801
-0.144065
-0.1252286
-0.1045391
-0.08228982
-0.05943993
-0.03680178
-0.01623543
8.160529e-05
0.01263324
0.02395049
0.03466631
0.04247983
0.04493467
0.04127825
0.03187257
0.01865832
0.005471271
-0.005230883
-0.01470224
-0.02537628
-0.03772745
-0.05008362
-0.06000982
-0.06629851
-0.0693383
-0.06967084
-0.06797225
-0.06637565
-0.06792136
-0.07326907
-0.07864747
-0.07873115
-0.07092121
-0.05594827
-0.03640293
-0.01609235
0.001980841
0.01759648
0.03208532
0.04588297
0.05782709
0.06575706
0.06786331
0.06460429
0.05918919
0.05540326
0.05439448
0.05405375
0.05176967
0.04690035
0.04064515
0.03418307
0.02719713
0.01808072
0.005740199
-0.008538973
-0.02143013
-0.0297326
-0.03179548
-0.02782374
-0.01967776
-0.009774679
0.0004480278
0.01104241
0.02239176
0.03404916
0.04513816
0.05498023
0.06309685
0.06930856
0.07422889
0.07909768
0.08387609
0.08548531
0.07978064
0.06652595
0.05097227
0.03906267
0.03228558
0.02752263
0.02051478
0.009577189
-0.003445485
-0.01560835
-0.02571754
-0.03481065
-0.04430823
-0.05355947
-0.05961318
-0.05924406
-0.05082194
-0.03527349
-0.01645442
0.001010985
0.01548843
0.02904377
0.04410222
0.06056549
0.07662891
0.09091464
0.1023092
0.1087917
0.1085825
0.1025574
0.09393167
0.08525727
0.07672775
0.06783734
0.05908557
0.05156748
0.04625408
0.04308907
0.03989875
0.03332366
0.02151517
0.005990222
-0.009222824
-0.01962781
-0.02238673
-0.01827746
-0.01116248
-0.004590819
0.0004731947
0.004518222
0.007377494
0.008427393
0.00816763
0.008493261
0.01076366
0.01415213
0.01677797
0.01798978
0.01850178
0.01848283
0.01671576
0.01186383
0.004084609
-0.00513428
-0.01442047
-0.02320502
-0.0308987
-0.0358621
-0.03598277
-0.03038315
-0.02008879
-0.007605342
0.003766562
0.01131373
0.01434095
0.01433685
0.0137019
0.01357859
0.01254143
0.008465277
0.001544313
-0.00530559
-0.008651208
-0.006966173
-0.001588044
0.003978702
0.006034013
0.002730231
-0.005356775
-0.01601618
-0.02614487
-0.03282883
-0.03484877
-0.03305249
-0.02908387
-0.02411232
-0.01879083
-0.01358146
-0.008853229
-0.005236329
-0.003607319
-0.00446466
-0.007129671
-0.009655538
-0.01006188
-0.008119622
-0.005777271
-0.006037394
-0.01079036
-0.01916173
-0.0284918
-0.03699733
-0.0444803
-0.05095258
-0.05595776
-0.05946524
-0.06217041
-0.06436222
-0.06513735
-0.06288517
-0.05617618
-0.04516443
-0.03252111
-0.02150897
-0.01308173
-0.005953651
0.000986771
0.007190465
0.01116041
0.01204563
0.0107865
0.01000709
0.01257749
0.01999315
0.0316204
0.04500011
0.0573481
0.06744983
0.07595382
0.08345737
0.08864795
0.08890317
0.0824466
0.06975706
0.0537046
0.03895694
0.0294173
0.02444614
0.01899297
0.009227604
-0.003135424
-0.01332331
-0.01887047
-0.02116315
-0.02329057
-0.02783364
-0.03609105
-0.04726764
-0.05838539
-0.0661834
-0.06867746
-0.06478214
-0.05438566
-0.03969261
-0.02504513
-0.01388413
-0.006454006
-0.001426132
0.002387414
0.006316483
0.01123578
0.01592774
0.01785148
0.01614849
0.01288994
0.01100556
0.01163807
0.0132889
0.0129802
0.008514523
0.0001738963
-0.009655621
-0.01880571
-0.02693975
-0.03480483
-0.042274
-0.04780031
-0.04970556
-0.04739159
-0.04105167
-0.0309875
-0.01818503
-0.004785618
0.006886122
0.01588559
0.02231852
0.0259292
0.02662186
0.02607784
0.02712705
0.03083137
0.03545712
0.03907349
0.04191017
0.04531427
0.04937271
0.05273848
0.05424375
0.05297713
0.04701755
0.03407098
0.01386073
-0.01088648
-0.03597919
-0.05781677
-0.07451677
-0.08511804
-0.08745514
-0.07860599
-0.05864131
-0.03321864
-0.01128531
0.001074055
0.004310379
0.002575248
-0.0003418871
-0.001924844
-0.00115202
0.001514377
0.005578393
0.01134297
0.01877662
0.02658933
0.03310996
0.03706845
0.03716656
0.03247724
0.02405864
0.01442876
0.005467552
-0.002055348
-0.007233117
-0.00852234
-0.005260363
0.001166126
0.007965302
0.01250821
0.01384045
0.01276776
0.01028536
0.006360345
0.001091939
-0.004066576
-0.007519536
-0.008967847
-0.009152694
-0.009009783
-0.009300011
-0.01009646
-0.01069628
-0.01061874
-0.01006523
-0.009390078
-0.008995741
-0.009494778
-0.01095441
-0.01253689
-0.01356832
-0.01441441
-0.01638238
-0.02058178
-0.02594679
-0.02916864
-0.0279524
-0.02387499
-0.02073447
-0.02040416
-0.02136165
-0.02096211
-0.0180659
-0.01338049
-0.00819893
-0.003181466
0.001661542
0.006105314
0.009430151
0.01136869
0.01310685
0.01657309
0.02239651
0.02957251
0.03699152
0.0439317
0.04862238
0.04756104
0.0382416
0.02271909
0.006827073
-0.004259676
-0.009259951
-0.01032532
-0.01040759
-0.01133374
-0.01332456
-0.01515097
-0.01472671
-0.01056608
-0.003390944
0.004395382
0.01090669
0.0155526
0.01816946
0.01860731
0.01710876
0.01457976
0.01272893
0.01351528
0.01714718
0.02100894
0.02125322
0.01545001
0.00405448
-0.01026295
-0.02403552
-0.03465041
-0.04208551
-0.04878078
-0.05717016
-0.06774523
-0.07941303
-0.09059193
-0.09953335
-0.1039448
-0.1011696
-0.08978726
-0.07139212
-0.05007123
-0.02988736
-0.01264038
0.002947947
0.0193575
0.0374032
0.05530829
0.06990853
0.07866339
0.08126136
0.0798547
0.07752065
0.07604317
0.07526191
0.07423624
0.0718868
0.06679909
0.05796316
0.04642602
0.03525504
0.02671591
0.01964588
0.01098946
-0.0006775176
-0.01463154
-0.02955888
-0.04370033
-0.05396503
-0.05686114
-0.05084042
-0.03758889
-0.02122918
-0.006185449
0.004731072
0.01097692
0.01430182
0.01796644
0.02445151
0.03347604
0.04260811
0.04912278
0.05117082
0.04862787
0.04352641
0.03860226
0.03525744
0.03348949
0.03278246
0.03212402
0.02961835
0.02356307
0.01442128
0.004728748
-0.003183863
-0.00863381
-0.0122227
-0.014915
-0.0176905
-0.02142885
-0.02620047
-0.03081606
-0.03377908
-0.0345646
-0.03364297
-0.03143256
-0.02816719
-0.02451282
-0.02113689
-0.01803708
-0.01491209
-0.01157448
-0.007837689
-0.00378924
0.0003894487
0.004534917
0.007724884
0.008319752
0.00556352
0.0006572659
-0.004035516
-0.006502772
-0.006058131
-0.003722776
-0.001482319
-0.0009452876
-0.002517641
-0.00566342
-0.009209318
-0.01164523
-0.01192714
-0.01019692
-0.007376774
-0.004231498
-0.001121967
0.001612408
0.003592649
0.004764598
0.005537971
0.006833968
0.009525335
0.01329104
0.01618612
0.01599368
0.01269585
0.00910987
0.008033485
0.009430689
0.0110237
0.0109249
0.00917785
0.006805286
0.004373615
0.001940578
-0.0003247315
-0.002053835
-0.00281899
-0.002247161
-0.0003573076
0.001968526
0.003362457
0.003448545
0.003464726
0.004637295
0.006441376
0.007488986
0.007472724
0.007342988
0.007539281
0.00733505
0.006489042
0.006215232
0.007500795
0.009503722
0.01104022
0.01258654
0.01526982
0.01860404
0.02084192
0.02120957
0.02059831
0.02040128
0.0210998
0.02198603
0.02206897
0.02098403
0.01851273
0.0139598
0.007201863
-0.0003269309
-0.006157464
-0.008538902
-0.007976673
-0.006870903
-0.007337932
-0.009410893
-0.01179709
-0.0137988
-0.01588684
-0.01838897
-0.02068481
-0.02206763
-0.02266553
-0.02304732
-0.02328516
-0.02280577
-0.02081906
-0.01665476
-0.009959283
-0.001064016
0.008685502
0.01713022
0.0224362
0.02413138
0.02292637
0.02045386
0.01914019
0.02116075
0.02653439
0.03243394
0.03525829
0.03360581
0.02915191
0.02455275
0.02098764
0.01790557
0.0141964
0.009110108
0.002596672
-0.004598051
-0.01104292
-0.01517196
-0.0164305
-0.01589986
-0.01530877
-0.01523518
-0.01486997
-0.01365981
-0.01241843
-0.01247949
-0.01398664
-0.01567829
-0.01654169
-0.0166726
-0.01655926
-0.01610131
-0.01420981
-0.009513428
-0.001882732
0.006709816
0.01330333
0.01585031
0.01358068
0.006739943
-0.002627252
-0.01043043
-0.01292145
-0.01019858
-0.006436994
-0.005996771
-0.009628299
-0.01458288
-0.0174266
-0.01621588
-0.01139078
-0.005844137
-0.003248651
-0.005130537
-0.009411552
-0.01248141
-0.0120987
-0.008161338
-0.001955558
0.004498977
0.008972275
0.01012423
0.008571184
0.006509026
0.005861818
0.006739806
0.007611257
0.006836332
0.004203171
0.001022681
-0.001119958
-0.001621136
-0.0009583549
-0.0002321275
-0.0007511367
-0.003313868
-0.007572925
-0.01215767
-0.0148675
-0.01347273
-0.007536865
0.0005721367
0.007317291
0.01097481
0.01248368
0.01368456
0.01553142
0.01794711
0.0202931
0.02207495
0.02342904
0.02442291
0.02424694
0.02207023
0.01865857
0.01579371
0.01369567
0.01045084
0.004776012
-0.001922832
-0.006998573
-0.009166685
-0.009150874
-0.008248684
-0.006980142
-0.004932185
-0.001679329
0.002716443
0.007719788
0.01261921
0.01694962
0.02077836
0.02458635
0.02853762
0.0321798
0.03517067
0.03787847
0.04062402
0.04277
0.04316814
0.0415287
0.03877741
0.03584443
0.03266153
0.02854506
0.02321437
0.01689534
0.009817627
0.002266768
-0.004900332
-0.01019996
-0.01252435
-0.01217095
-0.01069114
-0.009661491
-0.009660502
-0.01039908
-0.01124274
-0.01141673
-0.01017692
-0.007492357
-0.004419556
-0.002076518
-0.0004494036
0.001417371
0.004248531
0.007831035
0.01116509
0.0130803
0.01305913
0.0116707
0.01009556
0.008794885
0.007062756
0.004182037
0.0005818448
-0.002741815
-0.005427893
-0.007654873
-0.009251625
-0.009872878
-0.01013106
-0.01137401
-0.01399617
-0.01668204
-0.01767247
-0.01638812
-0.01370434
-0.01085584
-0.008371401
-0.006324687
-0.004976505
-0.004453033
-0.004095323
-0.00282236
-0.0002588131
0.002640726
0.004357219
0.003898037
0.001210519
-0.002703594
-0.006029699
-0.006929427
-0.004780452
-0.001008628
0.001790608
0.001759911
-0.0009616208
-0.004553462
-0.006930972
-0.007275943
-0.006338738
-0.005242412
-0.00463561
-0.004911816
-0.00654902
-0.009481543
-0.01240359
-0.01358977
-0.01267799
-0.01117301
-0.01103221
-0.01274077
-0.01498286
-0.01633328
-0.01679707
-0.01744991
-0.01905037
-0.02156871
-0.02449562
-0.02703078
-0.02804474
-0.02671344
-0.02319593
-0.01855508
-0.01384834
-0.009482165
-0.005272063
-0.001171307
0.002259778
0.004338292
0.00517366
0.005737543
0.007025689
0.009364527
0.01239733
0.0157261
0.01898031
0.02158824
0.02307338
0.02362417
0.02422793
0.02557511
0.0271695
0.02799124
0.02751529
0.02565971
0.02236907
0.01815561
0.01458801
0.01297584
0.01279368
0.01221046
0.009913502
0.006201552
0.002289159
-0.0009274273
-0.002958897
-0.003432422
-0.002512476
-0.001348248
-0.001511886
-0.003681014
-0.007029995
-0.009789155
-0.01041053
-0.008653697
-0.005597435
-0.002689233
-0.0009733687
-0.001032932
-0.002688732
-0.004672245
-0.005049762
-0.002641772
0.001516019
0.004644329
0.004737219
0.002448341
0.0002253518
-0.0001597171
0.001097968
0.002797296
0.004040778
0.00437983
0.003534399
0.001629319
-0.0005511549
-0.002134813
-0.002865398
-0.003170557
-0.003710093
-0.004594682
-0.005226869
-0.004888415
-0.003310819
-0.0009599362
0.001107084
0.002044244
0.001958941
0.001705261
0.001941753
0.002826769
0.004209251
0.005792768
0.007262257
0.008257708
0.008362744
0.007369112
0.005733868
0.004398911
0.003781845
0.003599776
0.003354347
0.002445458
0.0003026024
-0.003116734
-0.006994428
-0.01023743
-0.01231426
-0.01346139
-0.01397709
-0.01372937
-0.01258676
-0.0111496
-0.01041737
-0.01060326
-0.01078296
-0.01000262
-0.00815486
-0.005988997
-0.004523689
-0.004284277
-0.004895362
-0.00511768
-0.003849978
-0.001460925
0.0001961109
-0.0004251143
-0.003049367
-0.006185771
-0.008847095
-0.01127747
-0.01384608
-0.0158182
-0.01596173
-0.01415987
-0.01146099
-0.008657237
-0.005744365
-0.002733045
-0.0002617834
0.0009555904
0.001155549
0.001390044
0.002573927
0.00491198
0.007989988
0.01103974
0.01329634
0.01443685
0.01463653
0.01449295
0.01463078
0.01493353
0.01443366
0.01232729
0.008950749
0.005242711
0.001504322
-0.002639761
-0.007016588
-0.01041995
-0.01166334
-0.01090123
-0.009493802
-0.008398014
-0.007317027
-0.005451364
-0.002537079
0.0008093336
0.003511483
0.004801783
0.004322256
0.001959167
-0.001681057
-0.00500554
-0.006355981
-0.005162992
-0.002000353
0.001689648
0.004108281
0.004132013
0.002000361
-0.001153699
-0.004368133
-0.006748048
-0.007154303
-0.005271396
-0.002086708
0.001078912
0.003807147
0.006506375
0.009370818
0.01225707
0.01520573
0.01828732
0.02111808
0.02326849
0.02481511
0.0257771
0.0255281
0.02348021
0.02018493
0.01647011
0.01211506
0.006551425
0.0002049479
-0.005635058
-0.01033593
-0.01461953
-0.01943581
-0.02464064
-0.02906051
-0.03161344
-0.03196471
-0.0302586
-0.02665017
-0.02165844
-0.01676594
-0.01375116
-0.01315548
-0.01387427
-0.01437107
-0.01373261
-0.01183296
-0.009095925
-0.006285127
-0.004067741
-0.002627254
-0.001392937
0.0005090123
0.003098485
0.005106108
0.005300984
0.003839096
0.001609748
-0.0008098167
-0.00311902
-0.004765658
-0.005140091
-0.004218698
-0.002554856
-0.0007083879
0.001285498
0.003405046
0.004988115
0.005034258
0.003346539
0.0008378422
-0.001612003
-0.004158697
-0.007207789
-0.009975183
-0.01086538
-0.009343768
-0.007054705
-0.006403262
-0.008241676
-0.01136707
-0.01416557
-0.0160165
-0.0167494
-0.01570614
-0.01241481
-0.007808564
-0.003957182
-0.002662196
-0.004171781
-0.006732958
-0.007645295
-0.005392077
-0.00121402
0.001951184
0.002045562
-0.0006486487
-0.004142432
-0.006209278
-0.005204043
-0.0007113596
0.00596375
0.01277212
0.01827927
0.02190102
0.02338395
0.02258944
0.01993959
0.01640246
0.01268145
0.009073775
0.005565859
0.001890839
-0.002010174
-0.005621202
-0.008148773
-0.009333367
-0.009933789
-0.01108104
-0.01308122
-0.0149526
-0.0155193
-0.01478953
-0.01380209
-0.01353013
-0.01408127
-0.01463303
-0.01396691
-0.01139323
-0.007076451
-0.001665725
0.004029411
0.009251162
0.01333472
0.01564085
0.01536904
0.01168873
0.004669888
-0.00396645
-0.01148641
-0.0160386
-0.0181086
-0.01952887
-0.02142675
-0.02393046
-0.02707429
-0.03068951
-0.03389757
-0.03584582
-0.0367107
-0.03711608
-0.03684719
-0.03470365
-0.02944212
-0.02108775
-0.01145928
-0.003193716
0.001958688
0.004170351
0.00498932
0.00554753
0.005991294
0.006399317
0.007340741
0.009191725
0.01097208
0.0106917
0.007570062
0.003144705
-0.0004306842
-0.002638974
-0.004634659
-0.007753962
-0.01236501
-0.01777258
-0.0227763
-0.02592822
-0.02572642
-0.0217407
-0.01539674
-0.009029544
-0.00405583
-0.0004844646
0.002462714
0.005808342
0.01040671
0.01636031
0.02283288
0.02840588
0.03136935
0.0304662
0.02603557
0.02017873
0.01515061
0.01156203
0.008465269
0.004875256
0.0005344632
-0.004639748
-0.01061511
-0.01664182
-0.02107281
-0.02254893
-0.02139851
-0.01931572
-0.0178834
-0.01742699
-0.01697054
-0.01507832
-0.01115206
-0.006106142
-0.001321986
0.002463088
0.005010154
0.00606296
0.005837496
0.005667105
0.007061848
0.01017175
0.01344129
0.01481563
0.01332394
0.009370016
0.003747313
-0.002879558
-0.009698184
-0.01556424
-0.01942867
-0.02081951
-0.02019094
-0.01880131
-0.01807338
-0.01850776
-0.01937486
-0.01954563
-0.01834867
-0.01592269
-0.01313438
-0.01079075
-0.008586843
-0.005533501
-0.001626265
0.001751398
0.003120462
0.00239815
0.0009632554
0.0004120229
0.001396778
0.003454723
0.00533467
0.005598798
0.003636353
0.0003000705
-0.002786303
-0.004596683
-0.005017038
-0.004253205
-0.002610813
-0.0008406553
-0.000114028
-0.001212411
-0.003559224
-0.005363268
-0.005185061
-0.003127094
-0.0006516157
0.0005883037
-6.328798e-05
-0.001817493
-0.003189694
-0.003205697
-0.00197587
-0.0003231417
0.001226667
0.002781838
0.00444945
0.005647554
0.005345381
0.003433231
0.001340539
0.000794759
0.00197135
0.003404414
0.003429088
0.001394978
-0.00205649
-0.005467921
-0.007581901
-0.008308554
-0.00857247
-0.009364813
-0.01097046
-0.01306883
-0.01526765
-0.01716846
-0.01814356
-0.01765594
-0.01610855
-0.01458844
-0.01364461
-0.01253885
-0.01021903
-0.006826241
-0.003667992
-0.00186738
-0.00120086
-0.0007238416
-0.0002023565
-0.0002947933
-0.00142432
-0.003209615
-0.005365222
-0.008003001
-0.01084287
-0.01306799
-0.01419151
-0.01445055
-0.01427593
-0.01372811
-0.01249451
-0.01024482
-0.007096756
-0.00356212
-0.0002441732
0.002533412
0.005027316
0.007861676
0.01112477
0.01417454
0.01629717
0.01720021
0.01700397
0.01619525
0.01543696
0.01498662
0.01475702
0.01466627
0.01434451
0.01307939
0.01049808
0.006892689
0.002961709
-0.0005697771
-0.003262646
-0.004836167
-0.005381048
-0.005538168
-0.005975907
-0.00664116
-0.006838628
-0.00622846
-0.005276717
-0.00414935
-0.002094508
0.001566943
0.006419888
0.01106183
0.01414756
0.01522883
0.01484703
0.01419138
0.01442043
0.0158109
0.0173635
0.01737383
0.01493478
0.01085904
0.006921345
0.004508233
0.003902247
0.004183561
0.003581153
0.0005666208
-0.00493733
-0.01141731
-0.01705329
-0.02062545
-0.0213766
-0.01906448
-0.0149464
-0.01167635
-0.01115978
-0.0128125
-0.0142355
-0.01335802
-0.009714364
-0.004214935
0.001484154
0.005438161
0.006249576
0.004120486
0.001199613
4.047411e-05
0.001511128
0.004201205
0.00586497
0.005472123
0.003725021
0.00196886
0.001148768
0.00173657
0.00379629
0.006534812
0.008259425
0.007384142
0.003437844
-0.002811253
-0.009919134
-0.01615589
-0.02004479
-0.02103337
-0.01984687
-0.01806435
-0.01702584
-0.01685864
-0.0167353
-0.01603033
-0.01483608
-0.01339437
-0.01149244
-0.008690731
-0.004819893
-3.433833e-05
0.005412029
0.01107045
0.0161507
0.01979365
0.02162926
0.02209576
0.02199344
0.02153066
0.01992305
0.01649294
0.01188409
0.007504519
0.0042343
0.002222538
0.001268156
0.001111977
0.001505021
0.002151091
0.002559238
0.002098856
0.0003887678
-0.002063112
-0.00380431
-0.003403919
-0.000730468
0.002878569
0.005845028
0.00737153
0.007466173
0.006569703
0.005267374
0.004006783
0.002867587
0.001474862
-0.0005760639
-0.003045664
-0.005099974
-0.006133696
-0.006457718
-0.006757062
-0.007208867
-0.007506875
-0.007535116
-0.007524427
-0.007425812
-0.006686489
-0.00503232
-0.002975516
-0.001536227
-0.001309257
-0.001644341
-0.001309258
0.0001191348
0.001728635
0.002056836
0.0005159691
-0.001972459
-0.003651602
-0.003313445
-0.001106655
0.00196994
0.004930175
0.0070584
0.008074172
0.008237919
0.008069573
0.00784295
0.007633179
0.007888825
0.009324885
0.01196973
0.01480899
0.01659665
0.01710084
0.01725117
0.01783194
0.01865948
0.0191356
0.01890232
0.01790464
0.01621979
0.01426637
0.0127011
0.01184401
0.01128151
0.01028428
0.008695861
0.007206327
0.006510087
0.006410136
0.006257376
0.005613988
0.004154218
0.001616782
-0.001959086
-0.006057277
-0.009984006
-0.01314084
-0.01489028
-0.01483687
-0.01340457
-0.01168733
-0.0104162
-0.009611285
-0.009218561
-0.009430724
-0.01019968
-0.01093092
-0.01110654
-0.01090069
-0.01065406
-0.01012617
-0.008662816
-0.005852496
-0.002031851
0.001796424
0.004693684
0.006509575
0.007486163
0.00743707
0.005945241
0.003342773
0.0008273955
-0.0006488443
-0.001073462
-0.0009579253
-0.0007208268
-0.0008785239
-0.002172074
-0.004865217
-0.008302392
-0.01118599
-0.01247968
-0.0122597
-0.01148542
-0.01098187
-0.01086036
-0.01078997
-0.01031424
-0.00917149
-0.007402549
-0.00511223
-0.002509149
7.245776e-05
0.002396882
0.004733051
0.007723787
0.01164755
0.01589386
0.01928537
0.02104797
0.0212954
0.0205292
0.01913728
0.01740491
0.01559935
0.01379322
0.01169126
0.009024957
0.005724977
0.001793195
-0.002608033
-0.0069832
-0.01059233
-0.01287271
-0.014186
-0.01549985
-0.0171566
-0.01840121
-0.01834195
-0.016921
-0.01468091
-0.01208337
-0.009247678
-0.006293308
-0.003439194
-0.000642323
0.002363848
0.005883416
0.009746531
0.01303235
0.01471433
0.01464506
0.01395924
0.01397658
0.01487729
0.01573676
0.01545815
0.01344366
0.00964875
0.004512031
-0.00105867
-0.005975699
-0.009709915
-0.01275913
-0.0158664
-0.01903845
-0.02149112
-0.02245287
-0.02180875
-0.0197504
-0.01632186
-0.01170905
-0.006628963
-0.002124263
0.001060053
0.003008415
0.004536728
0.006515274
0.009118251
0.01164895
0.01317081
0.01318071
0.01170059
0.009322201
0.007184916
0.006256035
0.006611418
0.00737578
0.007252902
0.005295922
0.001640561
-0.002477896
-0.0057863
-0.00774553
-0.008270422
-0.007472282
-0.005780927
-0.003715965
-0.00166555
5.614284e-05
0.001322247
0.002328235
0.003477696
0.004801429
0.005520257
0.004858744
0.00295488
0.0006211135
-0.00153763
-0.003328855
-0.004439829
-0.004264387
-0.00254696
0.0001060288
0.002553668
0.00400319
0.004428172
0.004323092
0.004296858
0.004687511
0.005610488
0.007006088
0.00885568
0.01114304
0.01364121
0.01613091
0.01845092
0.02046014
0.0220022
0.02285718
0.02276733
0.02164687
0.01974716
0.01745242
0.01509601
0.0128655
0.01077906
0.009030095
0.007942768
0.007729579
0.008416763
0.009669967
0.0108299
0.01128727
0.01074342
0.009198909
0.006985128
0.004638253
0.002354626
7.193887e-05
-0.002007215
-0.003503895
-0.00461927
-0.00617393
-0.008574305
-0.01119971
-0.01294206
-0.01329831
-0.01269285
-0.01188832
-0.0113941
-0.01147164
-0.01198527
-0.01251568
-0.01255525
-0.01146835
-0.008906306
-0.005478495
-0.002338092
-9.417206e-05
0.00174315
0.00416029
0.007706811
0.01209718
0.01634647
0.01923265
0.0199048
0.0184824
0.01596154
0.01352073
0.01202044
0.01184054
0.01275563
0.01379886
0.01379682
0.01225264
0.009343435
0.005297661
0.000414195
-0.004724723
-0.009180875
-0.01194888
-0.0126498
-0.01199658
-0.01130958
-0.01161548
-0.01303032
-0.01469834
-0.01574996
-0.01589365
-0.01506717
-0.01300876
-0.009478222
-0.004855043
-0.0003388383
0.00268456
0.003377427
0.001942517
-0.0004542081
-0.00237069
-0.00302518
-0.002684223
-0.002280191
-0.002629227
-0.00385302
-0.005315521
-0.006184174
-0.006062502
-0.005390997
-0.005097802
-0.005657951
-0.006663925
-0.00750516
-0.007822798
-0.00738715
-0.006036758
-0.00361453
-3.867614e-05
0.004234629
0.00814579
0.01075638
0.01176012
0.01142057
0.01041575
0.009626961
0.009848061
0.01123338
0.01293252
0.01359523
0.01235961
0.009382042
0.005598655
0.002158742
-0.0001920064
-0.001408197
-0.002302325
-0.004058369
-0.007449773
-0.01218227
-0.01675811
-0.01925291
-0.01841464
-0.01432423
-0.008337177
-0.002551231
0.000989563
0.001328456
-0.0005502559
-0.002351934
-0.002415952
-0.0007341089
0.00186701
0.004738465
0.007319463
0.008859798
0.009100112
0.008930025
0.009562203
0.01107336
0.01244967
0.01252502
0.01057046
0.006534051
0.001257452
-0.003457725
-0.005536858
-0.004071461
-0.0002308649
0.003297523
0.004053895
0.001462888
-0.002844652
-0.006142364
-0.006465828
-0.00365446
0.001008428
0.005396863
0.007575162
0.006850341
0.003963474
0.0003623034
-0.002679762
-0.004804625
-0.006450427
-0.008035823
-0.00966031
-0.01135932
-0.01301946
-0.014068
-0.01352667
-0.01078477
-0.006504537
-0.002365405
0.0001700502
0.0007485985
0.0002106943
-7.885367e-05
0.001038961
0.00407928
0.008496553
0.01274014
0.01522854
0.01530531
0.01331493
0.01026349
0.007483346
0.006045044
0.006097888
0.006870305
0.007386341
0.006910932
0.005141666
0.002361143
-0.0006847442
-0.003159617
-0.004813069
-0.005960376
-0.007041728
-0.008173295
-0.009091456
-0.00934233
-0.008897176
-0.008238732
-0.007561248
-0.0065792
-0.005082572
-0.003445541
-0.0023725
-0.002121696
-0.002424692
-0.003007986
-0.003754538
-0.004172329
-0.00358251
-0.002001305
-4.821434e-05
0.001713649
0.003011914
0.00365867
0.003557208
0.002910502
0.002389015
0.002772633
0.004386358
0.006908354
0.009424152
0.01088529
0.01078425
0.009401581
0.007627536
0.006313714
0.005615151
0.004939053
0.003605151
0.001457945
-0.001185319
-0.003859809
-0.00603739
-0.007288499
-0.007300025
-0.005917263
-0.003241432
0.0001710113
0.003188363
0.004723497
0.004616521
0.003679057
0.002834642
0.002423957
0.002411156
0.002830342
0.003815899
0.005338338
0.007207595
0.009254879
0.01146221
0.01364632
0.01540497
0.01644449
0.01691895
0.01713494
0.01712779
0.01667297
0.01563755
0.01391952
0.0113606
0.008199174
0.005141288
0.002710073
0.0007529544
-0.001068998
-0.002621368
-0.003381707
-0.003056879
-0.001907294
-0.000577051
0.0003773387
0.0007358142
0.0004679071
-0.0002933853
-0.00115594
-0.001588401
-0.001153026
0.000216646
0.002006467
0.0033205
0.003486244
0.002412252
0.0005208733
-0.001641103
-0.00369278
-0.005501041
-0.007235544
-0.009130776
-0.0109609
-0.0119648
-0.01151243
-0.01060086
-0.008528334
-0.006453646
-0.004143117
-0.001197632
0.002514203
0.006690904
0.010628
0.01370747
0.01584613
0.01738607
0.01867523
0.01957336
0.01955658
0.01842393
0.01647568
0.01404544
0.01124354
0.008108364
0.004924707
0.002025537
-0.0007237834
-0.003720694
-0.007019184
-0.01025991
-0.01288098
-0.01430355
-0.01418384
-0.01264826
-0.0102941
-0.008055728
-0.006508844
-0.005308901
-0.003830302
-0.002111891
-0.000733948
-3.627671e-05
8.448478e-05
-0.0003310057
-0.001431931
-0.003007407
-0.004283644
-0.004635186
-0.004390338
-0.004526662
-0.005667014
-0.00744317
-0.008887573
-0.009388225
-0.009110145
-0.008615129
-0.008249478
-0.007689382
-0.006150846
-0.003383555
-0.0001272466
0.002525617
0.004223661
0.005577366
0.007160696
0.008636604
0.009030914
0.007724919
0.004917929
0.001312117
-0.002234916
-0.004950527
-0.006718626
-0.008096118
-0.00956981
-0.01106974
-0.01209801
-0.0122721
-0.0116517
-0.01055997
-0.009300933
-0.008001899
-0.006539361
-0.004558071
-0.001786342
0.001518736
0.004581623
0.006573103
0.007202313
0.006665447
0.005327972
0.00370176
0.002417782
0.00199879
0.002300431
0.002372404
0.001311822
-0.0009906821
-0.003805437
-0.006114203
-0.007214915
-0.006985693
-0.005834693
-0.004336246
-0.002921212
-0.001853691
-0.001187927
-0.0005253306
0.0007562728
0.003000581
0.005873719
0.008493316
0.01013629
0.01054116
0.009792816
0.008080364
0.005789585
0.00343342
0.001305996
-0.0006938404
-0.002793892
-0.005007877
-0.007097121
-0.008869475
-0.01029555
-0.01146808
-0.01245075
-0.01310236
-0.01303284
-0.01216821
-0.01102678
-0.01005361
-0.008936961
-0.006950284
-0.003770137
0.0002439384
0.004536927
0.008546156
0.01161016
0.0130294
0.01245891
0.01024949
0.007090483
0.003577391
0.0001187212
-0.003210733
-0.006768924
-0.01084539
-0.01491359
-0.01792027
-0.01939175
-0.01986749
-0.02017688
-0.02068058
-0.02123828
-0.02140542
-0.0206322
-0.01863824
-0.01548011
-0.01142617
-0.006862015
-0.002225857
0.002135147
0.006280186
0.01059008
0.01500529
0.01864278
0.02059163
0.02076405
0.01951116
0.01714472
0.0139258
0.01014598
0.006161584
0.002187694
-0.001851435
-0.006075411
-0.01012521
-0.01333903
-0.01520014
-0.01554933
-0.0147501
-0.01362075
-0.01295857
-0.01318061
-0.01424952
-0.01565183
-0.01664903
-0.01674912
-0.01592469
-0.01448447
-0.01281012
-0.01124201
-0.009976005
-0.008989445
-0.008141085
-0.00741668
-0.006975464
-0.006900535
-0.007105238
-0.007336881
-0.007401464
-0.00733539
-0.007271739
-0.007317925
-0.007507839
-0.007941945
-0.008648061
-0.009444033
-0.01010862
-0.01058598
-0.01101208
-0.01134723
-0.01127128
-0.01052029
-0.009166227
-0.007658261
-0.006408213
-0.005530522
-0.005046272
-0.005058675
-0.005586911
-0.006376003
-0.006937178
-0.006784486
-0.00573395
-0.004038599
-0.002203045
-0.0007560402
-3.547126e-05
9.729919e-05
0.0001913619
0.0007236333
0.001570889
0.002122084
0.001958772
0.001142654
-3.256482e-05
-0.001257264
-0.00226554
-0.002701711
-0.00221468
-0.000848041
0.0007550547
0.001786752
0.001906989
0.001291718
0.0003113829
-0.0005955799
-0.001020164
-0.0008552377
-0.0003647223
0.000201667
0.0006919943
0.0008970648
0.0006098903
-0.0002255444
-0.001400008
-0.002584822
-0.003452688
-0.003846228
-0.003914016
-0.003948165
-0.004017946
-0.003899162
-0.003257399
-0.001940945
-0.000196234
0.001424648
0.002464996
0.002907658
0.003004797
0.002992663
0.00293429
0.002829756
0.002699816
0.002415434
0.001747659
0.0006603198
-0.0007239731
-0.002307833
-0.003947307
-0.005456393
-0.006718989
-0.007647294
-0.008102046
-0.007928757
-0.007101847
-0.005866183
-0.004618599
-0.003568135
-0.002536606
-0.00121911
0.0003336021
0.001711145
0.002472928
0.002448203
0.001894561
0.001351977
0.001256873
0.001706731
0.002549534
0.003575347
0.004429322
0.004699179
0.004157887
0.002964706
0.001532348
0.0002372071
-0.0006773644
-0.001067293
-0.0008414068
2.99e-05
0.00148167
0.003321947
0.005270263
0.007010476
0.008247491
0.008871815
0.009035455
0.009043753
0.00903837
0.008869598
0.008306821
0.007348612
0.006270202
0.005434317
0.004995065
0.004772017
0.004388688
0.003457721
0.001909083
0.0001200065
-0.001404822
-0.002430599
-0.003059141
-0.003470561
-0.003709903
-0.003769538
-0.003573702
-0.002943448
-0.001789134
-0.0002846546
0.001206017
0.002399384
0.003285479
0.003980205
0.004468035
0.00462248
0.004488234
0.004404086
0.004700055
0.005351792
0.006027945
0.006388056
0.006333514
0.005991177
0.005585175
0.005325367
0.005279537
0.005308771
0.005153731
0.004682732
0.003914098
0.002958849
0.001959753
0.001113833
0.0006109292
0.0004338181
0.0003388219
0.000142535
-0.0001128093
-0.0002465689
-0.0001679621
7.764636e-05
0.0004255011
0.0008292624
0.001248379
0.001682064
0.002134055
0.002583732
0.003034622
0.003536965
0.004139483
0.004808738
0.005450032
0.005969178
0.006348816
0.006619783
0.006781805
0.006766743
0.006533636
0.006204524
0.005966604
0.005870558
0.00578682
0.005563263
0.005148945
0.004552837
0.003827517
0.003099317
0.002528364
0.002194196
0.002032859
0.001932146
0.001834557
0.001726235
0.001633565
0.001592981
0.001643983
0.001813851
0.002057355
0.002294119
0.002478244
0.002625692
0.002791205
0.003005829
0.003277698
0.003592679
0.003895446
0.004121452
0.004250803
0.004319916
0.004393167
0.004499752
0.004619169
0.004700555
0.004683646
0.004520665
0.00420341
0.003781288
0.003360021
0.00304367
0.002874278
0.002822621
0.002832906
0.002854487
0.002854399
0.002828672
0.002785776
0.002730537
0.002672733
0.002625678
0.002596471
0.002590656
0.002624207
0.002731308
0.002933103
0.003190344
0.003415993
0.003550235
0.003598423
0.00359302
0.003549194
0.003465605
0.003347125
0.003199196
0.003024032
0.002849708
0.002722003
0.002652249
0.002609228
0.002554705
0.00248833
0.002443781
0.002426356
0.002401885
0.002349008
0.002289104
0.0022565
0.002259115
0.002269935
0.002260394
0.002229315
0.002188897
0.002143552
0.002094834
0.00205199
0.002027881
0.002023105
0.002022719
0.002006829
0.00196591
0.001905324
0.001838206
0.001778077
0.001729756
0.001683941
0.001630304
0.001572029
0.001523663
0.001491966
0.001469773
0.001449897
0.00142714
0.00139393
0.00134461
0.001283556
0.001225722
0.001184374
0.001158971
0.001134582
0.001100066
0.001061343
0.001031479
0.001014575
0.001000087
0.0009754355
0.0009375461
0.0008898431
0.0008370356
0.0007848565
0.0007397692
0.0007018083
0.0006637836
0.0006192276
0.0005675367
0.0005144357
0.0004670285
0.0004277591
0.0003953557
0.0003673373
0.0003399538
0.0003105822
0.0002789534
0.0002458772
0.0002113864
0.0001745135
0.0001356728
9.702713e-05
6.049974e-05
2.634937e-05
-6.966208e-06
-4.11755e-05
-7.589828e-05
-0.0001091254
-0.0001398056
-0.0001691694
-0.0001996947
-0.0002333281
-0.0002701317
-0.000309044
-0.0003490829
-0.000389339
-0.0004287546
-0.0004663876
-0.0005024831
-0.0005384253
-0.0005750423
-0.0006118837
-0.0006480097
-0.000683124
-0.00071805
-0.000753848
-0.000790776
-0.0008282668
-0.0008653509
-0.000901277
-0.0009357637
-0.0009689463
-0.001001294
-0.001033305
-0.001065264
-0.001097266
-0.001129346
-0.001161503
-0.001193576
-0.001225313
-0.001256611
-0.001287597
-0.001318485
-0.001349385
-0.001380263
-0.001411035
-0.001441665
-0.001472189
-0.001502657
-0.001533086
-0.001563444
-0.001593654
-0.001623632
-0.001653318
-0.00168271
-0.001711862
-0.001740832
-0.001769648
-0.001798311
-0.001826806
-0.001855126
-0.001883256
-0.001911185
-0.001938909
-0.001966433
-0.00199376
-0.002020892
-0.002047823
-0.002074549
-0.002101068
-0.002127375
-0.002153469
-0.002179349
-0.002205011
-0.002230455
-0.002255679
-0.00228068
