0.001125453
0.001131094
0.001136668
0.001142162
0.001147613
0.001152971
0.001158278
0.001163508
0.001168706
0.001173821
0.00117884
0.001183726
0.001188748
0.001193801
0.001198526
0.001202799
0.00120723
0.001212039
0.001216628
0.001220809
0.001224733
0.001227784
0.001230986
0.001235368
0.001239512
0.001242546
0.001245403
0.001248723
0.001252846
0.001260081
0.001264729
0.001260472
0.001258339
0.001264739
0.001268794
0.001262733
0.001269198
0.00129403
0.001311876
0.001311859
0.00133002
0.001382222
0.001423716
0.001442824
0.00147351
0.001524189
0.001569895
0.001586247
0.001603975
0.001660023
0.001694417
0.001671307
0.001653687
0.001629568
0.001605923
0.001486909
0.001312163
0.001234595
0.001196972
0.001125991
0.001050751
0.0009575145
0.0007009094
0.0004406301
0.0003829102
0.0003867513
0.0003715201
0.0004345761
0.000566472
0.0006224347
0.0006045999
0.0005609369
0.0006224528
0.0008068304
0.0008167313
0.0007862856
0.001004841
0.001225834
0.001357555
0.001481016
0.001463495
0.001411638
0.001448615
0.001518328
0.001685843
0.001883737
0.001857713
0.001929737
0.002202243
0.002348734
0.002468983
0.00267661
0.002822833
0.00298189
0.003242192
0.003380682
0.003435739
0.003245793
0.002762491
0.002236456
0.001909684
0.001859413
0.001731626
0.00127035
0.0009501809
0.0007749379
0.0002790397
-0.0001685207
-0.0003061796
-0.0004796665
-0.0008197624
-0.0007949133
-0.0001741538
0.0004747386
0.0008015105
0.0007936515
0.001169112
0.001753152
0.001890543
0.002036001
0.002401247
0.002593952
0.002691237
0.002831898
0.002787577
0.002468763
0.002140531
0.002139943
0.002054836
0.001442527
9.934304e-05
-0.001321181
-0.002426745
-0.003362863
-0.003994796
-0.004054508
-0.003982062
-0.004213256
-0.004522267
-0.004507541
-0.003835651
-0.0030671
-0.002277988
-0.001384144
-0.0004610194
9.904615e-05
0.0007445345
0.002360552
0.003867407
0.004701836
0.005409964
0.006172996
0.007175927
0.00841618
0.00946076
0.009125178
0.008588608
0.008731225
0.008484639
0.008309167
0.008474166
0.007871888
0.00601284
0.004174525
0.002890507
0.001169291
-0.0008838317
-0.001973097
-0.002611146
-0.003678612
-0.004593199
-0.005125937
-0.005683384
-0.006545168
-0.007586586
-0.007715137
-0.007208996
-0.006094526
-0.002962008
0.0005969018
0.001996321
0.002341821
0.002203993
0.002524231
0.003310113
0.003631631
0.004313746
0.004982264
0.005651589
0.005623776
0.005063301
0.004400035
0.004131786
0.003947119
0.002548942
0.0009473471
0.0007386552
0.001168176
0.001223666
0.001593614
0.001119158
0.0003116915
-0.0008822272
-0.002678314
-0.003146375
-0.002338137
-0.002114348
-0.002335606
-0.002581535
-0.003574326
-0.00506839
-0.00663256
-0.007666547
-0.008531694
-0.009390713
-0.009334057
-0.00822134
-0.006397197
-0.004397912
-0.00177092
0.0002913122
0.001278397
0.00269997
0.003925353
0.005600302
0.008212999
0.01023662
0.01242252
0.01521498
0.01602444
0.01500489
0.01491196
0.01589519
0.01631629
0.01506941
0.01210996
0.009066655
0.008302873
0.009250508
0.009033718
0.007311009
0.004936673
0.002649688
0.0007276395
-0.0005240509
-0.00284957
-0.006168981
-0.01111822
-0.01727545
-0.02063687
-0.01872166
-0.01576584
-0.01616496
-0.01630545
-0.01472949
-0.01445328
-0.01484136
-0.01249603
-0.006605144
-0.0001644447
0.004188047
0.005807371
0.008334581
0.01283061
0.01451988
0.0123712
0.01204808
0.01416653
0.01504413
0.01615879
0.01711726
0.01626802
0.01320928
0.007794123
0.001496143
-0.004261312
-0.00812279
-0.008243526
-0.004645581
-0.002470961
-0.004245042
-0.007775884
-0.01130509
-0.01326824
-0.01278088
-0.01348925
-0.01482074
-0.01495896
-0.01412578
-0.01242498
-0.0122125
-0.01265377
-0.009449387
-0.001303141
0.008300637
0.01518289
0.01658478
0.01270698
0.00748629
0.003100783
0.0008940266
0.002609457
0.00589136
0.009552107
0.01345977
0.01368609
0.01274779
0.01073071
0.007179805
0.005445904
0.006561181
0.006256485
0.003671324
0.001617416
0.0008772632
-0.0002291838
-0.003403923
-0.009031863
-0.01733053
-0.02502286
-0.02863004
-0.02805422
-0.02452953
-0.02042757
-0.02114085
-0.02702928
-0.03286786
-0.03424079
-0.0315761
-0.02818339
-0.02659119
-0.02585137
-0.02549911
-0.02475001
-0.01964283
-0.009036971
0.004076402
0.01939854
0.03288311
0.03809133
0.03619251
0.03268694
0.03171541
0.03188149
0.02999457
0.02884924
0.03024145
0.03226043
0.0323442
0.02884439
0.02295556
0.01797981
0.01436379
0.01273071
0.01425943
0.01591765
0.01584325
0.01708197
0.01847591
0.01749975
0.01395965
0.007776468
-0.001227267
-0.01131556
-0.0201553
-0.02742984
-0.03449971
-0.04051547
-0.04528789
-0.04819869
-0.05006658
-0.05175662
-0.05236264
-0.05170033
-0.04922438
-0.04585027
-0.04330497
-0.04098928
-0.03660011
-0.02862279
-0.01805261
-0.00488186
0.009561039
0.01782369
0.01964569
0.01993192
0.0196259
0.02019142
0.02074141
0.01940172
0.01831893
0.01891159
0.02018136
0.02087687
0.02017262
0.01789255
0.01267282
0.002774314
-0.01238753
-0.02881752
-0.03898226
-0.04043851
-0.03634173
-0.03074941
-0.02831222
-0.02763719
-0.02556559
-0.01946494
-0.00589097
0.01437696
0.03413082
0.04738178
0.05526581
0.0548918
0.04499602
0.03209882
0.02880529
0.03052369
0.02465492
0.01296009
0.008195182
0.01244387
0.01990069
0.02531601
0.0267732
0.01998498
0.006278642
-0.007918573
-0.01913631
-0.02485579
-0.02439033
-0.02308901
-0.02529585
-0.03123499
-0.03840839
-0.04181348
-0.04284197
-0.04499012
-0.05015899
-0.05881688
-0.0671663
-0.07544724
-0.08432301
-0.08680715
-0.08017058
-0.07040214
-0.0615388
-0.05367147
-0.04804428
-0.04122702
-0.02777078
-0.007225344
0.014456
0.03004089
0.04022181
0.04465708
0.04601144
0.04603449
0.03909123
0.02931087
0.02519005
0.02758835
0.03190851
0.03563068
0.04007526
0.04188415
0.03966052
0.03725706
0.03741855
0.03972212
0.04287612
0.04354124
0.03863535
0.02815909
0.01859856
0.01258911
0.007821888
0.005270495
0.006568605
0.007267407
0.003752496
-0.003108265
-0.01338347
-0.0251131
-0.03396864
-0.04006993
-0.04120099
-0.03386533
-0.02595265
-0.02922275
-0.04894815
-0.07930624
-0.1023483
-0.09612881
-0.05840637
-0.008004431
0.03178546
0.04628328
0.04648379
0.04132712
0.03460849
0.03014289
0.02901085
0.02805902
0.02670909
0.02944353
0.0335656
0.03432973
0.03054335
0.0234838
0.01431235
0.003670252
-0.006765157
-0.01707012
-0.02406322
-0.02763362
-0.03161548
-0.03877622
-0.05046909
-0.06769432
-0.08923532
-0.1095254
-0.1221726
-0.1253656
-0.1226038
-0.115185
-0.1006536
-0.079128
-0.05133007
-0.0248006
-0.001489917
0.02029114
0.04155979
0.06623365
0.08732037
0.09954213
0.1114595
0.1307306
0.1585365
0.1850694
0.199632
0.2050383
0.2018058
0.1848409
0.156392
0.1212469
0.08523674
0.06582917
0.06362319
0.07035603
0.08086345
0.08892589
0.08771921
0.0724778
0.04612282
0.01700805
-0.01008697
-0.02924053
-0.04241308
-0.05674561
-0.06803535
-0.06902335
-0.06300397
-0.058611
-0.05795758
-0.06234244
-0.0736932
-0.08903448
-0.1086885
-0.1276561
-0.1365476
-0.1300905
-0.1108614
-0.08458191
-0.05748304
-0.03906044
-0.02539005
-0.005611359
0.01825045
0.03501297
0.03746825
0.0306005
0.02419796
0.02291961
0.02317501
0.02045751
0.009453685
-0.01267309
-0.04131147
-0.06740077
-0.08217752
-0.08681618
-0.08335235
-0.07507773
-0.06658451
-0.05607549
-0.03873746
-0.01422173
0.01043233
0.02529763
0.02596256
0.01450368
-0.004196217
-0.01972839
-0.02587653
-0.025473
-0.02308061
-0.02482974
-0.03045306
-0.04008646
-0.05504362
-0.0671885
-0.06709859
-0.0578093
-0.04816649
-0.04092937
-0.03360693
-0.02527309
-0.0169628
-0.004561563
0.01296906
0.02833332
0.03974162
0.0506276
0.06384121
0.07975195
0.09167117
0.09539876
0.08617254
0.05600058
0.01312413
-0.01881652
-0.02983929
-0.02490019
-0.01397123
-0.009305035
-0.00957743
0.0004640525
0.02456761
0.05007169
0.06742431
0.07236444
0.06453158
0.05394324
0.05168782
0.06162165
0.07752134
0.09002132
0.09757756
0.1011391
0.1029324
0.1017001
0.09103845
0.06901571
0.0394371
0.008608162
-0.01233179
-0.0183148
-0.01685561
-0.01860058
-0.03381674
-0.06816039
-0.1168044
-0.1657203
-0.1899516
-0.1788364
-0.1495076
-0.1147835
-0.08366635
-0.07857373
-0.09842292
-0.1170484
-0.1206293
-0.1178422
-0.1188129
-0.1262773
-0.1356278
-0.1377732
-0.1290438
-0.1141906
-0.09681867
-0.07790328
-0.05990725
-0.04681658
-0.03583373
-0.02006672
0.006810421
0.04250314
0.08406513
0.1146712
0.1189978
0.112365
0.1106818
0.115372
0.1223324
0.1262172
0.1247242
0.1175516
0.1038009
0.08256566
0.05606713
0.02787132
0.003273087
-0.02014458
-0.0439559
-0.06593191
-0.08608073
-0.1046509
-0.1248766
-0.1417892
-0.1484978
-0.1471728
-0.1436892
-0.1412972
-0.1387465
-0.1318109
-0.1163933
-0.08713854
-0.03670125
0.02251994
0.06553178
0.09127406
0.1129998
0.1420166
0.1744895
0.2015534
0.2216948
0.2319245
0.2307887
0.2274368
0.2300528
0.2326523
0.2294467
0.2265985
0.2270679
0.2153005
0.1562514
0.06145808
-0.003020038
-0.01956926
-0.01558178
-0.02939839
-0.06100004
-0.09234777
-0.1179926
-0.1395515
-0.1614985
-0.1810395
-0.1916955
-0.1930017
-0.1857167
-0.171547
-0.1508618
-0.1250283
-0.09973784
-0.08345408
-0.07103996
-0.04733877
-0.008399188
0.03929278
0.07730375
0.09338863
0.08478876
0.05522017
0.0148094
-0.01881159
-0.04056203
-0.05609359
-0.06961743
-0.07738016
-0.07522027
-0.06201568
-0.04326444
-0.02608602
-0.0159434
-0.01041751
0.0003867239
0.01802919
0.03314092
0.04526055
0.05810471
0.0666596
0.06946544
0.07547574
0.09620317
0.1344146
0.1823327
0.2191972
0.2322792
0.2356422
0.241045
0.2462729
0.2460893
0.2361285
0.2163325
0.1836111
0.1362741
0.08784997
0.04680168
0.01698182
-0.003854787
-0.02461059
-0.03796393
-0.04741103
-0.06404835
-0.08581486
-0.1102056
-0.1365029
-0.1579547
-0.1623412
-0.1423883
-0.1043825
-0.06159471
-0.01315294
0.03449995
0.06620534
0.08252117
0.09232545
0.09929343
0.09301274
0.07032567
0.03755999
0.001102661
-0.03391065
-0.07216673
-0.1234202
-0.1758134
-0.2096912
-0.2304692
-0.2460062
-0.2552761
-0.2550464
-0.2313844
-0.1707166
-0.07728207
0.02819091
0.1051009
0.1299335
0.134097
0.151287
0.1760822
0.1946146
0.210238
0.2334403
0.2625123
0.2885969
0.2965084
0.282097
0.2554629
0.2373425
0.2310161
0.2270931
0.218581
0.2039219
0.1804085
0.1348799
0.08815857
0.04417616
-0.008405245
-0.05135733
-0.06836217
-0.05646159
-0.0242719
0.005323612
0.01642203
0.005017859
-0.02494107
-0.06047536
-0.08328473
-0.0934815
-0.1001617
-0.1078742
-0.1222025
-0.1486067
-0.1874244
-0.2219087
-0.2405583
-0.2477896
-0.2520995
-0.2450835
-0.2205376
-0.1825459
-0.1375784
-0.08469268
-0.02417769
0.0268904
0.05751134
0.07412522
0.08735819
0.1044647
0.1262981
0.1488975
0.1605829
0.1512101
0.123409
0.09029735
0.06569042
0.06115836
0.07750046
0.1051734
0.1411927
0.1945399
0.2625656
0.2916011
0.2788567
0.2787899
0.2966316
0.3062346
0.3031774
0.2989609
0.3002868
0.3014656
0.2981075
0.2747851
0.20483
0.08934856
-0.02233395
-0.09777907
-0.1573912
-0.2190473
-0.2784939
-0.3199758
-0.3451421
-0.3720548
-0.3993
-0.4120362
-0.4071472
-0.4043315
-0.4162371
-0.4278702
-0.4070885
-0.3390049
-0.2306704
-0.1172514
-0.03796588
1.923049e-05
0.01280182
-0.002384391
-0.04421712
-0.07714829
-0.08463026
-0.09175102
-0.1265855
-0.1776379
-0.2023045
-0.1977963
-0.1800983
-0.144221
-0.09347281
-0.05144329
-0.02181459
0.0009978217
0.02599307
0.05771843
0.09292632
0.1275321
0.1467542
0.154551
0.1616957
0.1701061
0.1770516
0.1872193
0.210411
0.2464523
0.2844645
0.3050684
0.2977767
0.2732524
0.2176805
0.132093
0.06376601
0.0174183
-0.0289803
-0.07284967
-0.1039723
-0.1208741
-0.1285567
-0.1372817
-0.1506917
-0.1636825
-0.1755835
-0.1897727
-0.2005921
-0.1994392
-0.1913667
-0.1839087
-0.1777885
-0.171401
-0.1655874
-0.1656497
-0.1721639
-0.1798611
-0.1868
-0.1998045
-0.2172949
-0.2276347
-0.2277547
-0.2197144
-0.2100914
-0.2028935
-0.1947351
-0.1895322
-0.1897592
-0.1885375
-0.1711163
-0.1391224
-0.1057199
-0.0735872
-0.03615782
0.002477949
0.02733679
0.03606192
0.04396359
0.05591217
0.0665905
0.08195183
0.1121878
0.1486754
0.1768263
0.1900396
0.1961808
0.1982438
0.1884527
0.1688512
0.1429821
0.1140132
0.09167659
0.07772617
0.06945113
0.05760075
0.03182352
-0.00788479
-0.04642216
-0.07391116
-0.09943137
-0.1196087
-0.1356781
-0.1599182
-0.1908644
-0.2113961
-0.2143551
-0.2085896
-0.2009092
-0.1928046
-0.1856208
-0.1926269
-0.2247382
-0.2786972
-0.3439509
-0.3895511
-0.397252
-0.3741363
-0.3244659
-0.2438009
-0.1559161
-0.08448865
-0.03108429
-0.005804503
0.01471378
0.0525422
0.09882468
0.1357304
0.1528366
0.1547954
0.1418302
0.1159987
0.08480992
0.06123808
0.06180884
0.08198884
0.1054387
0.1256393
0.1506571
0.1755223
0.1947714
0.2071258
0.2162514
0.2284827
0.2430403
0.2546405
0.2582414
0.2594514
0.2630988
0.2672172
0.2720906
0.276423
0.2677501
0.2367815
0.1821917
0.1107598
0.04441737
0.01008765
0.007751458
0.009189607
0.002629249
-0.004571152
-0.01004429
-0.01256506
-0.006675922
0.005664106
0.01656547
0.01560637
-0.002133218
-0.02528627
-0.04546556
-0.05560939
-0.05144558
-0.04252671
-0.04277615
-0.05525305
-0.07144144
-0.08363188
-0.08758284
-0.08018471
-0.0643743
-0.05270216
-0.05052128
-0.05567253
-0.06482868
-0.07157414
-0.06874666
-0.05131924
-0.02299331
0.009661114
0.04145828
0.06758705
0.08961475
0.1101256
0.1347703
0.1657109
0.1971797
0.2294424
0.2655074
0.2950028
0.3032514
0.3029045
0.3071379
0.3140249
0.3177823
0.3160231
0.3005562
0.2493323
0.1508922
0.04623792
-0.01612311
-0.04585961
-0.07157486
-0.09813615
-0.1218218
-0.1403645
-0.1530135
-0.162616
-0.1733947
-0.1833428
-0.1848571
-0.1737723
-0.15435
-0.1262582
-0.0886619
-0.036461
0.02451049
0.0732979
0.1056471
0.1296711
0.1526681
0.1783259
0.2038441
0.2290631
0.2525349
0.2737278
0.2935224
0.3011327
0.2985268
0.2987798
0.3043426
0.3095388
0.3146352
0.3251728
0.345652
0.3572559
0.3357149
0.2820608
0.2109694
0.1365425
0.07081384
0.03846777
0.02519153
0.01389218
0.007273419
0.009340388
0.006996038
-0.01250924
-0.046516
-0.08861633
-0.130049
-0.1798023
-0.238086
-0.2898473
-0.3284623
-0.3561401
-0.3777214
-0.3940204
-0.4160996
-0.4497746
-0.4853282
-0.5105287
-0.5111306
-0.4797952
-0.4306184
-0.3856459
-0.3522756
-0.3314892
-0.3131298
-0.28836
-0.2532005
-0.2101128
-0.1703907
-0.09658976
-0.1038395
-0.2705337
-0.3279827
-0.2173093
-0.1154204
-0.09020428
-0.09421553
-0.0669596
-0.02102724
0.007644388
0.03000047
0.05438972
0.08777603
0.1225553
0.1509647
0.1834471
0.2203385
0.2579069
0.3047271
0.3823388
0.4236933
0.4084853
0.4257296
0.4576199
0.4382555
0.3776137
0.340346
0.3530264
0.3713695
0.3467202
0.2805958
0.2052459
0.1416465
0.1019325
0.08131536
0.06902972
0.06313605
0.06387666
0.06312752
0.05618331
0.0496973
0.04478402
0.03126498
0.005539795
-0.01721911
-0.0270686
-0.03415341
-0.04575264
-0.05297734
-0.05306836
-0.05127667
-0.05225528
-0.06177654
-0.07480199
-0.08459612
-0.09469604
-0.1090278
-0.1272151
-0.1399227
-0.1464519
-0.1595386
-0.1796776
-0.1975317
-0.2119575
-0.2267372
-0.2433889
-0.2589568
-0.2746432
-0.2969978
-0.3324762
-0.3733448
-0.4044742
-0.417705
-0.4166935
-0.4006651
-0.3668306
-0.3221295
-0.2663851
-0.1867669
-0.1040549
-0.05223519
-0.02235127
0.00081689
0.02060709
0.03611046
0.05087762
0.06762445
0.08782863
0.1104646
0.1279409
0.139329
0.1470404
0.1524803
0.1607341
0.1773848
0.2005957
0.2298135
0.2565555
0.2687226
0.2705445
0.2674691
0.2667861
0.2720277
0.2878291
0.3189593
0.362045
0.4061416
0.415288
0.3510884
0.2638222
0.2145328
0.1919853
0.1768215
0.1572679
0.1421095
0.1308083
0.113619
0.08938068
0.06514914
0.04807343
0.03968124
0.02908225
0.00937721
-0.0186464
-0.04476571
-0.06075982
-0.08088963
-0.1138809
-0.152375
-0.1819885
-0.2112983
-0.2487726
-0.2819798
-0.3092291
-0.3382862
-0.3703253
-0.3936492
-0.398886
-0.3967893
-0.4091285
-0.440391
-0.4707233
-0.4799317
-0.4693233
-0.4479185
-0.4192846
-0.3779501
-0.3220117
-0.2656253
-0.2444614
-0.2629611
-0.270253
-0.2410318
-0.1875103
-0.1336869
-0.101973
-0.0723392
-0.03139591
0.007184828
0.03545463
0.06678908
0.1043613
0.1280103
0.1346971
0.140276
0.1584613
0.1859382
0.2110015
0.2288441
0.2385853
0.2430411
0.2410901
0.2329198
0.2198206
0.2014108
0.1840128
0.1721682
0.1636035
0.1547397
0.1382221
0.111683
0.08868009
0.07347278
0.05431623
0.02484062
0.003457222
0.004803943
0.001908651
-0.04173771
-0.116578
-0.189165
-0.2365555
-0.2600178
-0.2744032
-0.2928146
-0.3147261
-0.3200603
-0.2944116
-0.2480827
-0.1924119
-0.1383939
-0.08743496
-0.04982564
-0.02963569
-0.006653257
0.02501347
0.05919751
0.08363748
0.1029378
0.128168
0.1508957
0.1632305
0.1620815
0.1475168
0.1401206
0.159135
0.186698
0.2008348
0.2202987
0.2716516
0.3126968
0.3105716
0.3076424
0.3372631
0.3736877
0.3913446
0.4010091
0.4104518
0.4153883
0.4163696
0.4168839
0.4160501
0.4137558
0.4130739
0.4116527
0.4057212
0.3932645
0.3687412
0.3250725
0.2803927
0.2333286
0.1835263
0.1447656
0.1236261
0.1092516
0.0921837
0.08208021
0.08091452
0.07046155
0.04855097
0.03174004
0.0244909
0.01968141
0.01575134
0.01449307
0.01456018
0.009224756
-0.003754679
-0.0163049
-0.02494454
-0.03198236
-0.03898873
-0.04818493
-0.06106534
-0.07771785
-0.09403299
-0.1106264
-0.1255431
-0.1326083
-0.1371913
-0.1471621
-0.1560784
-0.1455347
-0.1102625
-0.098049
-0.1614802
-0.248012
-0.2535862
-0.1760939
-0.08737682
-0.03440443
-0.02056419
-0.03152681
-0.05487698
-0.07992377
-0.09646231
-0.1005383
-0.09817596
-0.1025603
-0.1142718
-0.1248605
-0.1324257
-0.1402457
-0.1497328
-0.1576955
-0.164499
-0.1716487
-0.178347
-0.1846274
-0.1871841
-0.1856857
-0.1908038
-0.2079556
-0.2257707
-0.2294442
-0.2115511
-0.1808731
-0.150784
-0.1271877
-0.1125622
-0.1022838
-0.09620625
-0.09540373
-0.09240292
-0.08416639
-0.07526471
-0.06842538
-0.06036314
-0.04391507
-0.01938907
0.009680312
0.03651194
0.05320156
0.06376671
0.07965044
0.1018154
0.1233627
0.1391145
0.14555
0.1434789
0.1445136
0.1487061
0.1377152
0.1107408
0.08368013
0.05655275
0.01571141
-0.04913641
-0.1155623
-0.1416445
-0.1344024
-0.1243595
-0.1192018
-0.1175038
-0.1162883
-0.1146847
-0.1167369
-0.1214897
-0.1196653
-0.110893
-0.1007884
-0.08934279
-0.0760212
-0.0633825
-0.05520977
-0.05159802
-0.04405789
-0.02933796
-0.0175047
-0.01362639
-0.007526932
0.0114839
0.04625701
0.082912
0.1020806
0.1134835
0.128217
0.1393874
0.1409023
0.1376304
0.1361109
0.1378444
0.1436596
0.151542
0.1536501
0.1408545
0.1139065
0.06843636
0.01570263
-0.01784054
-0.02774541
-0.02783133
-0.02589066
-0.02133793
-0.01208675
-0.001343901
0.006113374
0.01161354
0.01839704
0.02378034
0.02206097
0.007627307
-0.02111896
-0.05529148
-0.0839323
-0.1156387
-0.1505337
-0.1711997
-0.1758637
-0.1583393
-0.0940879
-0.03636109
-0.08262886
-0.2087791
-0.2979639
-0.2926706
-0.2262017
-0.1811974
-0.1941206
-0.236034
-0.2755388
-0.3076923
-0.3381381
-0.3567558
-0.3612574
-0.352195
-0.3417105
-0.3395836
-0.3414664
-0.3428815
-0.3398168
-0.3203934
-0.2786567
-0.2242485
-0.1689645
-0.1260675
-0.09752265
-0.06909514
-0.03981602
-0.01689615
-0.008316078
-0.005668063
-0.001753645
-0.005605217
-0.02249923
-0.04304968
-0.05751033
-0.06851338
-0.07634164
-0.07853306
-0.07006924
-0.05581128
-0.04059392
-0.02966081
-0.02223924
-0.01430214
-0.005946016
0.004955752
0.02701035
0.06332966
0.0978425
0.113872
0.1172338
0.1129495
0.09978376
0.07553038
0.04975417
0.04229436
0.055753
0.07479916
0.0863305
0.09982667
0.1390123
0.2085848
0.2603602
0.2606294
0.2409167
0.2274268
0.2239616
0.2243044
0.2247397
0.2282467
0.224538
0.2001077
0.1713515
0.1561438
0.1581858
0.1812196
0.2165465
0.2436863
0.2517421
0.2576336
0.2731707
0.2942257
0.3039636
0.3018447
0.302547
0.3062675
0.308528
0.3075232
0.3010542
0.2860099
0.2625254
0.2411556
0.2288446
0.2168935
0.2033694
0.1950817
0.1907159
0.1878765
0.185994
0.1812744
0.1688849
0.157025
0.1566535
0.1554225
0.1422886
0.1272692
0.1174841
0.1110449
0.1006696
0.08511141
0.06657103
0.0487019
0.0299643
0.01036955
-0.002264313
-0.005965215
-0.004921074
0.0007712476
0.008743363
0.01306267
0.01444478
0.01948449
0.03725523
0.07129365
0.1043507
0.1159844
0.08327949
0.0140065
-0.0405909
-0.05569459
-0.06253976
-0.07647276
-0.08156401
-0.07932319
-0.08216776
-0.08497143
-0.07363206
-0.04427543
-0.01115729
0.01847025
0.03919538
0.05165268
0.0576682
0.05633422
0.05038231
0.04556942
0.04559579
0.050696
0.05840665
0.06564453
0.0704227
0.0767982
0.08432109
0.08838339
0.08876493
0.08615191
0.08125623
0.07619067
0.0721622
0.06706003
0.06706675
0.07793677
0.09066542
0.09921882
0.1005176
0.08906684
0.07372429
0.06954873
0.07365799
0.07199779
0.054692
0.02556344
-0.0003737338
-0.02000216
-0.0363771
-0.04933906
-0.05824537
-0.06009006
-0.05840155
-0.05780962
-0.05171802
-0.04072157
-0.03211648
-0.03114694
-0.03615921
-0.04205432
-0.04813872
-0.05851801
-0.07288814
-0.09329023
-0.1217439
-0.145518
-0.1548808
-0.1631685
-0.1861463
-0.2208163
-0.2510898
-0.267531
-0.2738661
-0.2807269
-0.291401
-0.3060284
-0.3303742
-0.3613155
-0.3825425
-0.3795759
-0.355506
-0.3195699
-0.2760033
-0.226743
-0.1777731
-0.1371586
-0.09515691
-0.05865187
-0.05328546
-0.06022132
-0.03211567
0.01562535
0.01998384
-0.02776774
-0.07615235
-0.1048017
-0.1339675
-0.166271
-0.1909904
-0.1966717
-0.1761169
-0.1488644
-0.1390149
-0.1411268
-0.1350631
-0.1179735
-0.09359802
-0.05951381
-0.01480594
0.03133985
0.05616716
0.06062758
0.06829646
0.08496995
0.09876386
0.1031378
0.09937741
0.09056046
0.07974284
0.06510331
0.04737271
0.02965681
0.01250337
0.0007563836
-0.005484452
-0.01254463
-0.01807095
-0.01873829
-0.0205267
-0.02195183
-0.0181474
-0.01160661
-0.009008258
-0.01234085
-0.01400689
-0.007664919
0.002679136
0.01122537
0.0235402
0.04562667
0.06854898
0.07602916
0.05651037
0.02283984
-0.00504505
-0.01709855
-0.02230201
-0.03499585
-0.05520544
-0.08188287
-0.1169967
-0.1504773
-0.1701276
-0.183263
-0.201053
-0.215664
-0.2106168
-0.1805624
-0.1618783
-0.2022512
-0.2767021
-0.3136607
-0.2981059
-0.2687661
-0.2531366
-0.2377174
-0.2070886
-0.1729702
-0.1475575
-0.1293024
-0.1141761
-0.09643389
-0.07707861
-0.06412445
-0.05818689
-0.05173298
-0.0420759
-0.02725789
-0.009563647
0.007336017
0.01784534
0.02163577
0.02258286
0.02660322
0.04157225
0.06801416
0.09898418
0.1239526
0.146578
0.1650031
0.1784847
0.1892985
0.1975534
0.2054346
0.2181332
0.2342382
0.2454458
0.2434945
0.2284312
0.2054896
0.1838953
0.1663796
0.1516043
0.1423631
0.1418244
0.144074
0.1384625
0.1256242
0.1138344
0.1011892
0.08197935
0.05653075
0.03001568
0.01505016
0.01500119
0.01962642
0.01990005
0.01745108
0.01855769
0.02189096
0.02576573
0.03044221
0.03602738
0.04264764
0.04681284
0.04667263
0.04684095
0.0471403
0.04410753
0.04259146
0.04460459
0.04768612
0.05057392
0.05259301
0.0525658
0.05149342
0.05148658
0.05154515
0.052242
0.05305925
0.05270437
0.05192135
0.05095794
0.05045183
0.05010763
0.05103494
0.05339912
0.05657281
0.06186763
0.06777113
0.0702722
0.06949346
0.06793538
0.06970993
0.0778693
0.08698584
0.09108155
0.09289584
0.09862521
0.1071608
0.1124526
0.1155568
0.1185736
0.12267
0.1253076
0.1217923
0.1113674
0.09861893
0.08975666
0.08797937
0.09080338
0.09467511
0.09540224
0.08985609
0.08346166
0.0847483
0.09744213
0.1202829
0.1473142
0.1672082
0.1736064
0.1698212
0.1668137
0.1629313
0.1573209
0.1537988
0.1489918
0.1402752
0.1284934
0.1153559
0.1051993
0.09806661
0.08981178
0.08075722
0.07411388
0.06761943
0.06068094
0.05559453
0.05121497
0.04427351
0.03571126
0.02831635
0.02103849
0.01242407
0.006598766
0.005274661
0.004464311
0.001094062
-0.003515803
-0.005465597
-0.003788516
-0.006363221
-0.01670925
-0.02926472
-0.03913415
-0.04538841
-0.04868945
-0.04574767
-0.03908894
-0.03768476
-0.0398478
-0.04092213
-0.03891526
-0.0346295
-0.03208688
-0.03105903
-0.0298083
-0.02851749
-0.02826942
-0.02882557
-0.03017998
-0.03257976
-0.03363907
-0.03505348
-0.0382508
-0.03745792
-0.02927622
-0.02078549
-0.02050456
-0.03020312
-0.04485773
-0.0617172
-0.07787255
-0.08929264
-0.09699744
-0.1033596
-0.1087346
-0.1092564
-0.1010077
-0.08639535
-0.0726563
-0.06729384
-0.0694657
-0.0755684
-0.08369361
-0.09778084
-0.1179822
-0.1354874
-0.1430749
-0.1451475
-0.1449947
-0.1419934
-0.1398462
-0.1367685
-0.1231744
-0.09482015
-0.06778546
-0.07620699
-0.1170566
-0.1490521
-0.1554153
-0.1534648
-0.1524225
-0.1489724
-0.1437047
-0.136062
-0.1254483
-0.1150497
-0.1097992
-0.112059
-0.1210662
-0.1295672
-0.1313564
-0.1285387
-0.1269128
-0.1330553
-0.1462536
-0.1570842
-0.1632877
-0.1696242
-0.1798752
-0.1882264
-0.193064
-0.1956444
-0.1928915
-0.1790606
-0.1535853
-0.1244365
-0.0991866
-0.07517127
-0.05410449
-0.04668409
-0.04922452
-0.05014034
-0.04641471
-0.04196748
-0.03623668
-0.02880728
-0.02393516
-0.0217166
-0.02454975
-0.03042805
-0.03640045
-0.0418974
-0.04407415
-0.04118036
-0.03452322
-0.02823867
-0.02159535
-0.01209353
-0.002728256
0.004920633
0.01250474
0.02001838
0.027203
0.03284212
0.0344334
0.0339991
0.03535095
0.03885508
0.04095987
0.04324328
0.04481034
0.04473766
0.0449547
0.04466389
0.04379038
0.04406555
0.04578784
0.04785948
0.0511114
0.05631953
0.06468111
0.07287505
0.07966
0.0887926
0.09888996
0.1088156
0.119923
0.1276576
0.1287015
0.1292117
0.1337737
0.145839
0.1656216
0.1805728
0.184821
0.1849951
0.1770945
0.1521344
0.1115769
0.0674507
0.04158257
0.03336173
0.02458834
0.01313973
0.004315553
8.489307e-05
-0.0008981389
-0.0009669382
-0.001302802
-0.001958619
-0.001864912
0.0006360292
0.002822528
0.001108483
-0.00162241
-0.004258281
-0.008615003
-0.01454394
-0.01900974
-0.01894948
-0.01614433
-0.0154181
-0.01494767
-0.01212309
-0.009272387
-0.008428434
-0.00870294
-0.008123068
-0.008597717
-0.01317231
-0.01931816
-0.0245349
-0.02670993
-0.02719129
-0.02724066
-0.02704881
-0.0260768
-0.02522673
-0.02569819
-0.02704574
-0.02863709
-0.02987665
-0.02884145
-0.02486583
-0.01841872
-0.01212142
-0.007988714
0.002225702
0.02627009
0.04719465
0.04949496
0.03829697
0.03401868
0.04404004
0.0523814
0.04599314
0.0359737
0.03408419
0.0385161
0.04383565
0.04211849
0.03255507
0.02366918
0.02070666
0.02377974
0.02990048
0.03627851
0.04148384
0.04817993
0.05572331
0.06258257
0.06798048
0.07241562
0.07745272
0.08205832
0.08695274
0.09229867
0.09707468
0.1015592
0.1065061
0.1105495
0.1139465
0.1153035
0.1133793
0.1081259
0.09929803
0.08282216
0.0557722
0.02001608
-0.01148811
-0.03266598
-0.04989459
-0.06111763
-0.0627022
-0.06112137
-0.05965021
-0.05545466
-0.04707067
-0.03849189
-0.03658937
-0.04145212
-0.04390999
-0.03981612
-0.03898097
-0.04277789
-0.04981903
-0.05976131
-0.07248661
-0.08571963
-0.09432734
-0.1010438
-0.1099726
-0.1163288
-0.1188868
-0.1205532
-0.1228977
-0.1213584
-0.1111557
-0.09443653
-0.07540127
-0.05549959
-0.02892971
0.0001392497
0.02215806
0.03225438
0.03658568
0.04071145
0.04304797
0.04553396
0.05011293
0.05398355
0.05693542
0.06343854
0.07392744
0.08408389
0.09288395
0.09998996
0.1061587
0.1127781
0.1158123
0.109833
0.09443482
0.06906693
0.03860032
0.01989288
0.01834356
0.02209393
0.02201683
0.01554985
0.003261875
-0.01108426
-0.02544718
-0.03807379
-0.05110049
-0.0677128
-0.08272346
-0.08839759
-0.08865769
-0.08659821
-0.07939376
-0.07122611
-0.06853317
-0.07270232
-0.0771108
-0.07859015
-0.08436313
-0.09526564
-0.09909965
-0.09069797
-0.07930858
-0.06878276
-0.05675762
-0.04547418
-0.03965106
-0.0396178
-0.04043516
-0.03924396
-0.03838668
-0.03880369
-0.04002297
-0.04027396
-0.04093286
-0.04315685
-0.04423865
-0.04575275
-0.0501044
-0.0578294
-0.06660264
-0.07296179
-0.07747192
-0.08242403
-0.08685097
-0.09049301
-0.09573439
-0.1014506
-0.1061063
-0.1077309
-0.1074783
-0.1078348
-0.107941
-0.1052462
-0.101099
-0.09746783
-0.0940711
-0.08455246
-0.06512111
-0.04788622
-0.04186989
-0.04307656
-0.0455124
-0.04979467
-0.0561926
-0.06252197
-0.06524985
-0.0645047
-0.06057838
-0.05271438
-0.0429987
-0.03381933
-0.02514081
-0.01726661
-0.01143051
-0.005554009
0.001167864
0.007796552
0.01664003
0.02736941
0.04017294
0.05441365
0.06911381
0.08707839
0.1057268
0.1213552
0.1318452
0.1405028
0.1491193
0.1583357
0.1723137
0.1944046
0.2218866
0.2485544
0.2715138
0.2834447
0.2630031
0.2365106
0.2246573
0.217639
0.2021302
0.1821387
0.1732651
0.1752926
0.1790721
0.1785035
0.1666928
0.1458647
0.1209984
0.09927824
0.08160499
0.06683237
0.05707218
0.05076603
0.04219457
0.02983749
0.01866192
0.008829569
-0.0008065519
-0.01013316
-0.01792913
-0.02254066
-0.02446018
-0.02679796
-0.03059403
-0.03317598
-0.03372198
-0.03314412
-0.0308548
-0.0232597
-0.008000514
0.01492298
0.04226763
0.06821201
0.09388393
0.1181211
0.1364849
0.1486159
0.1548211
0.1548638
0.1511262
0.1441231
0.133801
0.1205458
0.1079964
0.1007851
0.09800542
0.09662948
0.09420409
0.08698447
0.07648036
0.06498076
0.05241003
0.04229347
0.0354621
0.02914205
0.02461336
0.02340919
0.02340776
0.02303677
0.02409558
0.02557888
0.02493735
0.0239616
0.02321958
0.02066494
0.01468876
0.006253193
-5.452128e-05
-0.002028019
-0.002324522
-0.0006551187
0.003354751
0.009152891
0.01555814
0.01963692
0.01982839
0.01741516
0.01494167
0.013596
0.01075433
0.007401051
0.005035531
0.003341181
0.002253645
0.001939857
0.0009993806
-0.0003817965
-0.003555172
-0.008728316
-0.01411982
-0.0203568
-0.02744677
-0.0328164
-0.0345886
-0.03369313
-0.03385711
-0.03971742
-0.05637552
-0.08099067
-0.1116541
-0.1368266
-0.1448199
-0.1461078
-0.1518809
-0.1575615
-0.1557319
-0.1496315
-0.1523339
-0.174554
-0.2173104
-0.2758639
-0.3210969
-0.3164748
-0.280982
-0.2602524
-0.2665599
-0.2694225
-0.2541436
-0.2323988
-0.2082238
-0.1783275
-0.1506921
-0.1217075
-0.09408048
-0.07457546
-0.05874372
-0.04379631
-0.03129466
-0.02399147
-0.0183919
-0.007770563
0.006591019
0.01784495
0.02102947
0.01676023
0.01136103
0.01054658
0.01376889
0.01870495
0.02621976
0.0351758
0.043942
0.05307638
0.0616305
0.06740463
0.06949474
0.06968839
0.07177305
0.07972867
0.09113621
0.1003864
0.1066695
0.1095179
0.1066671
0.09913993
0.09141118
0.08339308
0.07136924
0.05468681
0.03543819
0.01655004
0.003675761
-0.001580587
-0.002661457
0.002653683
0.01151679
0.01930209
0.02365126
0.02521158
0.02618573
0.02728768
0.02506433
0.01940022
0.01186853
0.001072943
-0.008910739
-0.01409768
-0.01739209
-0.02225192
-0.02968705
-0.03882263
-0.04843691
-0.05530393
-0.05890333
-0.05847905
-0.05838576
-0.06073538
-0.06454029
-0.06781096
-0.0690074
-0.07072418
-0.07562684
-0.08264048
-0.08937475
-0.09363639
-0.09749076
-0.1021663
-0.1053359
-0.1066066
-0.1093626
-0.1157454
-0.1217488
-0.1246281
-0.1258865
-0.1260377
-0.1252717
-0.1219485
-0.1164028
-0.1097205
-0.1026443
-0.09577056
-0.08732227
-0.07586008
-0.06445996
-0.05435464
-0.04525553
-0.03918759
-0.03466214
-0.02974171
-0.02688845
-0.02722603
-0.02678863
-0.02289619
-0.01842962
-0.01502008
-0.01136827
-0.008041557
-0.00485772
-0.003552571
-0.005911955
-0.01048632
-0.01702039
-0.02437248
-0.03174218
-0.03890944
-0.04455217
-0.04942787
-0.05437275
-0.05886011
-0.06210485
-0.06335448
-0.06210162
-0.05980212
-0.05582208
-0.05020479
-0.04341576
-0.03748738
-0.0337209
-0.03089006
-0.02766956
-0.02248327
-0.01720329
-0.01395413
-0.01124868
-0.005747211
0.003711867
0.01439782
0.02319438
0.03268358
0.04466262
0.05760268
0.06990106
0.08300999
0.09791046
0.111761
0.1244811
0.1346113
0.1419684
0.14958
0.158488
0.1673116
0.1735583
0.1781273
0.1829464
0.1882316
0.1930723
0.1943071
0.1958428
0.2039898
0.2164266
0.2304997
0.2504905
0.2829238
0.31745
0.3449109
0.3666548
0.3708822
0.3508326
0.3134707
0.278882
0.2464806
0.216016
0.2030858
0.2026729
0.2037424
0.2037994
0.2043669
0.2038693
0.1971965
0.1835594
0.1676255
0.1543753
0.1433206
0.1319294
0.1184036
0.1061263
0.09561768
0.08339416
0.07137122
0.06041016
0.0517866
0.04263502
0.03204075
0.02208563
0.01439203
0.009799826
0.002209843
-0.007973515
-0.01459661
-0.01939557
-0.02551223
-0.03303648
-0.03932935
-0.04428529
-0.04942137
-0.05403262
-0.05732231
-0.05897196
-0.06035689
-0.05873852
-0.05295479
-0.0468414
-0.04439464
-0.04393925
-0.04093421
-0.03837641
-0.03693465
-0.03652546
-0.03635906
-0.03723299
-0.03856962
-0.04241516
-0.04970779
-0.05760202
-0.06390515
-0.06877682
-0.07237298
-0.07531693
-0.07805764
-0.08287371
-0.08889029
-0.09471472
-0.1010881
-0.108703
-0.1132014
-0.1119818
-0.1069284
-0.1029455
-0.1015355
-0.1036658
-0.1113899
-0.1214898
-0.1280355
-0.1298814
-0.129987
-0.1332322
-0.1402178
-0.1483673
-0.158752
-0.1731341
-0.1904546
-0.2059564
-0.2188374
-0.2331143
-0.2510099
-0.2673707
-0.2745915
-0.2709326
-0.2604846
-0.2510815
-0.245563
-0.240858
-0.2327475
-0.2198701
-0.2034151
-0.1877521
-0.1750832
-0.1609306
-0.1391626
-0.1045864
-0.06040788
-0.02171533
-0.001679658
0.006711649
0.01941527
0.03564302
0.04622649
0.05415941
0.06477418
0.07620569
0.08585812
0.09372105
0.1012693
0.1071174
0.1087791
0.1096918
0.1115081
0.1136605
0.1168934
0.1199934
0.1203703
0.1213937
0.1223544
0.1175894
0.1100166
0.1053387
0.1007865
0.09628869
0.09615912
0.09679408
0.09526134
0.09365562
0.09645679
0.101549
0.105715
0.1087378
0.1080405
0.09785357
0.08616793
0.08280189
0.08791323
0.09165269
0.0872904
0.08414017
0.09148319
0.1028023
0.1077881
0.1044572
0.09790607
0.09242464
0.08561364
0.07780933
0.07241222
0.06834094
0.05744597
0.03600468
0.01244932
-0.01090975
-0.03389062
-0.0535088
-0.07516634
-0.1020396
-0.1280762
-0.1431749
-0.1524268
-0.1658456
-0.1745194
-0.1652803
-0.1443628
-0.1287815
-0.1239653
-0.1232092
-0.1184323
-0.1133124
-0.1152543
-0.1224042
-0.1262602
-0.1214727
-0.1103668
-0.09612183
-0.07799458
-0.05766307
-0.03667356
-0.0131421
0.01240827
0.03185295
0.04091741
0.04782209
0.0533636
0.05160226
0.04405866
0.03655295
0.02946394
0.02103345
0.01254761
0.004409153
-0.002129693
-0.00792487
-0.01320216
-0.01415317
-0.01236077
-0.01260494
-0.01430097
-0.01531266
-0.01715815
-0.01883557
-0.01777371
-0.01824403
-0.02028167
-0.02053636
-0.02065294
-0.02146348
-0.02297359
-0.02551752
-0.02603956
-0.02320385
-0.02015051
-0.02095611
-0.02139566
-0.0197588
-0.01928861
-0.02010772
-0.02104286
-0.02016463
-0.0184213
-0.01589402
-0.01149219
-0.006562563
-0.001895678
0.001110629
0.002920202
0.005321677
0.006424883
0.00552746
0.00424951
0.004894783
0.00749197
0.01048877
0.01501834
0.0180379
0.017713
0.01582024
0.01312879
0.009882678
0.004694336
-0.000807083
-0.002421214
-0.0005719754
0.0003175802
-0.0004425582
-0.001971812
-0.001698017
-0.002334471
-0.006250284
-0.01146235
-0.01514982
-0.01656432
-0.01712916
-0.01818891
-0.01883887
-0.01880489
-0.01881575
-0.01901324
-0.01909025
-0.01829468
-0.01415043
-0.008534705
-0.009107215
-0.01116879
-0.006243797
0.002958947
0.009719845
0.01494095
0.02142896
0.02787562
0.03230997
0.03586819
0.03678325
0.03534243
0.0338004
0.03315804
0.03187032
0.02868679
0.02628238
0.02503427
0.02034637
0.01541033
0.01188219
0.007669266
0.001403398
-0.006066398
-0.01375967
-0.01962495
-0.02468966
-0.02824737
-0.02944734
-0.02899372
-0.02914997
-0.02844091
-0.02311491
-0.01628433
-0.01274693
-0.01150721
-0.01014499
-0.007234538
-0.004827296
-0.003145049
-0.0002410361
0.00324359
0.00705785
0.01293528
0.01936544
0.02463509
0.02858607
0.03191948
0.03784707
0.04450929
0.04850354
0.05104544
0.05485101
0.06158682
0.06847062
0.07248871
0.07330763
0.07376651
0.07485721
0.07499257
0.07476083
0.07198093
0.0680912
0.06661862
0.06819713
0.07076628
0.07551787
0.08280267
0.09106194
0.09701912
0.1005904
0.1030588
0.1039215
0.103243
0.1008292
0.0957856
0.09006723
0.08536827
0.07886444
0.06978936
0.05797918
0.04551302
0.03681345
0.03099155
0.02661662
0.02586038
0.025476
0.02110274
0.01501296
0.009125864
0.004588353
0.003023968
0.004517742
0.004411946
-0.0005133997
-0.008431889
-0.01453964
-0.01953995
-0.02610457
-0.03071529
-0.03436237
-0.04047201
-0.04862126
-0.05726309
-0.06404256
-0.07002413
-0.07649558
-0.08082399
-0.08119078
-0.08052135
-0.07908105
-0.07527559
-0.06790862
-0.05849389
-0.04964155
-0.04279717
-0.0404126
-0.03972785
-0.03826789
-0.03760269
-0.03684013
-0.03054782
-0.02036348
-0.01168754
-0.007285557
-0.008969088
-0.0134477
-0.01406797
-0.01074573
-0.005019322
0.001781727
0.007833934
0.01271415
0.01696598
0.01685137
0.01201481
0.005008014
-0.002125351
-0.009607482
-0.01711612
-0.02218607
-0.02376386
-0.02368314
-0.02037312
-0.01487717
-0.008902837
-0.001823543
0.006185785
0.01226686
0.0152934
0.01866486
0.0241114
0.02768693
0.02798124
0.02693389
0.02710275
0.02737709
0.02588827
0.02309264
0.01989279
0.0165011
0.01383844
0.01245044
0.01132688
0.009812761
0.007816267
0.006293082
0.005023336
0.005201195
0.004262802
0.001008783
-0.002484866
-0.004206573
-0.002912652
-0.001840033
-0.001100971
0.002521575
0.008573203
0.01285482
0.0125284
0.0113066
0.01188213
0.0106868
0.007042543
0.003140183
0.0006896329
-0.001218349
-0.005035417
-0.01033829
-0.01646235
-0.02057969
-0.02196928
-0.02411056
-0.02783708
-0.02988029
-0.03036119
-0.03169338
-0.0321063
-0.03164605
-0.03165923
-0.03207466
-0.03228577
-0.03347048
-0.03855778
-0.04605858
-0.0523626
-0.05528661
-0.05705607
-0.05966681
-0.06065903
-0.06107132
-0.06205956
-0.06223835
-0.06098263
-0.05992437
-0.05842704
-0.05512278
-0.05272433
-0.05048846
-0.04879952
-0.04859784
-0.04709792
-0.04230573
-0.03230203
-0.01811889
-0.003065323
0.008500798
0.01683854
0.02436267
0.0304479
0.03413623
0.03576501
0.03930841
0.04559175
0.05160419
0.05473338
0.05568525
0.05607561
0.05614259
0.05625444
0.05283368
0.04925627
0.0490185
0.0492186
0.04902187
0.046592
0.04328065
0.04111486
0.03878392
0.03559022
0.0298171
0.02322079
0.01736566
0.01076824
0.005099425
0.00234884
-0.000234529
-0.002778908
-0.003166929
-0.003310521
-0.003225519
-0.002341482
8.691507e-06
0.003170823
0.004713022
0.004930186
0.004698188
0.003522016
0.002149151
0.00215442
0.001768606
1.118075e-05
-0.001074296
-0.002882882
-0.006882738
-0.01277154
-0.01836334
-0.02082502
-0.02208288
-0.02493393
-0.02806895
-0.03167988
-0.03574596
-0.04083502
-0.04673635
-0.05113682
-0.05424977
-0.05663211
-0.05740065
-0.05898449
-0.06063115
-0.06014392
-0.05827182
-0.05602534
-0.05159607
-0.04717251
-0.04396051
-0.03890726
-0.03207753
-0.02489657
-0.01806672
-0.01300562
-0.01082907
-0.01034561
-0.009790061
-0.007830413
-0.006239058
-0.008626053
-0.01046665
-0.009194255
-0.007308274
-0.004013277
0.002811845
0.01252085
0.02260189
0.03176743
0.04049037
0.0477633
0.05160677
0.05458011
0.05723864
0.05663314
0.05559185
0.05659531
0.05649598
0.05189575
0.04689315
0.04316534
0.03819796
0.0320523
0.02629752
0.02056248
0.01375129
0.007930992
0.003907831
-0.001290164
-0.00732309
-0.01040561
-0.01186336
-0.01481624
-0.0183283
-0.01993838
-0.02088538
-0.02311825
-0.02466591
-0.02684493
-0.0296259
-0.02964677
-0.02680202
-0.0210252
-0.01570974
-0.01141003
-0.005970769
0.0008276271
0.004785245
0.004370188
0.00330721
0.00462798
0.007582378
0.009975018
0.01219239
0.01491121
0.01774092
0.02201315
0.02961607
0.03448916
0.03820178
0.04558161
0.05396082
0.0589734
0.06131744
0.06336423
0.06495704
0.06594239
0.06860494
0.07114407
0.07204098
0.07249268
0.07210694
0.06973357
0.06392474
0.05582316
0.05108797
0.04736674
0.04097325
0.03452983
0.02887068
0.02484284
0.0223054
0.02172908
0.0216006
0.01837029
0.01279565
0.009603004
0.008358398
0.004396026
-0.004416593
-0.01313116
-0.01914596
-0.02495112
-0.03298196
-0.0448137
-0.0601454
-0.07235173
-0.07801152
-0.07943425
-0.07978748
-0.08143468
-0.08409808
-0.08533746
-0.08513599
-0.08369765
-0.0833437
-0.08317931
-0.08117658
-0.07961892
-0.07833544
-0.07850338
-0.07980698
-0.08130753
-0.08245693
-0.0835411
-0.08437488
-0.08417047
-0.08383207
-0.08345801
-0.08186229
-0.07927573
-0.07628139
-0.07348653
-0.06925074
-0.06202482
-0.05468758
-0.04833265
-0.04174957
-0.03632891
-0.03278063
-0.03117915
-0.02928859
-0.02624154
-0.02413573
-0.02160647
-0.01663985
-0.01077552
-0.00521084
-2.433869e-05
0.004649173
0.009211286
0.01504258
0.02164528
0.02952535
0.03760653
0.04329732
0.04975811
0.05741119
0.06295788
0.06565261
0.06641349
0.06572218
0.06423015
0.0633274
0.06285072
0.0647302
0.06896279
0.07204257
0.07459404
0.0775176
0.07694417
0.07043979
0.06052081
0.04759248
0.03636952
0.03150471
0.03189045
0.03263801
0.03038248
0.02937778
0.02843035
0.02544278
0.02141736
0.01811834
0.01517063
0.0123289
0.01105837
0.01148701
0.01171307
0.01106969
0.01012891
0.007590029
0.003997812
0.001673748
0.001602803
0.0005207349
-0.0007705874
-0.0009538461
-0.001833324
-0.002095824
-0.0008917042
-0.001914516
-0.004387318
-0.004409152
-0.003846498
-0.006887209
-0.01059178
-0.01157852
-0.014412
-0.01593468
-0.01495341
-0.01524103
-0.01536375
-0.01430629
-0.01143541
-0.007280403
-0.001947636
0.00320678
0.008498216
0.01207588
0.01451381
0.01890546
0.02390182
0.02772476
0.03194856
0.03500579
0.03608766
0.0360459
0.0375746
0.03959634
0.03957437
0.03876786
0.03876639
0.03750639
0.03186082
0.02462412
0.01886791
0.01431622
0.01190672
0.009933655
0.007955853
0.006277511
0.004488741
0.002980227
0.0007859221
-0.0009099104
-0.002623936
-0.004143859
-0.004607216
-0.005798357
-0.007108351
-0.008474236
-0.01007708
-0.009852682
-0.01055066
-0.01301916
-0.01405535
-0.01475908
-0.01541962
-0.0151037
-0.01383414
-0.01222967
-0.0120266
-0.0129724
-0.01321306
-0.01257685
-0.01114107
-0.009408592
-0.009068076
-0.008991734
-0.007186449
-0.004094207
-0.002786197
-0.002078738
0.001080219
0.00316287
0.004020987
0.007233628
0.01160528
0.0153729
0.01825269
0.02155496
0.02550924
0.03042261
0.03427216
0.03622198
0.03814876
0.03937689
0.0410373
0.04229803
0.04162745
0.03964781
0.03659608
0.03241646
0.02808224
0.02424011
0.02017891
0.01474909
0.009109036
0.005650942
0.001425039
-0.003822131
-0.008650433
-0.01414758
-0.019527
-0.0221566
-0.0238328
-0.02698924
-0.03083607
-0.03354716
-0.03446982
-0.03498659
-0.03526964
-0.03533768
-0.03515071
-0.03375973
-0.03181416
-0.02923586
-0.02525462
-0.02210025
-0.01898378
-0.01405889
-0.009055362
-0.003222636
0.001858443
0.006939405
0.01175775
0.01540566
0.02092363
0.02729043
0.03192601
0.03689019
0.04301257
0.04845366
0.05165913
0.0536829
0.05551003
0.05565768
0.0544313
0.05291183
0.05119827
0.05074919
0.05325058
0.05624945
0.05696203
0.05457869
0.05111579
0.04606963
0.0385084
0.03122143
0.02587787
0.02136997
0.01734494
0.01525522
0.0134512
0.009042963
0.002559319
-0.003340221
-0.007201062
-0.01126688
-0.0153933
-0.01794613
-0.02042711
-0.0237494
-0.02710937
-0.02987322
-0.03255425
-0.0362923
-0.0391723
-0.04071851
-0.04330852
-0.04497182
-0.04605764
-0.04728977
-0.04732383
-0.04911338
-0.05224355
-0.05571736
-0.05802749
-0.05857078
-0.06070495
-0.06474022
-0.0676815
-0.06815757
-0.0715728
-0.07637173
-0.07533271
-0.07206795
-0.07102049
-0.0687595
-0.0647472
-0.06090382
-0.05791333
-0.05432187
-0.04958219
-0.04561101
-0.04235238
-0.03798997
-0.03438683
-0.03183664
-0.02764251
-0.02276877
-0.01998938
-0.0188125
-0.01868246
-0.01742715
-0.0152599
-0.01494606
-0.01587492
-0.01598428
-0.01540176
-0.01556874
-0.01703497
-0.01821283
-0.02027369
-0.0235561
-0.02699066
-0.02965219
-0.03459511
-0.03987649
-0.04306798
-0.04487596
-0.04646016
-0.0466037
-0.0462842
-0.04669517
-0.04662613
-0.0447486
-0.04201464
-0.04021009
-0.03962562
-0.0385862
-0.03829189
-0.03703495
-0.03462974
-0.03303368
-0.03053675
-0.02797853
-0.02698212
-0.02622699
-0.0245666
-0.02340839
-0.02365116
-0.02209949
-0.01971814
-0.01802155
-0.01432403
-0.01109296
-0.009763222
-0.007326769
-0.003666534
-0.0005550208
0.0009907644
0.003273405
0.007743089
0.01236413
0.01738368
0.0235479
0.03109841
0.04101219
0.05215976
0.06436626
0.07761781
0.09114645
0.1021606
0.1084789
0.1143874
0.1236185
0.1315868
0.1354368
0.1370841
0.1390306
0.1406662
0.1428744
0.1436777
0.142502
0.1406927
0.1390176
0.1366032
0.1342731
0.1345322
0.1345293
0.1295933
0.1221902
0.1174785
0.1145557
0.1101156
0.09981174
0.08519192
0.06818714
0.05340276
0.04349172
0.03272862
0.02206774
0.01411775
0.008311973
0.003485948
-0.0003050769
-0.003952647
-0.008106279
-0.01209868
-0.01717939
-0.02349006
-0.0293113
-0.03357795
-0.03628452
-0.03860068
-0.04031797
-0.04111341
-0.04167543
-0.04061203
-0.03769494
-0.03651506
-0.03802935
-0.03770325
-0.0348717
-0.0336138
-0.03272454
-0.02961057
-0.02804247
-0.02858241
-0.02948013
-0.02984806
-0.02913879
-0.02865213
-0.02870371
-0.0276816
-0.02593689
-0.02556202
-0.0251952
-0.0235776
-0.02318481
-0.02521635
-0.02711789
-0.02666044
-0.02547786
-0.02489303
-0.02332471
-0.02286501
-0.02385164
-0.02412763
-0.02310934
-0.02190125
-0.02302643
-0.02423918
-0.02405578
-0.02450505
-0.02536503
-0.02629156
-0.02636185
-0.02484773
-0.02255178
-0.02278075
-0.02361907
-0.02181902
-0.01919156
-0.01736707
-0.01545958
-0.01407007
-0.01299676
-0.01205511
-0.01074978
-0.008616575
-0.007840969
-0.007080589
-0.006017741
-0.004608551
-0.002971651
-0.003094301
-0.002371476
-8.107143e-05
0.0001016327
-0.001033053
-0.001134306
-0.001236974
-0.00299361
-0.004244635
-0.005310539
-0.006614309
-0.008223461
-0.009574302
-0.01004497
-0.01136317
-0.01230783
-0.01183353
-0.01153558
-0.012935
-0.0142544
-0.01472555
-0.01488682
-0.01507972
-0.01715059
-0.01881475
-0.01901104
-0.01910065
-0.02017961
-0.02117378
-0.02211659
-0.02349088
-0.02377621
-0.0231106
-0.02301715
-0.02350077
-0.02333304
-0.0215683
-0.01995425
-0.02038922
-0.02130802
-0.0210864
-0.02009818
-0.0184864
-0.01720031
-0.01687754
-0.01495265
-0.01243374
-0.01101761
-0.01003789
-0.008085771
-0.005821294
-0.005988628
-0.006478809
-0.004480703
-0.002438259
-0.001327441
0.00172411
0.00497775
0.008393251
0.01173534
0.01560216
0.01906211
0.0221846
0.02509025
0.02716999
0.03065116
0.03433965
0.0360523
0.03826033
0.04176916
0.04491147
0.04595961
0.04656912
0.05035306
0.05490038
0.05717583
0.05681301
0.05569774
0.05496499
0.0517542
0.04426428
0.03482829
0.02555626
0.01613899
0.00554467
-0.003948832
-0.008619563
-0.01358388
-0.02058042
-0.02525725
-0.02722938
-0.02891896
-0.03407149
-0.03936787
-0.04134017
-0.04289846
-0.04617715
-0.04987661
-0.05231889
-0.05220603
-0.05062223
-0.04855528
-0.04821109
-0.04775435
-0.04456367
-0.04059408
-0.0379382
-0.03617764
-0.03464587
-0.03184458
-0.02891834
-0.02867347
-0.02839226
-0.02654078
-0.02598877
-0.02676963
-0.02699491
-0.02595598
-0.02396453
-0.02232868
-0.02138772
-0.01974466
-0.01590514
-0.01185499
-0.01043461
-0.008247516
-0.003261582
0.001599022
0.004520481
0.006376359
0.008357074
0.01017484
0.01396993
0.01951945
0.02317304
0.02634598
0.03151196
0.03809763
0.04323389
0.04736402
0.05367266
0.05990059
0.06331597
0.06449054
0.06433959
0.06541729
0.06815008
0.06913144
0.06689973
0.06433628
0.06309949
0.06091681
0.0563455
0.05133583
0.04766492
0.04531561
0.04246991
0.03707592
0.03250311
0.03116126
0.0311431
0.02909397
0.02691415
0.02511347
0.02493656
0.0254306
0.02427408
0.02293735
0.02210991
0.02221025
0.02266036
0.02257881
0.0222233
0.02212408
0.02171075
0.02009514
0.01882368
0.01829425
0.0165472
0.01457091
0.01330416
0.01388656
0.01447445
0.01314825
0.01079569
0.01008124
0.01114658
0.0116913
0.01214266
0.01471837
0.01747863
0.01915376
0.02062885
0.02184099
0.02228239
0.02299762
0.02401809
0.02491405
0.025044
0.02258898
0.02113603
0.02203499
0.02058212
0.01739513
0.01566107
0.0138332
0.01083163
0.007922323
0.004365988
0.001091571
-0.0012874
-0.004243976
-0.008941856
-0.01354383
-0.01600227
-0.01803554
-0.02161541
-0.02524658
-0.02685776
-0.02701078
-0.02981348
-0.0342539
-0.03729698
-0.03926545
-0.04232296
-0.04623079
-0.04841339
-0.0501558
-0.0531058
-0.05592797
-0.05704968
-0.06104239
-0.06693618
-0.06962754
-0.07079819
-0.07395125
-0.07799233
-0.07885627
-0.07721764
-0.07713619
-0.07938298
-0.0807556
-0.07970029
-0.07787331
-0.07750431
-0.0785199
-0.07914111
-0.07994567
-0.08124763
-0.08098979
-0.07814756
-0.07689777
-0.07850244
-0.07941747
-0.07861729
-0.07792713
-0.07814355
-0.07849203
-0.07845104
-0.07828729
-0.07828157
-0.07835678
-0.07872706
-0.07985684
-0.08015507
-0.07949394
-0.07815212
-0.07445911
-0.06878355
-0.06130371
-0.05203867
-0.04450747
-0.03795068
-0.03269236
-0.03105974
-0.03115437
-0.03071417
-0.02971182
-0.02907477
-0.02756029
-0.02404253
-0.02071276
-0.01861606
-0.01718083
-0.0159032
-0.01301586
-0.007015266
-0.002015498
0.00125498
0.005682097
0.01033392
0.01343371
0.01560475
0.01856972
0.0219159
0.02350001
0.02568686
0.02877103
0.03135289
0.034074
0.03699728
0.0398567
0.04269262
0.04580115
0.05016641
0.05529259
0.05823406
0.05906717
0.05873517
0.05870126
0.0594351
0.05996711
0.06056605
0.06229117
0.06131418
0.05803364
0.05631903
0.05506972
0.05176214
0.04918772
0.04813963
0.04747078
0.044339
0.04024583
0.03730791
0.03636995
0.03735384
0.03701792
0.03591742
0.03798101
0.04069374
0.04147175
0.04216074
0.04370552
0.04642257
0.04920562
0.05124827
0.05308836
0.05616944
0.05957872
0.06331336
0.06685909
0.07027762
0.07468914
0.07822711
0.07944513
0.08103818
0.08252129
0.08223147
0.08162094
0.08079519
0.0793503
0.07742508
0.07362627
0.06856349
0.06411937
0.05967838
0.05631192
0.05426889
0.05154111
0.04815941
0.0460486
0.04425
0.04168812
0.03858016
0.03559459
0.03289777
0.0297955
0.02570664
0.02210734
0.01877567
0.01581259
0.01313075
0.01092608
0.01058385
0.01022993
0.009932293
0.01100549
0.01142807
0.01069457
0.01037846
0.01077682
0.01104896
0.01092479
0.01078032
0.0108129
0.01086609
0.01029149
0.009018731
0.008436058
0.008008103
0.008000974
0.007702382
0.006994857
0.007812875
0.007723075
0.006249537
0.006789865
0.008563806
0.00772584
0.004900858
0.003897563
0.004445326
0.003324173
0.001700715
0.00114044
9.746583e-05
-0.0009555747
-0.001465939
-0.002090986
-0.002209657
-0.002929828
-0.003888857
-0.003668259
-0.003190654
-0.003337755
-0.003664035
-0.003674021
-0.003528323
-0.003499543
-0.003561203
-0.003584379
-0.003638377
-0.004671502
-0.006662158
-0.008209947
-0.009111575
-0.009822441
-0.01297264
-0.01647152
-0.01841503
-0.02066605
-0.02382172
-0.02698623
-0.02997315
-0.03398725
-0.03856847
-0.04157609
-0.04349969
-0.04627855
-0.04957597
-0.05169982
-0.05421226
-0.05770216
-0.06071882
-0.06285487
-0.06402537
-0.06485688
-0.06507788
-0.06425263
-0.06130617
-0.05818467
-0.05738588
-0.05680517
-0.05358993
-0.04947859
-0.04743352
-0.04807378
-0.04757853
-0.04533231
-0.04412135
-0.04378205
-0.04398311
-0.0441306
-0.04338024
-0.04196715
-0.04083326
-0.03919045
-0.03802293
-0.03548326
-0.0324739
-0.03129316
-0.03022353
-0.02803209
-0.02767905
-0.02807664
-0.02690173
-0.02614898
-0.02660166
-0.02687843
-0.02581858
-0.02377538
-0.02287916
-0.02220592
-0.019837
-0.01791387
-0.01696287
-0.01505176
-0.01228376
-0.01003609
-0.008179262
-0.006227303
-0.003887912
-0.001261134
0.002017217
0.004981044
0.007480341
0.009212293
0.01121238
0.01373459
0.01723908
0.02118133
0.02364094
0.02591751
0.0310941
0.03832802
0.04420868
0.0487546
0.05291909
0.05607097
0.05880751
0.06100624
0.06201406
0.0620604
0.06158931
0.05929728
0.0554957
0.05121577
0.04564517
0.03841302
0.03127135
0.02524444
0.01719001
0.009719458
0.006357914
0.003697775
0.0003512801
-0.0009535775
-0.001568402
-0.003127092
-0.003733183
-0.003583675
-0.004662717
-0.005735419
-0.006413292
-0.006022791
-0.004507847
-0.003886329
-0.003585737
-0.003527766
-0.004104091
-0.005297051
-0.006129247
-0.008617666
-0.01154885
-0.01192145
-0.01392004
-0.01752184
-0.01909587
-0.01945605
-0.02085157
-0.02293909
-0.02456754
-0.02515226
-0.02415794
-0.02221038
-0.02132357
-0.02114941
-0.01889929
-0.01658793
-0.01506704
-0.01237414
-0.009496756
-0.008442732
-0.007788989
-0.006105596
-0.005257125
-0.006795325
-0.008048572
-0.008226348
-0.008364894
-0.009159439
-0.009333924
-0.009027272
-0.009087673
-0.009352907
-0.009386312
-0.01010963
-0.01193893
-0.0128353
-0.01212932
-0.01240559
-0.01462028
-0.01597194
-0.01586573
-0.01618768
-0.01725823
-0.01824507
-0.0180211
-0.0176068
-0.01859715
-0.01894553
-0.01658723
-0.01412014
-0.01314339
-0.01137809
-0.007877841
-0.004607459
-0.002051489
0.001610982
0.0064678
0.00990689
0.01084489
0.01237279
0.01529013
0.01719868
0.01806625
0.01833141
0.01824611
0.01934649
0.02052476
0.0192213
0.01767957
0.01716778
0.01626755
0.01572252
0.01512582
0.01426669
0.01312887
0.01150051
0.01001034
0.008810748
0.00747876
0.005746004
0.003171933
0.001178327
0.0003786996
-0.0004620712
-0.001436417
-0.003446777
-0.005087559
-0.006867441
-0.009892559
-0.0119143
-0.01256237
-0.01367092
-0.01541034
-0.01553487
-0.01281826
-0.01095277
-0.009848205
-0.008402249
-0.006711349
-0.003851993
-0.0008693524
0.0003034788
0.0004677249
0.0009184878
0.003542068
0.006429004
0.005802345
0.004131735
0.004960342
0.007751028
0.008469618
0.006645104
0.006913924
0.009210074
0.01149785
0.01204594
0.01354089
0.01558115
0.01691808
0.01794984
0.01939309
0.02053214
0.02076608
0.02252061
0.02629327
0.02907951
0.02947864
0.03000487
0.0320007
0.03461565
0.03760425
0.03949473
0.03994131
0.04126457
0.04231018
0.04310663
0.04318572
0.04342424
0.04407374
0.04396096
0.04455893
0.04496905
0.0446626
0.04373498
0.04288066
0.04324315
0.04306023
0.04180505
0.04092725
0.04130376
0.0426619
0.0426746
0.04182634
0.04164159
0.04137595
0.04124075
0.04159252
0.04088524
0.03970559
0.03896496
0.03849263
0.03633211
0.03414111
0.03239856
0.02785107
0.02162481
0.01577155
0.009278648
0.003508136
0.0002261642
-0.004227435
-0.009501557
-0.01244951
-0.0134343
-0.01473134
-0.01664035
-0.0186705
-0.02007689
-0.02220462
-0.02463008
-0.02659857
-0.02684279
-0.02604716
-0.02530484
-0.02419463
-0.02295138
-0.02315221
-0.02314454
-0.02103633
-0.02038282
-0.02064631
-0.01993254
-0.01960019
-0.02068565
-0.02260466
-0.02331507
-0.02309329
-0.02294583
-0.02303527
-0.0241514
-0.02523903
-0.0250473
-0.0243453
-0.0252832
-0.0266341
-0.02723978
-0.02674021
-0.02640464
-0.02749008
-0.02956607
-0.0303714
-0.03023175
-0.03081962
-0.03187459
-0.03283374
-0.03336862
-0.03397781
-0.03555794
-0.03902487
-0.04155413
-0.04204697
-0.04382085
-0.04683121
-0.04916033
-0.05000929
-0.05014469
-0.05184127
-0.05372695
-0.05038081
-0.04882873
-0.0541155
-0.05636909
-0.05373107
-0.05233751
-0.05430548
-0.05321988
-0.04854114
-0.04576402
-0.04320403
-0.03866137
-0.03359121
-0.02755778
-0.02190418
-0.01763979
-0.01441029
-0.01400579
-0.01399932
-0.01160245
-0.00876139
-0.006622892
-0.006988268
-0.007815894
-0.004684022
-0.001100771
-0.001331708
-0.002148334
-0.001091976
0.0005627632
0.001265045
0.0006063971
0.0002395506
0.001504314
0.001695374
-0.00068698
-0.001882285
-0.001693451
-0.001914975
-0.002129074
-0.002999927
-0.002997593
-0.001786743
-0.001731943
-0.002243276
-0.001196537
0.0008719055
0.001344257
0.0003073324
0.0002246427
0.001913962
0.002849984
0.002098
0.001786228
0.00349917
0.006178833
0.009603076
0.01189225
0.01319197
0.01471125
0.01672041
0.02052446
0.02354365
0.02539873
0.02905829
0.03302989
0.03570986
0.03885515
0.04170299
0.04445008
0.04568406
0.04572107
0.04607575
0.04690148
0.04924342
0.0502709
0.04785199
0.04473003
0.04113909
0.03541107
0.02780732
0.01975001
0.01388832
0.009667313
0.004360803
-0.001268678
-0.005817601
-0.008104133
-0.01011967
-0.01369048
-0.01781373
-0.02109554
-0.02414405
-0.02606469
-0.0278792
-0.0293412
-0.02999886
-0.03233756
-0.03448342
-0.03433461
-0.03452915
-0.03523009
-0.03496035
-0.03324515
-0.03140598
-0.03035133
-0.02903469
-0.02599054
-0.02244641
-0.01982725
-0.01677148
-0.01230735
-0.01095774
-0.009938013
-0.006586447
-0.004182184
-0.003556917
-0.002205217
0.001023045
0.003791579
0.005324198
0.006492894
0.009189706
0.01385576
0.01719595
0.01841098
0.01902037
0.02067479
0.02339998
0.02613741
0.02735075
0.02861658
0.03078603
0.03153815
0.03285316
0.03595308
0.03789503
0.03844405
0.039541
0.04034377
0.03969139
0.04030092
0.04117159
0.04045118
0.03887881
0.03832057
0.03692534
0.03462949
0.03414618
0.03357768
0.03172007
0.03036145
0.02968343
0.02595731
0.02127413
0.02053455
0.02024219
0.01746564
0.01508064
0.0140879
0.01296917
0.01131146
0.00972407
0.008289553
0.006205923
0.004482568
0.004273973
0.003279073
0.001198374
-0.0005560458
-0.001711912
-0.002978764
-0.005215585
-0.00698775
-0.00718646
-0.008184139
-0.009473321
-0.01011833
-0.01148815
-0.01262139
-0.01369649
-0.01611381
-0.01857044
-0.01892336
-0.0170948
-0.01747438
-0.01900218
-0.01819485
-0.0157377
-0.01294497
-0.01071995
-0.009233062
-0.007441251
-0.006032477
-0.004591285
-0.002214548
-0.0006434169
-0.0006190623
-0.000159515
0.00183876
0.002743629
0.001908857
0.001476944
0.001990895
0.002291804
0.001032818
-0.001140734
-0.002537041
-0.003341262
-0.003570742
-0.003322716
-0.004393998
-0.006705168
-0.008321967
-0.008247593
-0.008589726
-0.01161165
-0.01357
-0.01233729
-0.01218693
-0.01286457
-0.01233898
-0.01211046
-0.01247524
-0.01251922
-0.01127857
-0.01015038
-0.009668419
-0.008364825
-0.006631846
-0.006261636
-0.006895046
-0.005722136
-0.002964458
-0.0004604909
6.958832e-05
0.001170165
0.004126779
0.007761033
0.009062788
0.009965436
0.01317151
0.01597583
0.01796631
0.02027741
0.02129193
0.02273661
0.02496644
0.02525904
0.02431746
0.02388244
0.02222191
0.01990839
0.01859834
0.01674252
0.0141951
0.01101295
0.009543215
0.00832776
0.004875779
0.001604995
0.001700215
0.002987855
0.001884522
0.00146219
0.003451469
0.004433431
0.004916433
0.007511615
0.01010659
0.01116321
0.01202872
0.01399934
0.01694753
0.01868937
0.01975999
0.02256912
0.02553403
0.02533654
0.02392775
0.02410969
0.02480028
0.02358326
0.02129543
0.02057078
0.02208526
0.02110458
0.01656073
0.01271154
0.01170358
0.01251742
0.01150964
0.008364081
0.00469409
0.002636004
0.002889121
0.000957438
-0.002478479
-0.004957168
-0.005709671
-0.006000585
-0.007236531
-0.01028556
-0.01234905
-0.01294835
-0.01337768
-0.01402519
-0.01575215
-0.01718244
-0.01732692
-0.01836502
-0.01985777
-0.02024828
-0.02017816
-0.01976029
-0.02072186
-0.02200867
-0.02281396
-0.02246259
-0.02140887
-0.02096653
-0.02308051
-0.02450195
-0.02251021
-0.02124752
-0.02225683
-0.02316859
-0.02355272
-0.02336848
-0.02290721
-0.022976
-0.02166606
-0.02048519
-0.02253448
-0.02460692
-0.02296712
-0.02304061
-0.02671919
-0.02902127
-0.02922811
-0.03008312
-0.03201459
-0.03366636
-0.03340733
-0.03252255
-0.03289904
-0.03271501
-0.03173255
-0.03077036
-0.03002498
-0.0284399
-0.02678396
-0.02660218
-0.02728951
-0.02618662
-0.0228138
-0.02220756
-0.02457458
-0.02307438
-0.01990696
-0.021415
-0.02497736
-0.02530691
-0.02429543
-0.02396442
-0.02565705
-0.02890643
-0.03030468
-0.02965542
-0.02991424
-0.03217946
-0.0332047
-0.03123071
-0.02876303
-0.02775729
-0.02676996
-0.02355956
-0.01776242
-0.01412146
-0.0150831
-0.01481445
-0.01240275
-0.01055554
-0.009326428
-0.007654494
-0.004285623
-0.00267833
-0.00269525
-0.0003147241
0.002460761
0.002472165
0.002267016
0.003737953
0.007582693
0.01033562
0.009941116
0.01112105
0.01397949
0.0153345
0.01496908
0.01632982
0.01951613
0.02038605
0.02038268
0.0219256
0.02409928
0.02518373
0.02505113
0.02613215
0.02836953
0.02999694
0.03094078
0.03214105
0.03379043
0.03549385
0.03819372
0.0408216
0.03978623
0.03919527
0.03969505
0.03905302
0.03762747
0.03570216
0.03519772
0.03448723
0.03265078
0.03027546
0.02776272
0.02651893
0.02625171
0.02539262
0.02346624
0.02343558
0.02276543
0.02002649
0.01837215
0.01879497
0.01774243
0.01621294
0.01549779
0.01586943
0.01621316
0.01663667
0.01586135
0.0142826
0.01451024
0.01457582
0.01347485
0.01153228
0.009934987
0.00817408
0.006662205
0.006202742
0.005004975
0.003046303
0.002325163
0.003124859
0.003354901
0.001758408
-0.000346898
0.00027415
0.000367245
-0.001620065
-0.001030662
-5.633869e-05
-0.001200868
-0.001962094
-0.002465837
-0.003047008
-0.003756094
-0.004406698
-0.004966522
-0.004546063
-0.003475937
-0.003792414
-0.005520161
-0.006046338
-0.003821735
-0.001851275
-0.00312141
-0.004147791
-0.003691434
-0.00257241
-0.001508864
0.0004027303
0.002505917
0.003332175
0.00318107
0.003902574
0.004878659
0.004786368
0.004427558
0.004550284
0.005023199
0.006088728
0.006589084
0.006104105
0.005442237
0.004862092
0.005645001
0.005359648
0.004434521
0.004135678
0.003340561
0.003325117
0.004559599
0.004239833
0.004159127
0.004344031
0.003505078
0.004129411
0.005083651
0.00475699
0.004600526
0.005965868
0.006581749
0.006331867
0.006567973
0.006386464
0.00719869
0.007789177
0.008463474
0.01097389
0.01243215
0.01190171
0.01172886
0.01179135
0.01339763
0.01516121
0.01529805
0.01547789
0.0156269
0.01556563
0.01564072
0.01575177
0.01493772
0.01304904
0.0122328
0.01298983
0.01266682
0.01033538
0.007497206
0.006195887
0.005850458
0.004513129
0.003275464
0.001071079
-0.001683599
-0.003664708
-0.005407789
-0.00666927
-0.007227243
-0.008964628
-0.01261471
-0.01422435
-0.01456041
-0.01575829
-0.01694269
-0.01856388
-0.02027038
-0.02148769
-0.02171213
-0.02230799
-0.02433112
-0.0262143
-0.02624275
-0.0254401
-0.0274435
-0.03000652
-0.03015935
-0.02876421
-0.02877225
-0.03043057
-0.02972146
-0.02774368
-0.02671168
-0.02548982
-0.02291683
-0.02080285
-0.01996331
-0.01865402
-0.01559469
-0.01241249
-0.01184992
-0.01096439
-0.008190986
-0.005189906
-0.003764142
-0.004172839
-0.003466708
-0.001102224
-0.0005261153
-0.001658787
-0.001926274
-0.001542012
-0.002437587
-0.003800371
-0.005725055
-0.006778834
-0.008140432
-0.008625375
-0.008000437
-0.008274311
-0.009314008
-0.007493533
-0.00599995
-0.006487616
-0.006148161
-0.004530763
-0.001725695
-3.836065e-05
0.0005794808
0.00222693
0.005188279
0.006955238
0.007607002
0.009345076
0.01184895
0.01286644
0.01456273
0.01547549
0.01445113
0.01412396
0.01331692
0.01229773
0.0111305
0.009446911
0.007364735
0.005656196
0.004794955
0.003375573
0.003338146
0.002329263
0.0008243739
0.000255017
-0.0001715852
-0.0009238462
-0.002525414
-0.00354501
-0.003985388
-0.004517866
-0.005387284
-0.006121874
-0.005854072
-0.005606271
-0.006782191
-0.007920962
-0.00743475
-0.006794758
-0.007030013
-0.007521828
-0.008467559
-0.009225108
-0.009814127
-0.01157567
-0.01329821
-0.01336672
-0.01381009
-0.01590347
-0.0176899
-0.01791801
-0.01946313
-0.02168999
-0.02116573
-0.02159819
-0.02355972
-0.02490874
-0.0258777
-0.02593409
-0.02549074
-0.0256008
-0.02601046
-0.02573084
-0.0239834
-0.02244808
-0.02222824
-0.0207109
-0.01933335
-0.01804753
-0.01545139
-0.01348655
-0.01232118
-0.01007473
-0.007490251
-0.004346763
-0.001236539
0.001315702
0.003912322
0.006882435
0.009969677
0.01277597
0.0144723
0.0155586
0.01955207
0.02326021
0.02381008
0.02535167
0.0291321
0.03183236
0.03491273
0.03794693
0.03983794
0.04151788
0.04462892
0.04739632
0.04828012
0.0483011
0.0489584
0.0503082
0.05055254
0.05080881
0.0498017
0.04792329
0.04829661
0.04839516
0.04615959
0.04283117
0.03985426
0.03750736
0.0350473
0.03214529
0.03003663
0.02820933
0.0260632
0.02525761
0.02390767
0.02224425
0.01999783
0.01708001
0.01623786
0.01531902
0.01289916
0.01076896
0.008904219
0.008217989
0.007685916
0.005607274
0.003097084
0.0007387037
-0.0005672136
-0.001380859
-0.003255524
-0.006685507
-0.009297848
-0.008634304
-0.007683048
-0.009777982
-0.01305646
-0.01516438
-0.01493057
-0.01492349
-0.01603663
-0.01750374
-0.01752185
-0.01732144
-0.01798379
-0.01626266
-0.01323201
-0.0134827
-0.01471052
-0.01287699
-0.01047347
-0.01036159
-0.01045404
-0.009431709
-0.008167261
-0.00758602
-0.007101412
-0.006424515
-0.00550871
-0.004021882
-0.002207446
-0.00166
-0.0008371615
0.0002090532
0.0008415797
0.001526758
0.00256591
0.004368824
0.004996017
0.00510737
0.005703651
0.005761914
0.005506858
0.004705042
0.004010471
0.004380471
0.004791106
0.003537365
0.001210638
-0.0002270294
3.409784e-06
0.0005675309
-0.0008689641
-0.003214622
-0.003899303
-0.004925971
-0.005739311
-0.004168892
-0.003321614
-0.005434457
-0.00686123
-0.005867436
-0.004981338
-0.00539411
-0.005559194
-0.004614479
-0.005264656
-0.006277019
-0.006298172
-0.006565211
-0.00616107
-0.006728112
-0.0078995
-0.009189329
-0.01097164
-0.01279781
-0.01240695
-0.01327363
-0.01459267
-0.01480398
-0.01556903
-0.01598956
-0.01620158
-0.01722501
-0.01693611
-0.01580573
-0.01631078
-0.01556034
-0.01379257
-0.01341363
-0.01323568
-0.01308803
-0.01254617
-0.01072575
-0.009340503
-0.009155535
-0.008834813
-0.008751336
-0.008882521
-0.008728741
-0.008465567
-0.007737845
-0.005999072
-0.004306723
-0.003200071
-0.001379892
0.0004727501
0.001570862
0.002998579
0.005065238
0.007310032
0.007521053
0.007536584
0.00956872
0.01179613
0.01190812
0.01086342
0.01088405
0.01149094
0.009634383
0.006411533
0.004049704
0.0004790405
-0.002494052
-0.003873118
-0.005448244
-0.008394776
-0.01224186
-0.01604593
-0.01821197
-0.02055934
-0.02329738
-0.02587269
-0.02889467
-0.03149414
-0.03160897
-0.03072056
-0.03196898
-0.03315792
-0.03169819
-0.02991257
-0.02749141
-0.02403103
-0.02048533
-0.01889012
-0.01714302
-0.01402455
-0.01196404
-0.01082197
-0.008016297
-0.004596556
-0.002917615
-0.001215175
0.001384385
0.004066114
0.005423195
0.006794695
0.008997134
0.01026455
0.01217126
0.01359837
0.01359987
0.01412398
0.0146465
0.01511129
0.01570446
0.01596619
0.01769941
0.01888516
0.01897709
0.01859792
0.01937563
0.02082223
0.02073305
0.01920396
0.01808994
0.01799726
0.01766505
0.01746721
0.01677508
0.01466798
0.01175877
0.01080021
0.01115147
0.00976251
0.008422081
0.008829992
0.009285232
0.007863187
0.00555583
0.005155233
0.006211951
0.00545735
0.002798385
0.0009157401
0.0002920983
0.0003052189
0.0005287208
0.0003778266
-0.0001949113
-0.001365485
-0.002073428
-0.002813705
-0.004639956
-0.006956919
-0.006833102
-0.007148321
-0.008915438
-0.01031944
-0.01163763
-0.01318089
-0.01481116
-0.01621868
-0.01754999
-0.01861862
-0.01855781
-0.01853048
-0.02068919
-0.02336908
-0.02209714
-0.02010178
-0.02039549
-0.02049243
-0.01973817
-0.01811941
-0.0160499
-0.01465008
-0.01424738
-0.01411624
-0.01250305
-0.01024982
-0.008835108
-0.007863297
-0.006585515
-0.005509892
-0.005082978
-0.0037763
-0.001826869
-0.0008283239
-0.0007572812
-0.0007587305
-0.0008024072
0.0001362353
0.0005994446
0.0009191332
0.0009731633
-3.788112e-06
0.001307965
0.004053051
0.003841873
0.002299064
0.002269978
0.003154899
0.00351074
0.003982172
0.00369554
0.002651749
0.004617503
0.006263155
0.005536519
0.005411506
0.005767434
0.005905447
0.005862724
0.005855608
0.005892493
0.005902749
0.005886668
0.005879771
0.005886461
0.005659061
0.004302921
0.00260708
0.002605521
0.003535104
0.003557248
0.002942304
0.002741828
0.002971522
0.003100706
0.003018529
0.002947894
0.002975773
0.003368196
0.004523248
0.005195549
0.005798213
0.005940822
0.005988432
0.007499539
0.009272033
0.00948808
0.01009161
0.01162992
0.01190255
0.011209
0.0111539
0.01207606
0.01301258
0.01183317
0.01089958
0.01156917
0.01214815
0.01131447
0.01026956
0.01146932
0.01243274
0.01174913
0.0111443
0.01143582
0.01180005
0.01172987
0.01154999
0.01155324
0.01163653
0.0116486
0.01156249
0.01070027
0.008788639
0.007139829
0.006171059
0.005714791
0.004457681
0.00238853
0.001595977
0.0007425623
-0.0002798906
-0.001817949
-0.001586676
-0.0002967879
-0.002301474
-0.005113921
-0.00426751
-0.002031482
-0.003184373
-0.004399579
-0.003092328
-0.001364174
-0.0001137224
-6.356778e-05
-0.0007585426
-0.0007909417
-0.0002716934
-6.300769e-05
-0.0004713216
-0.001947902
-0.003582271
-0.003751853
-0.003746727
-0.003483296
-0.004230977
-0.006533776
-0.008080227
-0.00736015
-0.005798442
-0.007858213
-0.01166908
-0.01268591
-0.01180584
-0.01355537
-0.01659504
-0.01706228
-0.01679506
-0.0170875
-0.01736125
-0.01740173
-0.01733854
-0.01699143
-0.01588249
-0.01519173
-0.01417499
-0.01281319
-0.01286168
-0.01314079
-0.01183982
-0.01066461
-0.009622024
-0.008518469
-0.008586702
-0.009136207
-0.008425417
-0.006227447
-0.005482492
-0.007462963
-0.008279101
-0.007154036
-0.005952666
-0.005188072
-0.005525498
-0.005555661
-0.004241638
-0.003248698
-0.002128328
-0.0005034193
0.0004459458
0.0003986068
0.001104053
0.001682523
0.00221137
0.003071789
0.002279087
0.0007855707
0.001008706
0.001120798
8.414064e-06
-0.001850327
-0.004324455
-0.00563164
-0.006286596
-0.006939228
-0.007677193
-0.008630645
-0.009412593
-0.009276604
-0.007228536
-0.007032002
-0.008110433
-0.007444238
-0.005753827
-0.00485969
-0.003683277
-0.002301593
-0.001739723
-0.0003362704
0.002517551
0.004016697
0.004661791
0.005877389
0.007801238
0.009320371
0.009832574
0.01210118
0.01488364
0.01502645
0.01494102
0.01708116
0.01968665
0.02199025
0.02347283
0.02431295
0.02589082
0.02878837
0.03102409
0.03206688
0.03410981
0.03626288
0.03620823
0.03506144
0.0341379
0.0342477
0.03475361
0.03355755
0.03099727
0.02794989
0.02469503
0.02202533
0.0197038
0.01726985
0.01567814
0.01418733
0.0118426
0.010588
0.009183651
0.007907508
0.006086818
0.004827864
0.003266413
0.002128498
0.000461843
-0.0008394633
-0.002501078
-0.00368149
-0.005246786
-0.006624532
-0.008507749
-0.009877051
-0.01130744
-0.01194903
-0.01302196
-0.01434091
-0.01538504
-0.01713199
-0.01733596
-0.01648006
-0.01752515
-0.0204597
-0.02026114
-0.01751379
-0.0167059
-0.01706992
-0.01735154
-0.01599602
-0.01275743
-0.01098766
-0.01044874
-0.009263699
-0.006627466
-0.003222067
-0.00188785
-0.002374317
-0.001131807
0.001450226
0.003161755
0.003328855
0.004147885
0.006221447
0.006434621
0.005430417
0.00538795
0.006063503
0.006164185
0.004399891
0.002144577
0.002619401
0.003981323
0.003866939
0.00404859
0.005827893
0.00667806
0.005878644
0.006467775
0.008844862
0.009674373
0.00871788
0.01023393
0.01267643
0.01240857
0.01411248
0.0170648
0.01646538
0.0149469
0.01542859
0.01748079
0.0184738
0.01753677
0.01697004
0.01845267
0.01984625
0.01915083
0.01727396
0.0166985
0.01752014
0.01694027
0.01559517
0.01484599
0.01562694
0.01559918
0.0142232
0.01279968
0.01170039
0.01174582
0.01190444
0.009860275
0.009223857
0.01081062
0.01117358
0.01003588
0.008557014
0.00833403
0.009002459
0.008364221
0.007859683
0.006843256
0.006512387
0.006378555
0.004552718
0.002716784
0.002447137
0.001187611
-0.0005972239
-0.002537567
-0.004449754
-0.005583101
-0.006507375
-0.006818821
-0.006779927
-0.008162342
-0.01036073
-0.01185993
-0.01263822
-0.01279638
-0.01401711
-0.01579195
-0.01584573
-0.01539745
-0.01666826
-0.01753281
-0.01693439
-0.01653753
-0.01684792
-0.01718354
-0.01710884
-0.01685262
-0.01682214
-0.01695017
-0.01736374
-0.01854633
-0.01920265
-0.01969735
-0.01981098
-0.01956525
-0.01922673
-0.01792952
-0.01684638
-0.01793385
-0.01784899
-0.01633703
-0.0147125
-0.01375188
-0.01414025
-0.01470623
-0.01444296
-0.01358556
-0.01195894
-0.0106669
-0.01070986
-0.0102603
-0.009390268
-0.008270597
-0.007518617
-0.006866103
-0.006346126
-0.00597661
-0.00647533
-0.005720641
-0.004980938
-0.005315722
-0.005727207
-0.005603599
-0.005323765
-0.005384764
-0.005544863
-0.00551836
-0.004911514
-0.003750535
-0.00320874
-0.002688194
-0.002592633
-0.002836883
-0.00284124
-0.002698642
-0.003140379
-0.003805457
-0.003285181
-0.003711592
-0.003811574
-0.002460838
-0.002109487
-0.002894445
-0.003652786
-0.003864781
-0.003110567
-0.00372769
-0.003893281
-0.002448315
-0.002068039
-0.002895194
-0.003739203
-0.005061075
-0.00599666
-0.004937683
-0.003675791
-0.005105642
-0.006322377
-0.005695961
-0.00500726
-0.005240171
-0.005628307
-0.005591203
-0.005406912
-0.00537752
-0.004926286
-0.003784726
-0.003135311
-0.002550324
-0.002562642
-0.002869675
-0.002781446
-0.002484922
-0.001897729
-0.0008664933
-0.0008820645
-0.002007885
-0.002652474
-0.001700758
-0.002028074
-0.002827384
-0.002698208
-0.002345252
-0.002984539
-0.004404088
-0.00491166
-0.005251369
-0.005270683
-0.005074968
-0.004641021
-0.004240382
-0.005363048
-0.00542875
-0.003113635
-0.001495018
-0.001805859
-0.001005633
0.001204175
0.002991412
0.003991896
0.005143399
0.006765655
0.008318219
0.009127224
0.008833674
0.009594666
0.01237466
0.01341999
0.01368626
0.01513724
0.01706008
0.017491
0.01683928
0.01811822
0.01815073
0.01728331
0.01737244
0.01788421
0.0178843
0.01709002
0.01587289
0.01537006
0.01484482
0.014801
0.01507388
0.01497553
0.01365088
0.01130687
0.01128974
0.01157605
0.009291917
0.007730152
0.006522524
0.004026469
0.002267741
0.001483327
0.0002197213
-0.001541082
-0.002556482
-0.002134729
-0.001745382
-0.003216168
-0.005995085
-0.006068505
-0.005627208
-0.00788772
-0.008925031
-0.008964897
-0.01088027
-0.01160873
-0.01065838
-0.01035089
-0.01095961
-0.01124185
-0.0101836
-0.008121794
-0.00660056
-0.005619583
-0.003658797
-0.001776983
-0.001496198
-0.0005061421
0.002290852
0.004345022
0.004219093
0.004880297
0.005522334
0.004492003
0.003352067
0.00296193
0.003480266
0.003779986
0.003453185
0.00315336
0.003216818
0.003312457
0.002607163
0.002236851
0.002646228
0.001298138
-0.0001794172
0.0003132103
0.001801948
0.001885384
0.0001628301
-0.0002703211
0.0006319722
0.0009762327
0.0005114219
0.0002380365
0.0004648866
0.0005826019
0.0004831814
0.0004755851
0.0005160642
0.0004551559
0.0004430273
0.0005378534
0.0005526957
0.0005009193
0.0004880745
0.0003527661
-0.001552526
-0.002481254
-0.001718194
-0.003026184
-0.005487937
-0.006033255
-0.005903905
-0.007474864
-0.008618644
-0.008091995
-0.008686307
-0.01098326
-0.0117769
-0.01068267
-0.01022979
-0.01078181
-0.01009239
-0.007999034
-0.007312892
-0.007326406
-0.005851977
-0.004637896
-0.003228753
-0.001889502
-0.002363132
-0.002815899
-0.0005088299
0.001942612
0.003080514
0.003485977
0.003183747
0.004321488
0.006537067
0.006872851
0.006225485
0.008305399
0.01068958
0.01198423
0.01212535
0.01167602
0.01281122
0.01403706
0.013906
0.01438754
0.01495146
0.01349574
0.01146544
0.01150292
0.01225022
0.01017118
0.007773471
0.00643583
0.005929878
0.005060546
0.003556874
0.002465401
0.0006563087
8.883618e-05
0.0009728264
0.001197484
0.0005741907
0.0002509084
0.0004594613
0.0009974705
0.002449276
0.003826367
0.003889697
0.004694732
0.006367143
0.006934422
0.007025135
0.006822595
0.008735769
0.01001878
0.009102992
0.008404532
0.008900309
0.009050914
0.007769306
0.006829586
0.006241573
0.006224087
0.006545719
0.006479163
0.005634743
0.004878856
0.0056297
0.005274019
0.003970952
0.002890452
0.003174231
0.003247644
0.001413735
-0.0002069238
0.0003564639
0.001238954
0.0009021986
-0.0008078641
-0.003184965
-0.002985881
-0.002088055
-0.003859975
-0.005965408
-0.005556694
-0.005051777
-0.006447038
-0.006481066
-0.004728235
-0.004468649
-0.005556993
-0.007287481
-0.008831965
-0.008987072
-0.00913964
-0.01000478
-0.01108132
-0.01110958
-0.01218125
-0.01435322
-0.01425923
-0.01387583
-0.01578074
-0.01735032
-0.01663072
-0.01512024
-0.01518842
-0.01694554
-0.01736472
-0.01634928
-0.01517987
-0.01470779
-0.0159851
-0.0173377
-0.0168367
-0.01601267
-0.01691456
-0.01775406
-0.01730482
-0.01775826
-0.01827418
-0.01899627
-0.01974022
-0.01940465
-0.01913249
-0.02023427
-0.02036518
-0.01914916
-0.01987764
-0.02044838
-0.01941263
-0.01991151
-0.02040272
-0.01928678
-0.01791579
-0.01745275
-0.01710985
-0.01555236
-0.01455058
-0.01323253
-0.01173378
-0.01111106
-0.009836632
-0.008023115
-0.006491069
-0.00531835
-0.004027522
-0.002396148
3.356339e-05
0.001427104
0.002462822
0.004727276
0.006359845
0.006464849
0.007808417
0.009868371
0.01055478
0.01160091
0.01341144
0.01512231
0.0172475
0.01832058
0.01785242
0.01957284
0.02149077
0.02110224
0.02147989
0.02358068
0.02405696
0.02172844
0.01989136
0.02133233
0.02220127
0.02086189
0.02016596
0.02024941
0.01839501
0.0169277
0.01784431
0.01866924
0.0181982
0.01757408
0.01722508
0.01514065
0.01257289
0.01185295
0.01255881
0.01248256
0.009814857
0.007686255
0.006596419
0.00588353
0.004278553
0.002663885
0.001046493
-0.0001374462
-0.001595084
-0.002711897
-0.00349219
-0.004773813
-0.005439324
-0.005774386
-0.005435257
-0.006378307
-0.008367506
-0.0081236
-0.005910689
-0.005123346
-0.004794327
-0.003361316
-0.00196256
-0.001804769
-0.0009109743
0.0008534724
0.001059486
0.000205191
9.694307e-05
0.0007102653
0.0016743
0.004133603
0.005452429
0.003343472
0.002021595
0.003608614
0.006195914
0.007257937
0.006308047
0.00554392
0.006011091
0.007116141
0.00884622
0.009856205
0.009108153
0.008445003
0.008886485
0.009436265
0.009902632
0.01079409
0.01084219
0.01086861
0.01203047
0.01234989
0.01179742
0.01170268
0.01196539
0.01152812
0.009763741
0.008512735
0.009162905
0.0104082
0.0106877
0.01010595
0.01171566
0.01267346
0.01243371
0.01381608
0.0155136
0.01580225
0.01521772
0.01499428
0.01624175
0.01601642
0.0143525
0.01423284
0.01505214
0.01353141
0.009412258
0.006797541
0.006733066
0.005336225
0.001378122
-0.001504552
-0.002007973
-0.003361639
-0.005648228
-0.007116201
-0.008220606
-0.008122707
-0.009197052
-0.01157003
-0.01161212
-0.01041876
-0.01050546
-0.01236225
-0.01445
-0.01437243
-0.01123753
-0.009298401
-0.0109479
-0.01213499
-0.009384935
-0.006668699
-0.007754772
-0.009251238
-0.008752002
-0.007812776
-0.007840117
-0.008349277
-0.009454939
-0.01117211
-0.01159673
-0.01067578
-0.01040869
-0.01099979
-0.01133486
-0.01114848
-0.01096703
-0.01092447
-0.00975267
-0.007596205
-0.006155817
-0.005557639
-0.005636106
-0.005870351
-0.005652777
-0.005300796
-0.00523764
-0.005080318
-0.00380539
-0.00258979
-0.004730151
-0.006776457
-0.005655404
-0.004658339
-0.006444273
-0.008844051
-0.009257552
-0.01021158
-0.01137582
-0.01099217
-0.01049551
-0.0108547
-0.01167117
-0.01318988
-0.01439237
-0.01398227
-0.01326808
-0.01350915
-0.01404549
-0.01409052
-0.01386534
-0.01380878
-0.0139025
-0.01394254
-0.01319624
-0.0108518
-0.01024822
-0.01154523
-0.01193565
-0.01081918
-0.009198004
-0.008603295
-0.008353448
-0.008340361
-0.008474341
-0.008377889
-0.008174903
-0.008133454
-0.008210413
-0.008243726
-0.008183763
-0.007100535
-0.004827162
-0.004750894
-0.006054866
-0.006142319
-0.005325403
-0.00451223
-0.004167871
-0.005515157
-0.00615021
-0.005405899
-0.004965067
-0.005302642
-0.005600246
-0.00550403
-0.005404268
-0.006276653
-0.008225268
-0.009033224
-0.008082666
-0.007520581
-0.008017569
-0.008543378
-0.00928491
-0.01082503
-0.01081602
-0.008285768
-0.006905124
-0.007372941
-0.006564995
-0.005177923
-0.005253339
-0.005005984
-0.003017664
-0.001799035
-0.002547374
-0.002415342
-0.0001503376
0.001235228
0.0003459266
-0.0003406984
0.001253146
0.003717926
0.004013746
0.002579337
0.0004903789
0.00143038
0.004522584
0.00438242
0.002616838
0.002463055
0.003368001
0.003630382
0.003185857
0.002125765
0.002418761
0.003762041
0.002714198
0.001132487
0.002448136
0.00306039
0.0006061764
-0.000707647
0.0006504094
0.00251644
0.002798408
0.002745537
0.003096271
0.003138287
0.003078644
0.003245569
0.003784494
0.005660373
0.005931332
0.005559595
0.007361314
0.009723005
0.0109468
0.01197946
0.01423797
0.01542179
0.01582352
0.01700182
0.01675841
0.01690069
0.01776705
0.01778094
0.01668047
0.01423559
0.01377015
0.01518962
0.01487538
0.01166384
0.0105647
0.0114535
0.009775652
0.008241349
0.008640402
0.00775371
0.005719091
0.005621992
0.006631924
0.006576956
0.005929276
0.005847018
0.0060584
0.006120962
0.006125347
0.006076506
0.006012259
0.00609338
0.006159069
0.006119708
0.006080949
0.006113438
0.006704527
0.007903493
0.008427212
0.008946995
0.008995759
0.008712379
0.008224351
0.006801786
0.005639421
0.006106162
0.006871669
0.007706998
0.009521485
0.009638127
0.009378635
0.01116298
0.01267636
0.01212607
0.01216882
0.01432842
0.01573698
0.01499648
0.01577269
0.01836482
0.01920949
0.01828371
0.01778217
0.01842666
0.01808029
0.01767926
0.01790412
0.01809205
0.01795039
0.01772529
0.01665007
0.01466145
0.01227557
0.01127918
0.01047122
0.008956894
0.007140702
0.005832079
0.005356872
0.003961169
0.003093844
0.00359592
0.002813502
0.0004120542
-0.0006813275
-0.00169751
-0.002537012
-0.002542728
-0.00463541
-0.007643592
-0.008867895
-0.009367455
-0.01096191
-0.01375604
-0.01508629
-0.01604532
-0.01690036
-0.01668644
-0.01617216
-0.01526641
-0.01474772
-0.0138511
-0.01217219
-0.01022107
-0.007793269
-0.006202107
-0.004965477
-0.002450717
-7.696634e-05
0.002027555
0.003865493
0.00652905
0.009184742
0.009544684
0.0094805
0.01037918
0.01134063
0.009678416
0.006612687
0.003785668
0.001379042
-0.001067714
-0.003759504
-0.005702023
-0.006358468
-0.007916507
-0.008550313
-0.007998863
-0.007800271
-0.006821456
-0.005723899
-0.006130202
-0.004310315
-0.0001553947
0.001609609
0.001407142
0.004007255
0.006879252
0.007733235
0.008580268
0.009362943
0.00920736
0.008251166
0.00826372
0.006883036
0.004135637
0.003833654
0.005170357
0.004295975
0.002604197
0.004727849
0.007413104
0.006427602
0.004866405
0.005284568
0.006240244
0.006255116
0.006056102
0.007332041
0.009209175
0.0092752
0.008271597
0.007759349
0.006201568
0.005203213
0.006099157
0.006692049
0.006132788
0.005620793
0.005753392
0.006005992
0.005986899
0.005868584
0.005856932
0.005172421
0.002780035
0.002117682
0.003436817
0.00385311
0.003074825
0.001926214
-0.0001369778
-0.0005462958
-0.0004611437
-0.003105527
-0.00567897
-0.007018733
-0.008365987
-0.008918878
-0.01007512
-0.01152107
-0.01147299
-0.01143489
-0.0133317
-0.01497017
-0.01382496
-0.01111401
-0.01014558
-0.01071187
-0.009648132
-0.008024328
-0.007466898
-0.007156867
-0.007130958
-0.006526426
-0.006181616
-0.007975923
-0.009411325
-0.009446082
-0.01054479
-0.01374706
-0.01761899
-0.02000751
-0.01989579
-0.01893244
-0.02102753
-0.02186913
-0.01932023
-0.01778291
-0.0171681
-0.01497084
-0.01127789
-0.00819854
-0.006023556
-0.004105272
-0.001728026
0.0005585532
0.002577504
0.003315636
0.003440462
0.002876727
0.00235104
0.002641517
0.001841345
-0.0004659748
-0.003470301
-0.006508997
-0.009454536
-0.01218909
-0.0141526
-0.01468618
-0.01635334
-0.01782949
-0.01882207
-0.01993884
-0.02043305
-0.02118963
-0.02119732
-0.01967118
-0.01852842
-0.01711102
-0.01575087
-0.01415408
-0.01301805
-0.01027197
-0.006560227
-0.003766387
-0.0009179744
0.003572492
0.007884608
0.01084786
0.0147013
0.02014391
0.02552481
0.02819647
0.02822722
0.0275233
0.0280536
0.02978264
0.03024746
0.02774086
0.0236254
0.01831913
0.01260917
0.008168435
0.005390404
0.00392246
0.002731026
-0.0001840825
-0.003211669
-0.004285779
-0.005025986
-0.007604247
-0.01039236
-0.01141624
-0.01216806
-0.01381432
-0.01479511
-0.01527105
-0.01563113
-0.01578901
-0.01686689
-0.01766533
-0.01720534
-0.01678848
-0.01705875
-0.01736995
-0.01731747
-0.01716885
-0.01716993
-0.01759476
-0.01912275
-0.02056358
-0.0202219
-0.01939641
-0.01958445
-0.02016646
-0.01936716
-0.01662012
-0.0152849
-0.01323832
-0.01086899
-0.01016788
-0.007319598
-0.002722861
-0.00073662
0.0007307014
0.003873785
0.007436423
0.009184235
0.00950619
0.01108365
0.0118293
0.01284838
0.01484915
0.014882
0.01391488
0.01469784
0.01642199
0.01718148
0.01730895
0.01551401
0.01322789
0.01388036
0.01538131
0.0150873
0.01415299
0.01405857
0.01424397
0.0124159
0.01053944
0.01137586
0.01224203
0.009654562
0.006831867
0.005731547
0.005815506
0.006407466
0.005839904
0.003059333
0.001197832
0.0003286371
-4.386743e-05
0.000144903
-0.001180993
-0.003073618
-0.00203054
-0.0002024563
0.0004768919
-9.176427e-05
-0.0006598818
-0.0004779873
-7.348933e-05
-1.800626e-05
-0.0001844041
0.0001783395
0.001465012
0.002238012
0.002750096
0.002658156
0.002391435
0.003038885
0.00394457
0.003499438
0.003087007
0.00248976
0.002509687
0.002915231
0.002937755
0.002591731
0.001012063
-0.0009071549
-0.0005226389
-0.0004401801
-0.002727937
-0.005883126
-0.006715942
-0.005342258
-0.006773155
-0.009495625
-0.009244691
-0.007963502
-0.00802788
-0.008754925
-0.008695735
-0.007336143
-0.006402561
-0.00576695
-0.004197627
-0.002611193
-0.002790432
-0.003578906
-0.002659384
0.0003474776
0.0007032632
-0.001735421
-0.001317322
0.0005612749
1.766641e-05
-0.001566942
-0.001051031
-0.00107855
-0.001651471
-0.001634233
-0.001955949
-0.003232351
-0.003443727
-0.002760003
-0.002785931
-0.004765968
-0.006937394
-0.0063343
-0.005073671
-0.005414868
-0.007194083
-0.008289311
-0.007514996
-0.006827763
-0.007196132
-0.007666021
-0.007525546
-0.006244219
-0.004335521
-0.003664118
-0.002119772
0.001138014
0.002330422
0.003114997
0.005522369
0.008482497
0.01027858
0.01123314
0.01218906
0.01309388
0.01524564
0.01605082
0.01542143
0.01625087
0.01764001
0.01854879
0.01788933
0.01677463
0.01742156
0.01677524
0.01495634
0.01440515
0.01311395
0.009430683
0.006188613
0.004163635
0.0008984672
-0.00249545
-0.005727694
-0.007800954
-0.007839588
-0.00958969
-0.01238989
-0.01424146
-0.01486037
-0.01410976
-0.01385183
-0.01447453
-0.01487864
-0.01462688
-0.01338701
-0.01241764
-0.01188077
-0.009560286
-0.007798953
-0.00754144
-0.006500049
-0.005780881
-0.005674937
-0.003674692
-0.002122402
-0.003019933
-0.003632781
-0.001821511
0.0005151929
0.0004986924
-0.0004665475
0.0006146883
0.002158822
0.002936933
0.002692379
0.0026358
0.004384692
0.006228876
0.006251027
0.006796157
0.00848475
0.008778814
0.008076407
0.008559704
0.01018789
0.01040156
0.009536466
0.008319406
0.006499151
0.006583238
0.007143754
0.005895656
0.005087349
0.004954852
0.004073
0.003046777
0.002448135
0.002752072
0.003051783
0.00281317
0.002530555
0.002608279
0.003584983
0.005418717
0.006210295
0.006405576
0.007932648
0.008972294
0.009394524
0.01088107
0.01179617
0.01124877
0.01171551
0.01205281
0.01110156
0.01082977
0.01029126
0.00935805
0.008545341
0.008106134
0.007172165
0.005744727
0.006072
0.005286757
0.003401646
0.002047859
9.855672e-05
-0.001037301
-0.001336271
-0.001700519
-0.00287342
-0.003399741
-0.003311364
-0.004655574
-0.006510413
-0.006755275
-0.007294099
-0.008823642
-0.009131156
-0.008898579
-0.01011835
-0.01078838
-0.01076225
-0.01159677
-0.01198152
-0.01213944
-0.01317222
-0.0134224
-0.01238363
-0.0110674
-0.01129506
-0.01155284
-0.01025786
-0.009170139
-0.008616419
-0.008722584
-0.00747872
-0.005223484
-0.005260366
-0.004902884
-0.002743232
-0.002406784
-0.003351827
-0.001969283
0.000689305
0.0005093784
-0.0009003304
-0.0007987058
0.0007914286
0.001299643
0.0004606936
0.000987956
0.001685507
0.002335771
0.002904376
0.001689749
0.000382848
-1.693933e-06
-7.12564e-05
0.0001530731
0.0001188412
-0.0002029335
-0.001271487
-0.003012573
-0.003456537
-0.002526886
-0.002232933
-0.002805962
-0.003137756
-0.002791419
-0.0006447593
0.001514661
0.0026421
0.003173609
0.004936396
0.007497802
0.008609289
0.008092546
0.007603521
0.008013973
0.008509072
0.008034909
0.005657662
0.004430268
0.005182691
0.003772588
0.001702295
0.000898578
7.120267e-06
-0.0002497369
0.0001487989
0.0001453397
-0.000574959
-0.001495114
-0.0005365901
0.0004689752
-6.377225e-06
-0.0006072818
-0.0004310357
-8.430694e-05
-9.699314e-05
-0.0002565549
-0.0002762218
-0.0002075969
-0.000869757
-0.003144559
-0.003790921
-0.002481792
-0.002068328
-0.003875046
-0.006595158
-0.006486809
-0.00494093
-0.004867943
-0.0057609
-0.005980587
-0.005569227
-0.005412058
-0.005515899
-0.005094498
-0.003878673
-0.003207223
-0.002687966
-0.002199986
-0.0008778543
-0.001083139
-0.003408201
-0.00343804
0.0008233718
0.004986334
0.004162418
0.002616356
0.00381697
0.005895421
0.00586672
0.00491619
0.004887238
0.005395624
0.005502809
0.005271109
0.005235681
0.00612123
0.006070268
0.004798101
0.004699786
0.005389122
0.005639667
0.007018339
0.007496824
0.005009007
0.00382297
0.005941222
0.006633778
0.004732516
0.004100699
0.004962063
0.005126134
0.003531621
0.00168998
0.001351878
0.0004159785
-0.001036899
-0.002853177
-0.004668097
-0.005509246
-0.005678218
-0.007242017
-0.008552515
-0.007940075
-0.00729833
-0.007661728
-0.008358413
-0.009691944
-0.01095124
-0.01025582
-0.008029182
-0.006849462
-0.0077005
-0.008181628
-0.00637821
-0.004381026
-0.004656863
-0.005052545
-0.002879405
-0.001338528
-0.0009364055
-0.0002381125
0.0004073482
0.001726306
0.00289049
0.002589598
0.002956891
0.005228904
0.005728552
0.004549011
0.004253971
0.00491173
0.005206508
0.004940187
0.004734332
0.004794017
0.004840201
0.003858795
0.001785432
0.0016636
0.002191008
0.00137399
0.0002006769
-0.0003880703
-6.247905e-05
-0.0004075024
-0.002098391
-0.003104248
-0.003691282
-0.004923762
-0.005558512
-0.005168001
-0.004194713
-0.004909402
-0.005855722
-0.005536957
-0.004801229
-0.004198277
-0.004520776
-0.004815268
-0.003723213
-0.001850218
-0.001541315
-0.002470991
-0.001823415
0.0003334143
0.001008398
-7.372214e-06
-0.0004117792
0.0001611536
0.0005348223
0.0002941688
-0.0006550735
-0.0005194647
0.0007128247
0.0007555728
7.036258e-05
-2.590975e-05
0.0003262435
0.0004504757
0.0003166067
0.0002425503
0.0002958279
0.0003425428
0.0006667588
0.002128048
0.002396073
0.001961273
0.002258152
0.002690019
0.003655075
0.004876655
0.00491151
0.004399674
0.005371528
0.007071343
0.007353258
0.007468554
0.008448748
0.007983105
0.006727202
0.006098162
0.006432795
0.00654424
0.005172692
0.003663589
0.003309736
0.002296845
0.001713845
0.001650666
0.0001224547
-0.0007406061
6.84621e-06
0.0004367479
-7.085705e-05
-0.000705517
-0.001120719
-0.0002976708
0.0003441197
-5.931847e-05
-0.0004243794
-0.000296303
0.0005306768
0.00230746
0.002476585
0.002215447
0.003744565
0.004804802
0.005288476
0.005812583
0.006515652
0.007906067
0.008411562
0.008797788
0.009527502
0.009588471
0.009261031
0.009572525
0.01013657
0.009367968
0.008735048
0.008310892
0.006939527
0.006704233
0.00737252
0.006352593
0.004392385
0.004489427
0.005492911
0.00541075
0.004773076
0.004641231
0.004778885
0.003820106
0.002361289
0.002523117
0.002769697
0.001494105
0.0004487092
0.0003916143
-0.0002738527
-0.001105511
-0.001444499
-0.002208814
-0.002824784
-0.002569996
-0.002272633
-0.002912703
-0.00385488
-0.004131759
-0.003697508
-0.002873506
-0.00248827
-0.00232526
-0.002465023
-0.002531616
-0.001862689
-0.0005679042
-6.472438e-05
-0.000621894
-0.0004916363
0.0004776169
0.001105229
0.001299935
0.001064218
0.0009102068
0.001076203
0.001676867
0.002691153
0.003135581
0.003077323
0.002870385
0.00284046
0.002939851
0.002454404
0.002274495
0.002439376
0.001838584
0.000575602
0.0002121238
0.0001843746
-0.0007217094
-0.001408281
-0.00217644
-0.002958264
-0.002735308
-0.002868752
-0.003583603
-0.004191769
-0.004341691
-0.003463802
-0.00228268
-0.002232882
-0.002812686
-0.001821136
-0.0004286926
-0.000178559
0.0001326014
0.0004887265
0.0003309879
0.0001644154
0.0003038705
0.0004368438
0.0003790632
0.0003213635
0.0007631875
0.000725996
2.353018e-05
-0.0001213824
-0.0007743065
-0.001635854
-0.001429753
-0.001939407
-0.002989358
-0.002924996
-0.003389265
-0.004357946
-0.004189348
-0.003744057
-0.004765028
-0.005898635
-0.005429515
-0.004740518
-0.004894359
-0.005211956
-0.004657807
-0.003528462
-0.003270825
-0.003786423
-0.003873602
-0.003515368
-0.003317834
-0.002905772
-0.002046303
-0.001775147
-0.002198192
-0.002330719
-0.002039747
-0.001858247
-0.001926892
-0.001998684
-0.001958809
-0.001899359
-0.001887038
-0.001890761
-0.001875641
-0.001883566
-0.002305653
-0.00305742
-0.003197282
-0.002824334
-0.003487583
-0.004083731
-0.003858566
-0.00380348
-0.003877689
-0.003859656
-0.003789737
-0.003741084
-0.003702098
-0.003558035
-0.003060166
-0.002860177
-0.003392077
-0.003403534
-0.00318001
-0.003301557
-0.003358529
-0.00324262
-0.003310354
-0.004081881
-0.004478365
-0.004144815
-0.004563459
-0.005128974
-0.004853662
-0.004455677
-0.004484923
-0.004757779
-0.005405331
-0.005598219
-0.004958267
-0.003990629
-0.003749252
-0.004177343
-0.004248072
-0.00388169
-0.00351525
-0.002861375
-0.002495488
-0.00274252
-0.002807249
-0.002170616
-0.001453431
-0.00144295
-0.001741035
-0.001633302
-0.001028252
-0.0004466996
-0.0004721245
-0.0007503858
-0.000647149
-8.246696e-05
0.0004214584
0.000370047
0.0001185252
0.0002674945
0.0009996589
0.001342071
0.001045492
0.001144568
0.001765654
0.0022297
0.002336255
0.002319252
0.002715891
0.003023523
0.002858535
0.002930523
0.003354457
0.003430495
0.003196147
0.003296541
0.003520247
0.003622542
0.003563853
0.003363724
0.003081402
0.002911273
0.002777613
0.002640044
0.002382103
0.001999606
0.001683628
0.001488925
0.001430865
0.001222941
0.0008976373
0.0007399195
0.0004803178
0.0003902692
0.0005152405
0.0004270843
-3.421973e-05
-0.0001648072
8.034761e-05
0.0001264387
-0.0001460961
-0.0003010599
-0.0003310121
-0.0002895696
-0.0002311427
-0.0002217892
-0.0001970578
-8.165971e-05
-0.0001162159
-6.189454e-05
4.666033e-05
4.483332e-05
1.222406e-05
3.405263e-05
7.455304e-05
8.901724e-05
8.922803e-05
9.851273e-05
0.0001504411
0.0002390108
0.000154709
3.583482e-05
-5.602941e-05
-9.756633e-05
8.785353e-05
0.0002945072
0.000251728
0.0001715433
0.0002957181
0.0003931384
0.0003520039
0.0003163953
0.000346136
0.0003757944
0.0003684653
0.0003887132
0.0005167114
0.0006566635
0.0007428202
0.0008150273
0.0008870814
0.0009500592
0.001004895
0.001110563
0.00113634
0.00116112
0.001207222
0.001178107
0.001118392
0.00109587
0.001089693
0.001069753
0.001033152
0.0009955582
0.0009438949
0.0008668632
0.0008417653
0.0008220099
0.0007438405
0.000680845
0.0006392184
0.0006310602
0.0006283502
0.000584207
0.0005117486
0.0004979789
0.0005176301
0.0005058478
0.0004350445
0.0003566933
0.0003961663
0.0004385004
0.0003884177
0.0003130152
0.0003304534
0.0003990229
0.0004089255
0.0003928806
0.0003782306
0.0003704518
0.0003682661
0.0003501262
0.0003095518
0.0002989675
0.0003094361
0.0002923384
0.0002497362
0.0002407241
0.0002665743
0.0002900292
0.0002849054
0.0002823652
0.0002787574
0.0002804911
0.0003052889
0.0003200661
0.0003000315
0.0002789952
0.0002764588
0.0002850842
0.00028237
0.000252684
0.0002357745
0.0002382648
0.000235429
0.0002142442
0.0001882259
0.0001770536
0.0001677734
0.000153883
0.0001383896
0.0001270702
0.000109804
8.997122e-05
7.51975e-05
6.42798e-05
5.222587e-05
3.891258e-05
2.782289e-05
1.962617e-05
1.174869e-05
3.038274e-06
-8.770954e-06
-1.504873e-05
-1.109215e-05
-1.292813e-05
-1.619062e-05
-1.444101e-05
-1.220372e-05
-1.093806e-05
-9.965112e-06
-3.925364e-06
3.297039e-06
7.590536e-06
1.084021e-05
1.546576e-05
2.357955e-05
3.455238e-05
4.317762e-05
4.650182e-05
4.922012e-05
5.479763e-05
6.00246e-05
6.549527e-05
6.864689e-05
6.999515e-05
7.419362e-05
7.769512e-05
7.994535e-05
8.273333e-05
8.344487e-05
8.474713e-05
8.572954e-05
8.527736e-05
8.60951e-05
8.639818e-05
8.405201e-05
8.264001e-05
8.383197e-05
8.359726e-05
8.14318e-05
8.066129e-05
7.990885e-05
7.723285e-05
7.444417e-05
7.40503e-05
7.413363e-05
7.122059e-05
6.759596e-05
6.607202e-05
6.524288e-05
6.276857e-05
5.925822e-05
5.646429e-05
5.532926e-05
5.418689e-05
5.164957e-05
4.896809e-05
4.702606e-05
4.501946e-05
4.268778e-05
4.04901e-05
3.820864e-05
3.618726e-05
3.444738e-05
3.244324e-05
3.05512e-05
2.913385e-05
2.774647e-05
2.599959e-05
2.407868e-05
2.252737e-05
2.134571e-05
2.004154e-05
1.835566e-05
1.677902e-05
1.569307e-05
1.453301e-05
1.311315e-05
1.165659e-05
1.03259e-05
9.134433e-06
7.924184e-06
6.647967e-06
5.381356e-06
4.158725e-06
2.951417e-06
1.73944e-06
5.316964e-07
-6.614462e-07
-1.819105e-06
-2.966083e-06
-4.128982e-06
-5.289136e-06
-6.452401e-06
-7.604529e-06
-8.719939e-06
-9.817594e-06
-1.094073e-05
-1.207424e-05
-1.318048e-05
-1.426359e-05
-1.534157e-05
-1.641496e-05
-1.747606e-05
-1.852314e-05
-1.955961e-05
-2.059024e-05
-2.161188e-05
-2.261464e-05
-2.360445e-05
-2.458791e-05
-2.555879e-05
-2.65155e-05
-2.746516e-05
-2.840493e-05
-2.933048e-05
-3.024699e-05
-3.115388e-05
-3.204945e-05
-3.293541e-05
-3.381131e-05
-3.467713e-05
-3.553314e-05
-3.637925e-05
-3.721548e-05
-3.804184e-05
-3.88583e-05
-3.966498e-05
-4.046183e-05
-4.124893e-05
-4.202625e-05
-4.279393e-05
-4.355191e-05
-4.430028e-05
-4.503905e-05
-4.576829e-05
-4.648804e-05
-4.719835e-05
-4.789926e-05
-4.859084e-05
-4.927314e-05
-4.99462e-05
-5.061009e-05
-5.126486e-05
-5.191056e-05
-5.254725e-05
-5.3175e-05
-5.379385e-05
