0.001647381
0.005444729
0.007233436
0.003403727
0.0006483949
0.002636603
0.01008352
0.009952604
-0.003131424
-0.006533212
0.003627554
0.008480663
0.005306325
-0.003326139
-0.0009505391
0.004960736
-0.003285212
-0.00200406
-0.007650915
-0.003774179
0.002850625
0.003872003
0.005382196
-0.003475763
0.01343418
0.015556
-0.008496438
-0.005716532
0.003359736
-0.00379992
-0.002725873
-0.001314929
0.008666059
0.007123844
-0.0003698387
-0.005120582
-0.01852437
0.00450224
0.01478353
0.0004458532
0.001781899
0.003503096
0.006465362
0.000703453
-0.001948756
-0.005635025
-0.004935643
-0.01024109
-0.009409717
-0.004190929
0.01505151
0.0114428
-0.008941101
-0.002986969
-0.01050297
-0.007559057
0.01089573
0.0156358
-0.002032717
-0.000563556
0.01156228
0.001975958
0.008344643
0.01015691
0.003962668
-0.01107068
-0.009500588
-0.02665468
-0.01893304
0.007087367
0.001048101
0.02218178
-0.006143888
-0.02700035
0.01545789
0.005297085
-0.01268532
-0.009835788
-0.01296166
0.01296982
0.02175055
0.02071632
-0.02211736
-0.02942426
0.0003039926
-0.002945991
0.009604915
-0.003955093
-0.0004654859
-0.009202741
-0.004456773
0.001477921
-0.003891309
0.02363623
0.01426869
0.01200339
-0.02086682
-0.05351897
0.01228909
0.05542678
0.03275013
0.006861597
-0.008344223
-0.03386406
-0.04500375
-0.009525278
0.03852597
0.01133066
-0.04120557
0.008717166
0.03035003
-0.007590488
-0.02165533
-0.02146011
-0.02575339
-0.002098448
0.01502793
0.008773815
0.00431812
-0.04180074
-0.05001336
-0.002191819
0.03626415
0.03105102
-0.03721323
-0.03521113
0.006686872
-0.004396441
0.0003079214
-0.008382213
0.02286206
0.03443315
0.02063672
0.006985153
-0.02369083
0.01644304
0.02251927
0.01920279
-0.02120695
-0.05906862
-0.001554001
0.004833086
-0.04148484
-0.02420134
0.002984844
0.002850179
0.007249124
0.02597308
-0.01748611
-0.04436953
0.002495001
0.03477054
0.01901293
-0.03015559
-0.04627523
0.01198056
0.04919401
0.002291469
0.003621134
-0.02279404
-0.05196632
0.007828638
0.009735224
-0.006242112
-0.008696172
0.005030963
0.04546636
0.02196511
0.01998335
-0.04039005
-0.028044
0.02248961
-0.0115773
-0.01510903
-0.02578067
-0.03308318
-0.01756005
0.04282854
0.004158012
-0.04480664
-0.03146517
-0.01516962
0.01131545
0.01612975
0.01906756
0.0232081
0.01266057
0.01413011
-0.003031076
-0.02050177
-0.003216319
0.01727624
0.0204752
0.003874821
-0.01572765
-0.005616683
-0.008495013
-0.004032353
0.01895156
0.02843594
-0.001325592
-0.004306722
0.004091081
0.01530897
-0.01248563
-0.0198102
0.03250081
0.03984201
-0.01260833
-0.0475949
-0.02408831
0.01574844
0.01521249
0.003726818
0.0002376994
-0.03437907
-0.003054672
0.04396144
0.03662984
0.01945133
0.0366661
0.01582549
-0.009064035
-0.02516782
-0.02415538
0.01095421
0.007422541
0.03650814
0.03747999
-0.01048646
-0.01766163
-0.001189467
0.01746923
0.006873007
-0.005190927
-0.01419482
-0.00913559
-0.001035905
-0.008253902
0.01812236
0.03439538
0.04019425
0.02773977
0.01981679
0.009757372
-0.01074098
-0.02205923
0.008009548
0.02862435
0.04073162
0.05174596
0.03712742
0.01254679
-0.01089465
-0.03998918
-0.01565128
0.03306571
0.03335635
0.003326444
0.02431375
0.03632658
-0.01594109
-0.03244682
-0.008599726
-0.01548055
-0.025633
-0.01282859
0.01620591
0.0332094
0.03916544
0.03186568
0.002581169
-0.04958381
-0.09100287
-0.08170506
-0.0281264
0.04522891
0.02358666
0.008227581
0.01525774
0.02640559
0.01264682
-0.1098215
-0.1556322
-0.04647883
0.04860261
0.09054543
0.08791848
-0.08098963
-0.2472878
-0.2833101
-0.2022618
-0.1517949
-0.139784
-0.07225265
-0.02191203
0.02153031
0.1727688
0.196591
0.08875494
0.03094025
-0.0198958
0.04508748
0.1374721
0.2467463
0.3055493
0.1970094
0.03485844
-0.04889407
-0.1101575
-0.3419411
-0.4384356
-0.4096841
-0.3569527
-0.1285304
-0.03391772
-0.01503853
0.06393292
0.1694953
0.288554
0.3205704
0.3176403
0.3089821
0.19367
-0.03640686
-0.2532655
-0.404227
-0.3676818
-0.06092999
0.2104664
0.2038656
0.1646652
0.04562823
-0.07995949
0.06720194
0.1307683
0.08389002
0.09450901
0.1477821
0.1172669
0.1769342
0.1979327
0.1686279
0.08820137
-0.08821092
-0.2569743
-0.3740821
-0.2749871
-0.0772025
0.08764973
0.0414085
0.04844055
0.110756
-0.01043417
0.04269893
0.08740689
0.01033302
-0.06037564
0.124781
0.1570051
0.002152305
0.008153688
-0.0977328
-0.1522118
-0.1114915
-0.08677784
0.03317979
0.06288075
0.04429955
0.04197988
-0.01418696
0.0464774
-0.008959954
-0.04976402
0.01682096
0.01429692
0.026025
0.03761819
0.04382666
0.02485514
0.03947924
0.1426115
0.156181
0.06984973
0.05256157
-0.03013273
-0.124172
-0.08637677
0.05407047
0.07787811
0.02719623
0.1029491
0.07232696
-0.04265431
-0.00241999
-0.02290623
-0.1372175
-0.1229647
-0.0260495
0.02033516
0.05307415
0.07449912
-0.0254966
-0.1295917
-0.06704105
-0.04415553
-0.0309957
0.009326561
-0.03284459
0.0348219
0.1032161
0.08840266
-0.04346235
-0.1391108
-0.1137732
-0.09938141
-0.09214638
-0.07439986
0.03278459
0.04930123
-0.05260035
-0.08405655
0.06096484
0.1460502
-0.01220124
-0.05328443
0.001411257
0.006207457
0.02020574
-0.05048287
-0.07941961
-0.02511851
-0.05194845
-0.1293743
-0.1369378
-0.101207
0.1915729
0.2704553
0.02746854
-0.07394118
-0.0985543
-0.05884625
0.07647532
0.084615
0.07598985
0.2399491
0.2404007
0.06718076
-0.1166696
-0.1400374
-0.01138401
0.1876417
0.03676344
-0.2788189
-0.116441
-0.064806
-0.04098352
-0.005757399
0.1583555
0.3151813
0.2745606
0.2896234
0.2032737
0.1146107
0.005687418
-0.02412573
-0.02025259
-0.05660447
-0.1205056
-0.2655956
-0.3119874
-0.2567038
0.08872238
0.2193059
0.1729568
0.3279278
0.3390734
0.07709963
-0.2340215
-0.2391532
0.03666418
-0.07597812
-0.1898858
0.1424847
0.05878989
0.1283905
-0.004708743
-0.2890806
-0.0135357
-0.2128425
-0.2666516
0.1272666
0.2139276
0.1915891
0.1221578
-0.2137425
-0.3488561
-0.1327266
0.03371555
0.3047427
0.1130715
-0.4363288
-0.320236
-0.07297481
-0.1663819
-0.2043369
-0.02125411
-0.008125758
0.04264371
0.1513757
0.1455978
0.1362603
0.02682441
-0.220034
-0.2120701
0.2463495
0.1149572
-0.2032961
-0.07141812
-0.139177
0.04930915
-0.04406646
-0.1586623
0.104384
0.1247295
-0.03326858
-0.1863046
-0.2546036
-0.3468795
-0.2908039
-0.06652101
0.07708748
0.08569343
-0.08828477
-0.2001242
-0.04471648
-0.0424938
-0.1396951
0.07394991
0.152307
0.01173121
-0.1413115
-0.1677753
0.07750532
0.3082632
0.5145641
0.4852056
0.1062753
-0.1268331
-0.2168071
-0.3376479
-0.1892256
0.2605321
0.3594968
0.2754992
0.4276334
0.2893615
-0.1564001
-0.2787396
-0.3093995
-0.2929415
0.07913653
0.1693827
-0.03185418
0.06292118
-0.0690157
-0.3254914
-0.4180183
-0.3551806
-0.2964243
-0.2786125
0.08216169
0.2630361
0.01141828
0.1216715
0.2817859
0.07011975
-0.02455525
0.1796226
0.1698366
0.02009186
0.2174499
0.2255771
0.1109266
0.1515569
0.1334927
0.1787936
0.1172351
0.08417712
0.1052598
0.0906831
0.1085774
0.1028883
0.07637065
0.07835246
0.1454819
0.0835375
0.05113944
-0.0005002443
-0.09368145
-0.1077335
-0.075454
-0.07201518
-0.127339
-0.2144963
-0.2210957
-0.2430246
-0.1173689
0.1780882
0.243767
0.2234653
0.05195897
-0.1887896
-0.2857136
-0.1038943
0.08884539
0.1752351
0.1716058
0.1801826
0.1553549
0.08436803
0.06517919
0.07082959
0.166056
0.07422457
-0.05751445
-0.1477752
-0.162294
-0.01147508
0.02796659
-0.07451751
-0.09979207
-0.077868
-0.04056945
0.1413238
0.1114428
-0.160792
-0.2323719
-0.2066085
-0.2705474
-0.2400748
-0.07589573
0.08666877
0.1225556
0.07025178
0.1624217
0.1937246
0.1550557
0.1771977
0.0181969
-0.1084282
-0.03139493
-0.1282767
-0.1651847
-0.03435397
-0.05940705
-0.01052572
0.02132924
-0.03336723
-0.03391245
-0.129013
-0.1669867
-0.1062643
-0.08968023
0.04879507
0.1346395
0.08633921
0.08939762
-0.006631774
-0.1650284
-0.1571803
-0.1003432
-0.1363435
0.05212927
0.2945076
0.2854873
0.2269353
0.3640133
0.1454998
-0.3029553
-0.07429746
0.04900896
-0.0535316
0.05047787
-0.07497191
-0.1574488
0.006719626
0.05585395
0.1009667
0.1813022
-0.01865608
-0.1197331
-0.002855686
0.01226956
-0.04095131
-0.08178093
-0.1352896
-0.05974335
-0.02998092
-0.05233017
0.06769254
0.1019156
0.1132606
0.1212324
-0.0004351926
-0.03678126
0.02970702
0.02011502
0.09610233
0.2313146
0.08092654
-0.02790497
-0.02713482
-0.09191779
-0.1003066
-0.03795591
0.02189467
0.03369566
0.02897392
0.02851027
0.02260619
0.08156104
0.1077181
0.07960906
0.08058039
0.03464713
-0.01145035
-0.03134086
-0.06199914
-0.09108734
-0.07128884
0.00427168
0.04620221
0.02177704
-0.07762638
-0.1830839
-0.2566211
-0.2722584
-0.1808491
0.008238237
0.2417899
0.2770448
0.2036441
0.2620713
0.2016165
-0.06197499
-0.1149964
-0.02506198
-0.09081141
-0.05901498
0.0260087
0.03390398
0.006342255
-0.05190732
-0.01955256
0.05404227
0.1017721
0.0254513
-0.1829884
-0.004412259
0.07521318
-0.2069519
-0.09243665
0.02827281
-0.09487676
-0.09521542
-0.0129997
-0.1293485
-0.1685363
-0.1441246
-0.1390513
0.08188059
0.1324412
0.02154592
-0.04290116
-0.04438576
0.01090444
0.0772161
0.1131721
0.06982874
-0.02216066
-0.0778668
-0.0337688
0.06622448
0.07306387
0.05879147
-0.009932263
-0.0615396
-0.01560184
-0.02779768
-0.06404089
-0.07261475
-0.03345627
-0.004058701
-0.03368922
-0.04194138
0.002520839
0.02212844
0.008696895
0.009489685
0.009632693
0.03383135
0.03538471
0.003305797
-0.004188315
-0.008468781
-0.02329842
-0.009250327
-0.01160588
-0.03206419
0.000885519
-0.007420373
-0.04996114
-0.03030618
-0.01750146
-0.02735115
-0.004000422
0.007771991
0.001920683
0.004368539
-0.01953445
-0.049274
-0.0407361
-0.02099586
-0.02517171
0.01529349
0.02871698
0.03217513
0.05089947
0.01126884
0.03177521
0.04602929
0.01505994
-0.01694809
-0.02243846
0.03524899
0.09268973
0.101453
0.09366165
0.07544237
-0.01338483
-0.06054687
-0.05687875
-0.03883869
-0.02349581
-0.05428661
-0.05311421
-0.05784641
-0.06230449
-0.02978919
0.0115356
0.02213287
0.03389021
0.02200496
0.007436211
-0.003845571
-0.02045073
0.01489951
0.01505333
-0.01325347
-0.01075304
-0.0286343
-0.01746461
-4.035562e-05
0.00237656
0.03663766
0.03430852
0.002738477
0.02977542
0.03867641
0.02269499
0.05880425
0.07086181
0.02710785
-0.02405772
-0.04383329
-0.02355034
-0.01592822
-0.02833824
-0.0150883
0.02475935
0.04951871
0.01560484
-0.03861059
-0.04870306
-0.01853682
0.008375615
-0.002598012
-0.03633855
-0.03489699
-0.007552654
0.01453277
-0.01161395
-0.03040488
-0.003159348
0.00282818
-0.009915944
-0.00588019
0.01429226
0.0125742
0.003665105
0.03707031
0.06485596
0.07019695
0.06209116
0.06497826
0.04208024
0.01003321
0.02436247
0.04452404
0.04645479
0.01359755
-0.00463773
0.01431034
0.03461873
0.04117094
0.02238081
0.0111706
0.03012335
0.01379586
-0.005320944
0.01576724
0.03269448
0.01585247
-0.02808316
-0.04242819
-0.04430869
-0.0605765
-0.05570094
-0.03859596
-0.01610947
0.02597335
0.03680423
0.03676936
0.02502172
0.009607953
-0.00854059
-0.02557073
-0.05074787
-0.06090285
-0.04040206
-0.05102912
-0.02657321
-0.01454611
-0.04252617
-0.06634477
-0.06240537
-0.01592039
0.03395634
0.02743934
-0.01057477
-0.005743982
-0.01425053
0.00198847
0.02727514
0.01435494
0.01036278
-0.01147643
-0.03765715
-0.03545443
-0.02505142
0.002021378
0.01505524
0.01633039
0.04025011
0.06716238
0.0604777
0.03566037
0.01431945
-0.01364811
-0.02212615
-0.01607034
-0.018459
-0.002745726
-0.01065041
-0.008630855
0.009248541
0.01302192
0.01419195
-0.01308578
0.01118846
0.06135041
0.02620667
-0.04150923
-0.0308409
0.03179138
0.03963527
0.004513131
-0.0183949
-0.01750457
-0.01483652
0.03520872
0.04314997
0.01164608
0.03218154
0.01166497
-0.008903808
0.006351271
-0.008164964
-0.01666985
0.006640866
0.02396306
0.04408447
0.03198213
-0.01453798
-0.03460416
-0.0573599
-0.05934894
-0.02095051
0.01380317
0.007855903
-0.04556992
-0.07023972
-0.05400849
-0.05967613
-0.03585655
0.006182627
-0.008362005
-0.02488844
-0.001636337
-0.009313955
-0.04035828
-0.01078451
0.004285986
-0.02943544
-0.04039773
-0.0211639
-0.0005827729
-0.01414727
-0.03351238
0.002842647
0.01360686
-0.00373338
0.01030757
0.00274138
0.003257509
0.01958592
0.03869624
0.0247354
0.003028413
0.04214546
0.06354597
0.0518128
0.02146042
0.02121753
0.03057554
0.00127606
0.004358336
0.0405885
0.02959091
0.003195641
0.009084534
0.004870824
-0.005420475
-0.009532336
-0.005382262
0.02645949
0.05978513
0.05206497
0.01597972
0.005767457
0.02892321
0.01957273
-0.01893777
-0.01476941
0.02033526
0.01740317
-0.02078895
-0.0214393
0.0003895179
-0.009992311
0.003833634
0.02679058
0.01230944
0.002322455
0.01571135
0.01039677
-0.002386015
0.01781281
0.01336319
-0.02331109
-0.02991021
-0.0121109
-0.003812897
-0.01006895
-0.02828897
-0.03591007
-0.007404102
0.04614925
0.05588809
0.0002983719
-0.01855036
-0.01807286
0.001467932
0.0601758
0.04631035
0.01137132
-0.01428681
-0.03555941
-0.04263071
-0.05619669
-0.001752994
0.04752168
0.02896981
-0.006853822
-0.05163662
-0.03625509
-0.03609568
-0.0495129
-0.01468949
-0.01359376
-0.01433564
-0.01178784
0.0007456588
-0.007114138
-0.01488712
0.01099
-0.007390344
-0.01399591
0.004342765
0.002959766
-0.005068069
-0.01370717
-0.007907528
0.002116332
-0.01694294
-0.01880816
0.03043878
0.04965113
0.01443699
-0.03600054
-0.03773982
0.008490649
0.02080385
0.03198173
0.02624802
-0.006803828
-0.01519037
-0.0197035
-0.0143083
-0.002384281
0.01980458
0.03880342
0.02446212
0.01141942
-0.006246566
-0.01380622
-0.006220251
-0.01042732
-0.01206843
-0.00408383
0.03642593
0.05970606
0.03379561
-0.009541894
-0.03286239
-0.01891792
-0.003763427
0.01131775
0.01135373
-0.01368183
-0.01269099
-0.002931899
0.002898597
-0.001254915
-0.02445326
-0.006947143
0.01952212
0.0317792
0.01930273
-0.003254876
-0.02243666
-0.01889456
0.002459023
-0.009080255
-0.006596783
0.02485552
0.02169208
-0.004370266
-0.004941578
-0.01531261
-0.01713237
0.01692399
0.04832563
0.03340303
-0.01584417
-0.07261388
-0.08806067
-0.03366052
0.003445151
-0.007639193
0.001364196
0.03349932
0.02400628
-0.01071529
-0.01117113
-0.01668956
-0.03734037
-0.06876288
-0.07804652
-0.03603222
0.01433171
0.0487642
0.04152538
-0.0046449
-0.01618486
0.0253592
0.03260534
-0.01555633
-0.01989199
0.02697573
0.02553049
-0.008364451
-0.0169939
-0.008051409
0.005310016
0.01717545
0.03118898
0.02341921
0.001800648
-0.009239753
-0.03919182
-0.05071226
-0.01862419
0.02089124
0.04545234
0.02874965
-0.01730764
0.0005696526
0.04338487
0.02773575
0.03274423
0.04224171
0.01586004
0.00807475
0.01374952
0.0283956
0.01876803
-0.02135419
-0.008818396
0.01284686
-0.02092308
-0.01161528
0.03401433
0.02971191
0.01859769
0.04890377
0.03152007
-0.05371293
-0.05552031
0.008526814
0.04636873
0.02439239
-0.02045557
0.01174061
-0.01158999
-0.08126689
-0.06667212
-0.02789299
-0.01196284
-0.01675051
-0.03814395
-0.02346663
0.02358613
0.02279536
0.02760839
0.02007906
-0.02270983
-0.01163736
-0.007224054
-0.03732142
-0.06124948
-0.05055979
0.006922311
0.04055962
0.03141268
0.03511185
0.02627182
0.01521222
0.02371242
-0.01277507
-0.01539847
0.04164997
0.02734254
-0.01715621
0.01464376
-0.009880234
-0.06116528
-0.05633757
-0.0001781326
0.06419496
-0.01007796
-0.07063588
-0.04978383
0.02097521
0.08435808
0.06002224
0.007937513
0.01148831
0.0172648
-0.01642531
-0.01625736
-0.006462529
-0.02513505
-0.03059427
0.004282703
-0.009116567
-0.03900878
-0.0006126064
0.05340668
0.07061285
-0.01010951
-0.06095846
-0.01522451
0.03455323
0.05127202
-0.001278236
-0.04348042
-0.02890754
-0.01561617
0.02139704
0.04538726
0.06775159
0.0597742
-0.01640026
-0.03187191
0.01011942
0.002348569
-0.009211569
0.02709866
0.04553992
0.007897239
-0.02578654
-0.03839286
-0.03578264
-0.004717434
-0.006106469
-0.04312431
-0.03505096
-0.01056666
-0.006852084
0.02405711
0.01708843
-0.03195467
-0.01107085
0.03538957
0.01208093
0.002307918
0.0433572
0.04845547
-0.004756534
-0.02425945
0.01706756
0.02819323
-0.0169967
-0.06657077
-0.03603148
0.017514
0.002943979
0.009095591
0.02478281
0.03277542
0.02299671
-0.02530983
-0.0209185
0.02635352
0.005743748
-0.06939079
-0.07206349
-0.007748706
0.0002337797
-0.01098232
-0.007604971
-0.0008102413
0.04578796
0.05881239
0.01744656
-0.03426799
-0.0229113
0.01387471
0.007317761
0.008205648
0.01793881
0.001000294
-0.01830016
-0.01294236
-0.02250627
0.006188949
0.05939392
0.08670045
0.03508141
-0.02571853
-0.04122567
-0.01633852
0.00754453
-0.02238194
-0.02537692
-0.04101631
-0.05934445
0.004422836
0.04133255
0.0095535
0.004874093
0.001941227
-0.05868308
-0.06814709
-0.02931538
-0.01284563
0.01206728
0.01516239
-0.01154765
-0.0396973
-0.02489185
0.04936257
0.07683827
0.04499426
0.02937598
0.01179044
-0.02827755
-0.01227652
0.03965096
0.01362194
-0.01361604
0.001388364
0.01377707
0.04866447
0.02823223
-0.004798098
0.01628104
0.03483088
0.02856987
0.005286204
-0.01550431
0.0203896
0.0179973
-0.02107465
-0.0559017
-0.03937587
0.01431659
0.02750226
0.01595395
-0.04967569
-0.06211074
-0.05320527
-0.0650871
-0.05857846
-0.04724647
-0.04448505
-0.0760504
-0.05172641
-0.0002136794
0.009386442
-0.004840327
-0.02537718
-0.0130194
-0.005021705
-0.01128869
-0.006494265
-0.00184648
-0.003436992
-0.02029684
-0.0183251
-0.007461693
0.006718242
0.03066658
0.05317016
0.04823734
0.00504215
-0.04240843
-0.05665828
-0.05077621
-0.02418051
0.04038142
0.07882125
0.04604644
0.02097188
0.05567687
0.03970771
-0.005849985
-0.02646152
-0.02316594
0.02087302
0.03912066
0.03878515
0.06759519
0.0561479
-0.01815027
-0.03448233
0.02823735
0.04586226
0.02113381
0.01003725
-0.01357974
-0.0623693
-0.03744273
0.02273037
0.007978006
-0.05117407
-0.04264898
0.03495466
0.02267472
-0.02239355
-0.02276288
-0.01479025
0.00271713
-0.0161816
-0.038807
-0.01971704
0.01861827
0.03019903
0.01390011
-0.0178164
-0.01069248
0.02590228
0.06334368
0.04151352
-0.07137437
-0.09777783
-0.0314839
-0.01374946
0.002629209
0.06005804
0.05065469
-0.02258359
-0.04893523
-0.03759693
-0.03206455
0.01898097
0.06592398
0.08100394
0.05841054
-0.01314721
-0.02109341
0.01043812
-0.01736119
-0.01294642
0.03894668
0.03171899
-0.007336407
-0.01414052
0.004982901
-0.009145109
-0.04040915
-0.02837569
-0.02629437
-0.0538202
-0.03838472
-0.006276371
0.002504402
0.01355767
-0.0006448434
-0.02381181
-0.02921245
-0.01284711
0.01178421
0.0303478
0.03479945
0.03786312
0.06706497
0.08023492
0.07577585
0.08432457
0.08112141
0.07261312
0.07566528
0.06962194
0.06350127
0.07299923
0.05467446
-0.004978925
-0.01165973
0.03512507
0.05315885
0.06424719
0.06235324
0.03999089
0.02028477
-0.01331182
-0.04208875
-0.0703168
-0.04614632
0.04469707
0.07137175
0.00346043
-0.04210115
0.001113423
0.006490055
-0.01423914
-0.007866856
-0.06486088
-0.09559631
-0.0744025
-0.06099845
-0.06977577
-0.1150147
-0.1401281
-0.1213274
-0.1000772
-0.1120965
-0.1255078
-0.1217934
-0.08503521
0.03064579
0.1413055
0.1423148
0.0636142
0.01299742
-0.004099214
-0.003147716
0.04630582
0.0356145
0.02251036
0.07137182
0.07925611
0.1146492
0.125524
0.08896165
0.05785352
0.01078947
-0.02750384
-0.03895962
-0.04839349
-0.02703818
0.003605187
0.02096984
0.07161005
0.03849518
-0.05759177
-0.0602643
-0.02196136
0.0195934
0.09342942
0.1268993
0.07406288
-0.01646034
-0.02928677
0.0299374
0.0473574
0.007552791
-0.001068519
0.03684911
0.03440731
0.02079861
0.001542915
-0.05782834
-0.1181923
-0.1193932
-0.07290801
0.01179151
0.1233334
0.07356047
-0.01645009
0.01602529
0.006446528
-0.0579087
-0.04826904
-0.0410659
-0.07035843
-0.05843128
-0.02515847
0.02066786
0.01980332
-0.01495246
-0.03138181
0.005486829
0.03296978
0.03241194
-0.0226283
-0.08197872
0.003409243
0.07982256
0.1216805
0.1203725
0.02660184
-0.06393565
-0.07677779
-0.08237881
-0.07814989
-0.04256944
-0.0007588559
0.1016397
0.102116
-0.01269163
-0.05620901
0.001119458
0.01888776
-0.02399608
-0.05225339
-0.06705192
-0.04372464
-0.03593087
-0.03301018
0.002187887
0.00254346
-0.02507448
-0.02832889
-0.02082291
-0.02059604
-0.001662242
0.02098442
0.02663524
0.03208536
0.06251498
0.09919176
0.142555
0.1201211
0.03269967
0.02516805
0.01716039
-0.05439084
-0.106472
-0.1474605
-0.1961142
-0.236926
-0.2311001
-0.1577254
-0.06675083
0.0171331
0.1347379
0.1518056
0.08348106
0.1084668
0.1179037
0.1491698
0.1006062
-0.04929566
-0.1217748
-0.1406743
-0.131529
-0.1191924
-0.07292621
-0.005578874
0.03460241
0.03384232
0.03166407
0.09224299
0.1026481
0.0172606
-0.02158525
-0.02855048
-0.06247412
-0.04302995
-0.05011557
-0.1016641
-0.1034128
-0.07272495
-0.07887855
-0.06593779
0.01238143
0.02085495
-0.0001724054
0.03523242
0.04179182
0.01216927
-0.001743575
0.002068359
0.01715789
0.01608394
0.01374439
0.0196548
-0.002755086
-0.01687724
-0.01036408
-0.008070989
-0.01450376
-0.05872725
-0.09777356
-0.08609869
-0.01948305
0.006117363
0.03100952
0.08971365
0.06420663
0.01224901
0.01614198
0.02838174
-0.003843253
-0.001164288
0.02694838
0.02465726
-0.01829463
-0.05042002
-0.02918736
0.005435583
-0.00564893
-0.01254622
0.04535318
0.03940493
-0.02851602
-0.03577247
-0.02656281
-0.03264535
-0.02026597
-0.02831505
-0.02722742
-0.006336862
0.02578326
0.05142076
0.03243615
0.002734688
-0.0005206903
0.02685677
0.02155223
-0.02925698
-0.008126712
0.04158561
0.01988371
-0.01625626
-0.01248318
0.03388937
0.06595856
0.05877278
0.02971969
0.007095153
-0.008040477
-0.01330225
0.01825993
0.05034198
0.02851235
-0.01599768
-0.04987471
-0.06705473
-0.01781311
-0.01593338
-0.04024962
0.003002265
0.01388668
0.01315435
0.01918162
0.01499048
0.004462836
0.01286104
0.06466147
0.07152567
0.030814
0.002942376
-0.02408103
-0.004227822
0.02286936
-0.00130272
-0.02965318
-0.0147252
0.01757011
-0.003403444
-0.01739239
0.001096346
0.02428705
0.02130523
0.002136756
0.02957146
0.03843083
-0.00276964
-0.01138721
0.0165654
0.03179954
0.04013056
0.06041454
0.07500385
0.0425845
-0.01698433
-0.04215313
-0.01459397
-0.004174526
-0.02231959
0.01725699
0.06450313
0.06361882
0.04387615
0.01919402
-0.001381511
-0.03178949
-0.04650994
-0.0236318
-0.02065832
-0.03584485
-0.03690842
-0.01656059
-0.0100248
-0.02511999
-0.01909707
0.0123739
0.01731568
0.01198197
0.06444121
0.07685871
0.04531028
0.04115722
0.05745348
0.04705911
0.01795692
0.01844381
0.03140963
0.03904863
0.00523622
-0.04151915
-0.05668366
-0.01297787
0.01355039
0.03001827
0.085859
0.09303421
0.04832726
0.01998629
0.0130686
-0.02913263
-0.02432124
0.01031204
0.003295678
0.04438313
0.05174532
-0.005401351
-0.03296472
-4.230639e-05
0.02957737
-0.0001310759
-0.04076624
-0.02472558
0.04811445
0.04894339
0.01250217
-0.002241104
-0.0006015639
0.02848796
0.0001809032
-0.04226917
-0.04429915
-0.02043702
-0.01831843
-0.03559601
-0.005764619
0.00378567
-0.02082628
-0.04471709
-0.05142865
-0.0437576
-0.0519408
-0.06713781
-0.05645568
-0.01926854
0.005639849
0.03976594
0.04426756
-0.005107599
-0.05751296
-0.05753774
-0.01181931
0.01862644
0.06065643
0.09811546
0.07439518
0.01616087
-0.02250111
-0.01058672
0.004542708
-0.02773343
-0.03227859
-0.001730653
-0.03034404
-0.05311058
-0.02253217
0.02282248
0.04363816
0.02005223
0.01170639
0.03794442
0.02688471
-0.04231729
-0.04658465
-0.004387369
0.00466942
0.03039231
0.0340752
-0.01235029
-0.03768895
-0.01044574
0.02384288
0.04318343
0.05185675
0.04435717
0.0143397
-0.003069172
0.01648923
0.02661044
0.005400191
-0.004011501
-0.005975921
-0.04754473
-0.08492578
-0.08105372
-0.06511633
-0.06679525
-0.06670208
-0.07405254
-0.065977
-0.0363295
-0.02917287
-0.03903645
-0.03172533
0.02008064
0.03986536
0.02735566
0.02745167
0.03809507
0.06176872
0.04179932
0.008822474
0.0002180004
-0.01628271
-0.009830235
-0.005542582
-0.03493922
-0.04775569
-0.0389247
-0.01028423
0.02013913
0.02463758
0.007363388
-0.01974464
-0.03326464
-0.01612141
0.01027362
0.02676282
0.03266301
0.04591129
0.03927517
-0.012725
-0.01754874
0.02134625
0.03220204
0.009393773
-0.002075918
0.01165105
0.02594084
0.02181941
-0.01482642
-0.03511722
-0.000239254
0.04677737
0.02473456
-0.007173662
-0.02531912
-0.02101396
-0.008807969
-0.04297552
-0.02822853
0.0165918
0.009997303
-0.03460853
-0.0560761
-0.0472084
-0.01656172
-0.01481581
-0.003163655
0.0395782
0.008530679
-0.02284144
-0.00600843
-0.01629777
-0.02968941
-0.008444411
0.001119624
-0.006614652
-0.01505928
-0.02223584
-0.06197754
-0.05504533
-0.003197328
-0.0008993942
-0.02107834
-0.04152633
-0.05840784
-0.04044076
-0.01530525
0.01947225
0.02803206
0.01131334
0.02309604
-0.01130484
-0.06932928
-0.05345939
0.02325025
0.06545061
0.05245369
0.03849436
0.03426292
0.01508255
-0.01718345
-0.03659822
0.01687019
0.03772389
0.01321519
0.02157706
0.02650351
0.02457197
0.003938537
0.01258341
0.01655496
-0.0303124
-0.04252071
0.01086905
0.0388237
0.01009097
-0.02332658
-0.0173219
0.002634903
-0.01783261
-0.01844337
0.0171432
0.02334851
0.001993009
0.0064817
0.02679797
0.01977897
-0.002454696
0.01499984
0.001914761
-0.04520322
-0.0309407
-0.009145708
-0.01699759
-0.01966543
0.02009073
0.02308871
-0.01468718
-0.01065973
-0.02346156
-0.03270405
-0.02976925
-0.03258986
0.01127118
0.05752978
0.08146575
0.08750954
0.06674591
0.03211966
0.002396573
-0.001626229
0.03304286
0.04934665
0.01465531
-0.01350081
-0.007104982
0.003093154
-0.001866054
0.004460301
-0.01133396
-0.02922793
-0.007016276
0.0115055
0.01163843
-0.0175144
-0.04944138
-0.02443537
-0.01531473
-0.02512657
0.002330559
0.006281781
0.004635362
0.02277511
0.03932665
0.04961526
0.03207878
-0.03656235
-0.0530017
0.00459269
0.0392357
0.05890614
0.09503635
0.07676966
-0.03107518
-0.07889271
-0.04219055
-0.009000613
-0.01490807
-0.05210071
-0.04169713
-0.01166992
-0.007704579
-0.0433498
-0.04932011
0.003106194
0.002519064
-0.03014645
-0.02031742
-0.002303552
-0.01626573
-0.01045664
0.02988726
0.02083664
-0.009051541
0.001767404
0.01626651
0.008246166
0.006255538
0.03064338
-0.01248541
-0.06180075
-0.0261444
0.02028781
-0.001140808
-0.03689144
-0.01361282
0.01595808
0.03067466
0.04312478
0.05733038
0.05358553
0.005589944
-0.02133708
0.008305708
0.01908958
-0.004563893
-0.006907749
-0.005926332
-0.02077523
0.004938144
0.05536568
0.04954917
-0.01327515
-0.04240008
-0.01010726
-0.004599403
-0.0252339
0.00349273
0.04840349
0.05618551
0.03726489
0.04085902
0.03709254
-0.01585149
-0.04933311
-0.04594673
-0.026777
0.0112247
0.01535678
0.01059616
-0.009021966
-0.02136636
-0.009513037
-0.01039392
0.01443753
0.03338
0.01666807
-0.01013221
-0.01953512
-0.01687597
-0.02304526
-0.01633899
0.01211728
0.006402822
-0.04131443
-0.02529266
0.01701599
0.01672225
0.01149779
0.007514119
0.02203933
0.03737463
0.04102564
0.03883717
0.05606272
0.05054742
-0.01137257
-0.03689351
0.01591207
0.04452537
0.02646912
0.03291628
0.01587231
-0.04039493
-0.04111874
-0.005322813
-0.01686485
-0.02215238
0.01241331
0.01810146
-0.0006802925
0.008014374
0.03160895
0.04170479
0.03621991
-0.00237304
-0.03477936
0.004955214
0.0451037
0.04626296
0.01289102
-0.04151136
-0.0293208
0.01734933
0.008294685
0.01791833
0.03639635
-0.009333029
-0.02952497
0.01464667
0.01263794
-0.0127707
-0.02015729
-0.01882938
-0.02678388
-0.02245574
0.01144697
-0.007471519
-0.02786365
-0.001969915
0.008047838
-0.02168274
-0.02858073
0.008030814
0.01838949
-0.003259773
-0.02335729
-0.0329446
-0.03284002
-0.01809203
0.01197662
0.0130224
-0.02891458
-0.02301277
0.02987163
0.02840509
-0.01291093
-0.02449527
-0.0008464598
0.002571379
-0.01393018
-0.02470063
-0.03954242
-0.04755669
-0.03145249
-0.003287368
0.008480754
-0.005729306
-0.01605646
-0.00258267
-0.005357074
-0.03690234
-0.03626558
-0.02637769
-0.03147984
-0.02310231
-0.006582335
0.004508679
0.0107677
0.004719601
-0.01247628
-0.01112122
0.0132916
0.03607371
0.01990736
0.005965671
0.009345655
-0.01590736
-0.03008955
-0.02117358
-0.01674005
-0.03873957
-0.04607717
3.744015e-05
0.02846078
0.0456068
0.06105385
0.03408721
0.005178478
-0.01957587
-0.03956792
-0.01916329
-0.007429783
0.006149306
0.03574965
0.03131057
0.01036003
0.01773243
0.04040193
0.02686833
-0.02064039
-0.01250524
0.007637081
0.002178127
0.007791934
0.03657433
0.05770686
0.01808459
-0.007974148
-0.001004067
-0.01608732
-0.03858494
-0.03009142
0.008370236
0.02586458
-0.002453982
-0.03357686
-0.02571935
-0.01809219
-0.0344472
-0.03966292
-0.006957787
0.01869441
0.001050467
-0.02128385
-0.03274137
-0.01837554
-0.003131718
0.003546274
0.002858676
-0.02327272
-0.02485115
-0.0005227839
-0.001373795
-0.01833984
-0.02698985
-0.00798317
0.009390072
-0.00313166
-0.01878008
-0.01934038
0.005948269
0.02923462
0.02666235
0.01547163
0.01614312
0.0004765267
-0.02621171
-0.02766044
0.00662042
0.01477213
0.0006497443
0.01662136
0.01679714
0.02438663
0.04573459
0.0329654
-0.005928304
-0.001304033
0.02569433
0.03546839
0.03996366
0.02652154
0.01069287
0.02387083
0.04237039
0.03626549
0.0358174
0.04947697
0.03394812
-0.0006392248
-0.02085674
-0.01731713
0.002850396
0.009707981
0.01891212
0.01262682
-0.01213925
-0.02660475
-0.01556558
0.006882863
0.006197812
0.01550009
0.01264544
-0.009965348
0.01849832
0.03969542
0.01023952
-0.02062631
-0.04455336
-0.02744412
-0.003390843
-0.0007177342
0.009594855
0.002945895
-0.002464942
0.0009404908
-0.009118195
-0.02039108
-0.02772608
-0.02712675
-0.005889023
0.02436158
0.01505394
-0.01096151
-0.01712009
-0.02204161
-0.01825711
-0.01055132
-0.004491987
-0.01164369
-0.0218171
-0.02880479
-0.01240934
0.006306911
0.0108212
0.01643394
0.001513069
-0.01015705
-0.003182929
-0.0005771667
-0.005837736
0.003510571
0.01333596
0.0007216191
-0.009483021
0.01536054
0.02745332
0.01428489
-0.01274987
-0.01999613
0.004828395
-0.01809267
-0.03272247
-0.005882796
0.0144542
0.01673657
-0.00486357
-0.004289621
0.01594257
-0.01011215
-0.02472751
0.004753427
0.01203373
-0.004990549
-0.01715692
-0.01873904
-0.01118503
-0.002964247
0.0009017922
-0.008440039
-0.01977311
-0.01650772
-0.009479163
-0.005258219
-0.004910168
-0.001764621
-0.002268278
-0.004031934
-0.0007747279
-0.01141628
-0.02197989
-0.01360154
0.001310647
0.0188204
0.01621936
-0.01235463
-0.01363416
0.01047111
0.004137391
-0.005637855
-0.0062774
-0.01289048
0.002393038
0.02401986
0.0199976
-0.008696973
0.0008790182
0.02704388
0.006833355
-0.008140883
0.004524632
0.01098149
0.005561641
0.01201174
0.01978921
0.01214361
0.006195855
0.006036099
-0.0009787206
-0.002674193
0.007506641
0.01351237
0.009938153
0.002914173
0.003620269
0.004911104
-0.0009064874
0.0004855352
0.005367606
0.003078933
0.001519301
0.00266378
-0.0003306814
-0.001706595
-0.004542932
-0.006584969
-0.001978166
0.001352218
0.009081856
0.009764238
0.0004240942
-0.001229686
-0.003282072
-0.006313533
-0.003084524
0.001738051
0.002183058
-0.001253642
0.001010208
0.003335991
-0.002285904
-0.005173998
-0.003045091
-0.003136502
0.0005445488
0.002080593
-0.001956864
-0.0004891318
0.002221212
0.0007765332
0.001323953
0.002225822
-0.0001861494
0.0007818464
0.001915377
-0.002054785
-0.003953936
-0.001611736
0.0003721611
0.001241485
0.002623116
0.001814024
0.001831143
0.001634738
0.0005214185
0.000493952
-0.000919879
-0.0009939785
0.00117684
0.001772992
0.0004729283
0.0001917341
-0.0005952489
0.0001374931
0.002023874
0.002165519
0.002238449
0.001812144
0.001467562
0.001069803
5.271167e-05
0.0003082822
0.0006937768
0.000327182
0.0005214269
0.0004855708
-0.000210722
-0.0007725041
-0.0006112651
-0.0004363986
-0.0007416658
-0.0008904903
-0.001018183
-0.000930872
-0.0006812777
-0.000652308
-0.0009892
-0.00131607
-0.001256847
-0.001248909
-0.001312344
-0.001328984
-0.001213627
-0.001153174
-0.00116686
-0.001149369
-0.001050604
-0.0008960229
-0.0008367952
-0.0007659158
-0.0006844227
-0.0006588307
-0.0006126894
-0.0005392488
-0.0004882042
-0.0004369489
-0.0003673823
-0.0003060702
-0.0002599064
