-0.0002483657
-0.0002509133
-0.0002512939
-0.000250895
-0.0002515471
-0.0002539917
-0.0002648371
-0.0002793925
-0.0002858272
-0.0002863206
-0.0002701796
-0.0002405255
-0.0002302102
-0.0002530141
-0.0002809391
-0.0002960449
-0.0003347985
-0.0003649936
-0.000370605
-0.0003774573
-0.0004045033
-0.0004884058
-0.0005549923
-0.0005654934
-0.0004644961
-0.000313389
-0.0002750781
-0.0001968761
-0.0001188204
-0.0001132279
-0.0001319518
-0.0002478495
-0.0003663303
-0.0003173776
-0.0001189394
-2.872283e-05
8.272074e-05
0.0002436832
5.880033e-05
-0.0004023863
-0.0008689542
-0.001194824
-0.001251139
-0.0009862325
-0.0004245665
0.0003060186
0.0007419777
0.001175643
0.001588041
0.001391706
0.0007154812
0.0001248231
-0.0003445906
-0.001530372
-0.00322152
-0.004838197
-0.005962743
-0.006329605
-0.005996389
-0.004669295
-0.003222133
-0.002366962
-0.001714335
-0.001129493
-0.0001253377
0.0009678148
0.002431981
0.004640539
0.007294033
0.008865667
0.008874243
0.007826275
0.005631977
0.001701209
-0.00247577
-0.004450229
-0.004515819
-0.004399596
-0.004035905
-0.003477246
-0.003775086
-0.005417869
-0.006797154
-0.00756434
-0.007738303
-0.00694548
-0.005018555
-0.001460656
0.002263564
0.005461312
0.008682981
0.01067903
0.01148743
0.01160726
0.009832163
0.005000064
-0.003010983
-0.01073392
-0.01195763
-0.007866612
-0.003054158
0.0005780773
-0.0001786757
-0.004605136
-0.008676498
-0.01055751
-0.01008999
-0.008805864
-0.007033029
-0.005498119
-0.00582777
-0.007312843
-0.007912056
-0.007750719
-0.006740687
-0.004677776
0.001289466
0.009448716
0.0180797
0.0259767
0.02852878
0.02731632
0.02704795
0.02626733
0.02292087
0.01771027
0.009567105
-0.0004268267
-0.009753371
-0.01594106
-0.01849787
-0.01939477
-0.01953843
-0.02006794
-0.02157091
-0.02233005
-0.02388
-0.0250488
-0.02363875
-0.01779615
-0.003419475
0.01503446
0.02602947
0.02600256
0.02066085
0.01478046
0.009253541
0.004080539
-0.003166892
-0.009769151
-0.0136747
-0.01377614
-0.01187773
-0.009216775
-0.004578008
-0.0003052405
0.0007870318
0.00388046
0.01027921
0.01576465
0.01913216
0.02002967
0.01603585
0.008156623
0.001614877
-0.004218646
-0.009785254
-0.01295573
-0.01355221
-0.01064273
-0.006220412
-0.0008001068
0.004634321
0.007796111
0.009741592
0.009963842
0.006252796
0.0007087475
-0.004091192
-0.007099643
-0.008436489
-0.008675452
-0.01035472
-0.01393703
-0.01547491
-0.01492455
-0.01283792
-0.01080827
-0.01150448
-0.01154479
-0.008872171
-0.002184846
0.006981154
0.01625841
0.02181606
0.0230565
0.02065424
0.01649116
0.0134924
0.01117267
0.008589355
0.005450206
0.0001954254
-0.007113341
-0.01174858
-0.01273928
-0.01038545
-0.003345501
-0.001152602
-0.002643636
-0.002971937
-0.002609754
-0.002611352
-0.003106838
-0.004548668
-0.006513354
-0.009201924
-0.01177828
-0.008914495
-0.004588833
-0.007738341
-0.01428871
-0.02033892
-0.02389896
-0.02263147
-0.01877601
-0.01398556
-0.009005051
-0.005339801
-0.003325937
-0.002903375
-0.003125401
-0.003040672
-0.001753767
0.0009655443
0.005263662
0.01134634
0.01972566
0.02710358
0.03084124
0.03134862
0.02861633
0.02149937
0.0120263
0.004684011
-0.002249698
-0.009344788
-0.01419161
-0.0175493
-0.02033694
-0.02091291
-0.02027327
-0.0182572
-0.01822517
-0.02219376
-0.02754794
-0.02770976
-0.02255946
-0.01696513
-0.008004227
-0.0004818844
0.001995103
0.002337662
-0.001075734
-0.006561286
-0.01339734
-0.02158968
-0.02667488
-0.0264148
-0.0219616
-0.01550997
-0.009680185
-0.006997344
-0.01056342
-0.01868154
-0.02765749
-0.03408665
-0.03702274
-0.03761836
-0.03479825
-0.03157127
-0.02864315
-0.02266932
-0.01050412
0.007913861
0.02950312
0.05725814
0.08071573
0.08807887
0.09022115
0.09341273
0.09633444
0.09966342
0.1035299
0.1082868
0.1146893
0.1197872
0.1230764
0.1250205
0.1236813
0.1201384
0.1031811
0.0579564
0.02069577
0.0125266
0.0136238
0.01798076
0.02736936
0.06432101
0.1383094
0.1885906
0.1916365
0.1867422
0.1852797
0.1786894
0.1531297
0.1044111
0.05224537
0.004834199
-0.02650121
-0.03797119
-0.04591193
-0.05956172
-0.0841822
-0.1240838
-0.1644538
-0.1819968
-0.1823624
-0.1838491
-0.1855444
-0.1830862
-0.1765137
-0.1543499
-0.08755318
0.03486045
0.1562379
0.2171152
0.2539163
0.2794206
0.2375585
0.1329111
0.03043835
-0.0552842
-0.1126189
-0.1323587
-0.1334383
-0.1252244
-0.1144039
-0.1125383
-0.1114245
-0.08128318
0.006156111
0.1024962
0.1709694
0.1956351
0.1737533
0.1153013
0.01858381
-0.09662404
-0.1916766
-0.206708
-0.1793431
-0.1945971
-0.2186272
-0.2100062
-0.1970458
-0.2024449
-0.2209956
-0.2432987
-0.2575888
-0.2636926
-0.2616768
-0.2551081
-0.2295517
-0.1688767
-0.1013588
-0.03946784
0.02254093
0.08053077
0.1047122
0.1010185
0.09467175
0.08307284
0.06336051
0.04260372
0.03163403
0.03158459
0.03889694
0.05482196
0.07657956
0.09704084
0.1134595
0.1263937
0.1332135
0.1342051
0.1321602
0.1279665
0.122232
0.116434
0.1116335
0.08762481
0.03568366
-0.02405999
-0.07547243
-0.08329758
-0.06126057
-0.05276599
-0.05319697
-0.04056092
-0.01855943
0.01245196
0.05505007
0.07216244
0.04021799
-0.01067692
-0.0560336
-0.09490539
-0.1216416
-0.1335279
-0.1394748
-0.1437016
-0.1456226
-0.1450238
-0.1420724
-0.1323091
-0.1124514
-0.09441641
-0.08026236
-0.06752317
-0.05872205
-0.05437949
-0.05111849
-0.04612598
-0.0380887
-0.02560251
-0.006042898
0.0261727
0.06407143
0.09593424
0.1176806
0.1356733
0.1533834
0.1669855
0.1754531
0.1795411
0.1801815
0.1768683
0.1702608
0.1609099
0.1364875
0.08776115
0.04067875
0.02287414
0.009530014
-0.02553226
-0.06007253
-0.1076855
-0.1735365
-0.2169217
-0.2216925
-0.2145896
-0.2054255
-0.1712203
-0.1076535
-0.0446937
0.01168476
0.06641051
0.1055278
0.1268386
0.1405903
0.1479928
0.1705593
0.2154814
0.2354942
0.2177357
0.1828316
0.1479046
0.1319362
0.1372357
0.1430728
0.136352
0.1270387
0.1227277
0.1182008
0.1147273
0.1143264
0.1148078
0.115929
0.1183171
0.121049
0.1235688
0.1251938
0.1253767
0.1217056
0.09177533
0.04598644
0.02789461
0.02683178
0.01178717
-0.01035077
-0.0269782
-0.05051761
-0.07711232
-0.09593051
-0.1034926
-0.09081459
-0.09131098
-0.1135152
-0.1368741
-0.1632871
-0.1930382
-0.2148102
-0.2212215
-0.21958
-0.2172838
-0.2110766
-0.1934771
-0.1626553
-0.137614
-0.1255946
-0.1237646
-0.1285187
-0.1337211
-0.1325667
-0.1252762
-0.1209678
-0.1177642
-0.1122595
-0.1047582
-0.09745251
-0.0905136
-0.07973805
-0.06712407
-0.05546915
-0.04389464
-0.02872291
-0.004072216
0.02742881
0.04894322
0.05474877
0.05232313
0.04892682
0.05371015
0.06815451
0.08134245
0.08976242
0.0952216
0.1006729
0.1083669
0.1195799
0.1358701
0.1522574
0.1633272
0.1707846
0.1758089
0.177863
0.1772193
0.1743838
0.1687457
0.1575396
0.1258137
0.0755188
0.02665407
-0.01877765
-0.03982938
-0.02864545
-0.02494882
-0.03586638
-0.03921494
-0.02933789
-0.01529354
0.0008819704
0.02262902
0.03573843
0.03458005
0.02515566
0.006246438
-0.01873558
-0.03459903
-0.03872061
-0.04404823
-0.05675608
-0.06997912
-0.08837632
-0.1035938
-0.1041565
-0.09246337
-0.07406844
-0.05299027
-0.01200516
0.03511633
0.0554614
0.05838803
0.05767975
0.0486736
0.02584156
0.001525757
-0.02829948
-0.06088188
-0.08018818
-0.0939458
-0.1121688
-0.1233894
-0.1213893
-0.1133176
-0.1139604
-0.1212528
-0.1176056
-0.08754272
-0.05471813
-0.04346082
-0.0405494
-0.03530645
-0.03377811
-0.03964134
-0.05232333
-0.07297967
-0.1121587
-0.1391748
-0.1504978
-0.1613794
-0.1694765
-0.1708244
-0.1699037
-0.1664097
-0.1550756
-0.1399355
-0.1281006
-0.1166981
-0.09106897
-0.06480304
-0.04453067
-0.01991746
0.01184772
0.04612326
0.0813021
0.1211627
0.1741911
0.2330343
0.2882863
0.3174821
0.3223336
0.3337394
0.3389356
0.3386862
0.3444988
0.3327155
0.2975734
0.2634826
0.2393337
0.2031787
0.1595041
0.1364852
0.1181876
0.07741222
0.05504611
0.05153593
0.05091952
0.05568199
0.06415626
0.07093521
0.07323752
0.07071981
0.06284047
0.04639809
0.01322434
-0.02911812
-0.0765792
-0.1222442
-0.1485844
-0.1731331
-0.2072073
-0.2245119
-0.2202382
-0.212799
-0.208596
-0.2071676
-0.2071609
-0.2086122
-0.2136875
-0.2215585
-0.2284466
-0.2319089
-0.2315035
-0.2258486
-0.218307
-0.2111347
-0.2018469
-0.1688733
-0.1109793
-0.07049135
-0.05233884
-0.03531854
-0.01611409
0.002301667
0.02410454
0.05219174
0.0788019
0.09619179
0.102329
0.1030037
0.09774013
0.06115744
-1.345645e-06
-0.03892309
-0.03408825
-0.01663477
0.02248973
0.07661334
0.1028499
0.1067217
0.1141004
0.1250363
0.1286983
0.1274315
0.1263727
0.1235784
0.1177021
0.114217
0.1183
0.1287933
0.141922
0.1557142
0.1636071
0.1645526
0.1585096
0.1235767
0.06830075
0.01513408
-0.03483614
-0.08561682
-0.1258437
-0.1466815
-0.1628163
-0.1790337
-0.2002517
-0.2213981
-0.2355253
-0.2405153
-0.2217928
-0.1338739
0.004043683
0.1183479
0.1402924
0.1256583
0.1315262
0.1419364
0.1463353
0.1503197
0.1541841
0.1528702
0.1484909
0.1388922
0.1091554
0.08837924
0.08317176
0.07816189
0.06563406
0.03754759
0.01207004
0.007027918
0.01148424
0.0184229
0.02794702
0.03864128
0.04328756
0.04136927
0.03420988
0.02176118
0.004276271
-0.0161246
-0.03669374
-0.05660896
-0.07391933
-0.08522341
-0.103856
-0.1268971
-0.1329995
-0.1312804
-0.1311205
-0.1318837
-0.1338915
-0.1361811
-0.1364294
-0.1372249
-0.1430517
-0.1534051
-0.1634201
-0.1673712
-0.17146
-0.1746223
-0.1719817
-0.1679121
-0.1602751
-0.1388244
-0.08776805
0.02128033
0.1016777
0.1356947
0.1758444
0.2399592
0.3011703
0.3266831
0.3409025
0.3842306
0.4254102
0.4434134
0.4382201
0.3950252
0.3429634
0.3361492
0.3431733
0.3387135
0.3320341
0.3283828
0.3243552
0.3240301
0.3291144
0.3132056
0.2737915
0.234588
0.2075828
0.1812373
0.1433695
0.1032313
0.07218597
0.05028335
0.02735007
0.004717195
-0.01357942
-0.04341424
-0.07765784
-0.09314128
-0.09508349
-0.09427156
-0.08950323
-0.08193605
-0.07778467
-0.07720472
-0.07728668
-0.07839807
-0.08196883
-0.08703851
-0.09205788
-0.0962216
-0.1005929
-0.1066625
-0.1139763
-0.122859
-0.1386954
-0.1688212
-0.2043845
-0.2336034
-0.2493347
-0.2573424
-0.2671592
-0.277216
-0.2825246
-0.2836984
-0.2862812
-0.2909879
-0.2979088
-0.3071556
-0.3196018
-0.328238
-0.3291355
-0.3274582
-0.3240586
-0.3121255
-0.2916815
-0.2713807
-0.2540273
-0.2412215
-0.2310972
-0.2199671
-0.2052996
-0.1878548
-0.172559
-0.1564147
-0.1405701
-0.1279409
-0.1208555
-0.1167612
-0.1081649
-0.09395108
-0.07979693
-0.06445689
-0.04747738
-0.03504678
-0.02309482
-0.008160934
0.007093911
0.02039162
0.03057878
0.03885835
0.0461095
0.05311624
0.05862382
0.06137552
0.05935784
0.05461042
0.04691243
0.03653006
0.02672068
0.01991567
0.01508751
0.01236633
0.01458571
0.02207556
0.03308617
0.04680092
0.06173875
0.0781169
0.09377128
0.1213787
0.1682856
0.1926911
0.1982892
0.2040178
0.209743
0.2263698
0.2807405
0.330534
0.2916621
0.1878652
0.166951
0.250952
0.2751009
0.2228363
0.1931541
0.1891608
0.1887528
0.1906383
0.1947969
0.2027698
0.2132295
0.2006905
0.1788078
0.1714632
0.1692476
0.1660273
0.1629152
0.1586349
0.1502693
0.1385211
0.1223039
0.09709647
0.07105582
0.0476024
0.02687265
0.01157245
-0.003876105
-0.02997566
-0.06093
-0.09854585
-0.1336171
-0.1531449
-0.1633011
-0.1723366
-0.1816078
-0.1903984
-0.1975229
-0.2002222
-0.2017348
-0.2050481
-0.2064657
-0.2060222
-0.2058867
-0.2060826
-0.2053832
-0.2026228
-0.1996593
-0.1930639
-0.182771
-0.1725403
-0.1594426
-0.1451147
-0.1331379
-0.1197145
-0.1079676
-0.1081227
-0.1166391
-0.1202895
-0.1124336
-0.1007457
-0.09105098
-0.0815993
-0.07238598
-0.06043132
-0.04286792
-0.0264713
-0.01123242
0.004035959
0.01862142
0.03234598
0.04606079
0.06308984
0.0862234
0.09987757
0.1034411
0.1059675
0.1248719
0.1716708
0.1825994
0.1757962
0.1888853
0.1912797
0.1805947
0.1799515
0.1857797
0.1843482
0.1763225
0.1638032
0.1451046
0.1201588
0.09920165
0.0868205
0.07912195
0.07300124
0.06661391
0.05786407
0.04385282
0.02237555
-0.01454409
-0.0535522
-0.07462413
-0.09213686
-0.1040549
-0.1069933
-0.1060197
-0.1046988
-0.1022433
-0.09927716
-0.09478271
-0.09137225
-0.09090113
-0.09199032
-0.09351394
-0.09607156
-0.09927977
-0.1011478
-0.1035969
-0.1047233
-0.1044296
-0.1047529
-0.1081697
-0.1113706
-0.1065948
-0.09325728
-0.07202049
-0.05582013
-0.04488554
-0.0216373
0.005626805
0.02289125
0.03871593
0.06001026
0.08086715
0.1006256
0.1226761
0.1535173
0.1974269
0.2294571
0.2417267
0.2478971
0.2481878
0.2415441
0.2090347
0.1479605
0.108393
0.06910646
0.02742448
0.0141633
0.02409133
0.03366983
0.02813367
0.009419108
-0.002686247
-0.008877958
-0.01465886
-0.01941655
-0.02166278
-0.02512936
-0.03326173
-0.04765997
-0.06843015
-0.09064821
-0.1091134
-0.1181645
-0.1181314
-0.1151099
-0.1107799
-0.1055735
-0.09980843
-0.09301274
-0.08400803
-0.07420544
-0.06798573
-0.06644465
-0.06571164
-0.06403187
-0.06028183
-0.05364858
-0.04305119
-0.02987543
-0.008762109
0.01984356
0.03772884
0.04211647
0.04425912
0.04737028
0.04943881
0.05267409
0.05616893
0.05871243
0.0610208
0.06208235
0.05974304
0.05670481
0.05411252
0.05344641
0.05584999
0.06126769
0.06985927
0.08165901
0.09413302
0.1037268
0.1099669
0.1128262
0.1104857
0.1053423
0.1006553
0.09504614
0.09173514
0.09208137
0.09418902
0.09771238
0.1028569
0.1060838
0.1047026
0.09860331
0.08485118
0.0587279
0.02542174
0.002821527
-0.008242312
-0.01695665
-0.02508148
-0.03211613
-0.04034803
-0.04755742
-0.0536527
-0.05904923
-0.06178978
-0.06192657
-0.06163467
-0.0618449
-0.06303658
-0.06472776
-0.06845941
-0.07373122
-0.07812645
-0.08204034
-0.0883401
-0.0967737
-0.1053531
-0.1128246
-0.1206429
-0.1271039
-0.1295102
-0.1298807
-0.1323227
-0.1338096
-0.1337425
-0.1360234
-0.1413318
-0.1468005
-0.1517401
-0.1565134
-0.1596627
-0.1595317
-0.1566527
-0.1539027
-0.1489588
-0.1398255
-0.1311412
-0.12443
-0.1169566
-0.1084941
-0.1005356
-0.09238086
-0.08080729
-0.06634369
-0.05128015
-0.0383273
-0.02490888
-0.01121009
0.0005031981
0.01446124
0.03022252
0.04417936
0.05625411
0.06725944
0.07662242
0.08596704
0.09851525
0.1150462
0.1319
0.1454415
0.1536366
0.1574155
0.1594204
0.1592706
0.1562324
0.1525526
0.1492672
0.1455791
0.1426857
0.1405721
0.1393099
0.1374331
0.1331373
0.1237528
0.1102554
0.1005951
0.09688934
0.09635051
0.09641086
0.09435652
0.09037739
0.08591008
0.08085641
0.07634959
0.07264281
0.06794852
0.06234484
0.05532913
0.04666626
0.03685317
0.02768145
0.01973113
0.01068726
6.573311e-05
-0.01044845
-0.01863938
-0.02534635
-0.03245968
-0.03851777
-0.04279544
-0.04715005
-0.05201651
-0.05502494
-0.05729278
-0.0604968
-0.06460848
-0.069716
-0.07692217
-0.08402425
-0.09169707
-0.0995515
-0.1068438
-0.1103523
-0.1128838
-0.1169072
-0.1184667
-0.1179934
-0.1175484
-0.1149393
-0.1088442
-0.09300277
-0.06403557
-0.04735211
-0.042714
-0.03932393
-0.0371783
-0.03484172
-0.03293909
-0.02983099
-0.0245696
-0.01775908
-0.008448523
0.001920128
0.01281686
0.02429171
0.03565376
0.04495656
0.05019922
0.05269174
0.05488335
0.05386936
0.05004343
0.04703272
0.04124031
0.03309203
0.02508054
0.0189352
0.01540872
0.01394389
0.01542618
0.01754343
0.01781919
0.01700162
0.01414455
0.01111828
0.009937641
0.008976133
0.008586259
0.008669369
0.008713376
0.009343196
0.0124535
0.01848688
0.02472179
0.02987477
0.03488918
0.03866877
0.04097832
0.0441664
0.04844161
0.05351262
0.05818906
0.06119976
0.06349419
0.06684296
0.06974238
0.07267842
0.07592395
0.07834049
0.08057357
0.08195186
0.0819457
0.08169623
0.07963773
0.07368703
0.06653767
0.05854906
0.04911556
0.03909421
0.030911
0.02495438
0.02156783
0.02084483
0.0204375
0.01833117
0.01646738
0.01506505
0.01221211
0.006997385
0.0003200575
-0.005292338
-0.01033466
-0.01504498
-0.01792983
-0.01827097
-0.01778129
-0.01654121
-0.01410118
-0.01148496
-0.009585656
-0.009233032
-0.00973471
-0.01229232
-0.01633942
-0.0209785
-0.02703393
-0.03358423
-0.03944567
-0.04709815
-0.0549952
-0.06349608
-0.07091321
-0.07845201
-0.08685854
-0.09292514
-0.09747856
-0.1004094
-0.1004273
-0.09824402
-0.09328571
-0.08517132
-0.07408324
-0.06145288
-0.05056245
-0.04395159
-0.04001544
-0.03645763
-0.03266998
-0.02986512
-0.02786877
-0.02710862
-0.0272105
-0.02637608
-0.02406515
-0.02272423
-0.0225096
-0.02137628
-0.01987614
-0.01873992
-0.018647
-0.01847086
-0.01662521
-0.01456336
-0.01426667
-0.0146204
-0.01462876
-0.01539025
-0.01819256
-0.0210673
-0.02322653
-0.02350248
-0.02319781
-0.02262997
-0.01976901
-0.01557053
-0.01118181
-0.005045702
7.862303e-05
0.0009330068
1.553351e-05
-0.002180721
-0.006048263
-0.009732615
-0.0109017
-0.01136023
-0.01242457
-0.01160665
-0.01038178
-0.009861109
-0.008003663
-0.00441121
-0.00179145
-0.001091817
0.001667124
0.005076852
0.007660337
0.01137513
0.01781889
0.02547833
0.03360441
0.04238662
0.04883935
0.05324336
0.05740038
0.05867772
0.05767071
0.05545778
0.05199166
0.0479496
0.04354348
0.03889398
0.03577849
0.03597044
0.03867352
0.04187143
0.04683402
0.05332654
0.05917479
0.06407814
0.068997
0.07382468
0.07699563
0.07704093
0.07396326
0.06795178
0.05901932
0.04819827
0.0343251
0.01885042
0.004760642
-0.009096039
-0.02419026
-0.03730106
-0.04537272
-0.0521887
-0.05806434
-0.06181979
-0.06348667
-0.06299925
-0.06081077
-0.05632351
-0.04692061
-0.0335357
-0.02095176
-0.01139921
-0.004289415
6.221145e-05
0.001524719
0.001372191
0.001214882
0.0007132995
-0.001333354
-0.003248774
-0.003407098
-0.002886336
-0.001667241
-0.0009238035
-0.001115288
-0.00300916
-0.005748089
-0.009136391
-0.01372769
-0.01644856
-0.01651288
-0.01607185
-0.01468129
-0.01097078
-0.006322502
0.0001566074
0.007249552
0.01335993
0.01831137
0.02342754
0.02787427
0.03080795
0.03106829
0.02820436
0.02327406
0.01929383
0.0150879
0.01069738
0.007777909
0.005711046
0.005083895
0.006552711
0.008716785
0.01286653
0.0182794
0.02347201
0.02808265
0.03122866
0.03273623
0.03187597
0.02916812
0.026135
0.02153693
0.01471566
0.008659681
0.002679066
-0.004551935
-0.01049255
-0.01359095
-0.01592725
-0.01955956
-0.024632
-0.02956009
-0.03349283
-0.03955748
-0.04842967
-0.05643841
-0.062372
-0.06699085
-0.06941285
-0.06871258
-0.0668376
-0.06364434
-0.05730262
-0.05050746
-0.04284866
-0.03482687
-0.027652
-0.01858518
-0.01163819
-0.006913218
-0.003874162
-0.003408242
-0.003717473
-0.004546843
-0.007564792
-0.01169591
-0.01369041
-0.01235235
-0.008972586
-0.003432504
0.001935724
0.00636983
0.01123476
0.01554949
0.01958627
0.02215454
0.02590421
0.03134836
0.0373779
0.04201433
0.04375768
0.04270454
0.03970184
0.03480783
0.03039226
0.0267937
0.02307744
0.02048546
0.02014355
0.02035859
0.02030505
0.01959836
0.01650711
0.01163251
0.004538449
-0.003231331
-0.009698432
-0.01597241
-0.02193457
-0.02695564
-0.02981201
-0.02989736
-0.02986043
-0.03079124
-0.02961676
-0.02740689
-0.02522212
-0.02301455
-0.02123511
-0.0189506
-0.0156572
-0.0108954
-0.006438146
-0.001617825
0.003006753
0.007287649
0.01085284
0.01229157
0.01334922
0.0163167
0.02150138
0.02620923
0.02845743
0.02999994
0.03002133
0.02814318
0.02726304
0.02565774
0.02371269
0.02239228
0.02120608
0.01983559
0.01904752
0.01782838
0.01506654
0.01225077
0.009884991
0.006806171
0.003486944
0.0008636438
-0.001662082
-0.004456538
-0.008529881
-0.01428315
-0.02098124
-0.02869663
-0.03723221
-0.04362177
-0.04784164
-0.0501691
-0.04894025
-0.04494831
-0.04037334
-0.03405366
-0.02649196
-0.01823116
-0.01009309
-0.003501031
0.002130711
0.006376955
0.01176335
0.01761649
0.02264949
0.02758172
0.03242948
0.03535295
0.03627681
0.03795896
0.03984147
0.04023262
0.04080273
0.04040393
0.03952238
0.03869644
0.03753681
0.03720503
0.03767332
0.03905168
0.0403966
0.04159329
0.0417639
0.04149123
0.04146605
0.04147305
0.03999408
0.03717618
0.03541234
0.03379775
0.02883383
0.02197269
0.01507208
0.007232962
-0.002271288
-0.009340424
-0.01477265
-0.02102424
-0.0257385
-0.02911043
-0.03062008
-0.03043738
-0.03014078
-0.02827102
-0.02463384
-0.02148884
-0.01788029
-0.01469052
-0.01229119
-0.01121883
-0.01310103
-0.01724851
-0.02189987
-0.02800588
-0.03585383
-0.04317189
-0.04840516
-0.05212595
-0.052973
-0.05259663
-0.05259835
-0.05205103
-0.0489013
-0.04485667
-0.04106145
-0.03712204
-0.03195281
-0.02754888
-0.02660273
-0.02716367
-0.02722165
-0.02708303
-0.02710257
-0.02620703
-0.02280974
-0.01779307
-0.01173592
-0.00635451
-0.001479666
0.003546069
0.007100916
0.00752099
0.006857857
0.00495953
0.0006184269
-0.004798342
-0.00902814
-0.01085179
-0.01280204
-0.01357687
-0.01173958
-0.008080434
-0.0041405
-0.0006083867
0.001939313
0.003941611
0.004622454
0.004379388
0.003339372
0.002034392
0.001827398
0.001633496
0.0003104227
-0.001170951
-0.002377802
-0.002986409
-0.005943237
-0.01043482
-0.01247715
-0.01309885
-0.01211424
-0.009401868
-0.005039809
0.0001307141
0.003751873
0.005059762
0.005807938
0.005938349
0.00580591
0.00573236
0.005727885
0.005730431
0.005724956
0.005689868
0.005564734
0.005573241
0.00723734
0.00973581
0.01037091
0.01151899
0.01359421
0.01553549
0.01804803
0.01952819
0.01909793
0.01768524
0.01562249
0.01223898
0.007480481
0.003346991
0.0004207823
-0.002784355
-0.004750931
-0.00571884
-0.004932802
-0.002552351
-0.001046008
-5.266044e-05
0.0004380542
0.0001801695
-0.00196441
-0.004228021
-0.00433976
-0.003451289
-0.0007831572
0.00487136
0.01157522
0.01793998
0.02379978
0.0282272
0.03150753
0.03430697
0.03583155
0.03661121
0.03622999
0.03405491
0.03044002
0.02561723
0.02019322
0.01352417
0.00614828
0.0003306735
-0.004442491
-0.009593581
-0.01609934
-0.02351289
-0.02951246
-0.03370103
-0.03720449
-0.03992552
-0.04115156
-0.04055215
-0.03913914
-0.03624121
-0.03045591
-0.02396204
-0.01901429
-0.01392723
-0.008027753
-0.003642547
-0.001308952
-0.001003394
-8.105929e-05
0.001348442
0.002720984
0.003117278
0.003706114
0.004831783
0.005038665
0.004837606
0.004773116
0.004693401
0.004644426
0.004867629
0.00613368
0.007965447
0.0104481
0.01223171
0.01535457
0.02055323
0.02584499
0.03120395
0.03735989
0.0429648
0.04884136
0.05499217
0.0601458
0.06500815
0.06929639
0.07207196
0.07401505
0.07269709
0.0685779
0.06288282
0.0544661
0.04605999
0.03970092
0.03473455
0.02971402
0.0245894
0.02021099
0.01649362
0.01286815
0.009815342
0.005712143
0.000417502
-0.004793253
-0.008931735
-0.01263908
-0.01638447
-0.01980649
-0.02220613
-0.02465665
-0.02634725
-0.02723487
-0.02687078
-0.02543048
-0.0248529
-0.02507755
-0.02536084
-0.02653139
-0.02795519
-0.0304368
-0.03448787
-0.03860347
-0.04335707
-0.04832268
-0.05134926
-0.05288112
-0.05445525
-0.05206412
-0.04618008
-0.03757258
-0.02629692
-0.01607989
-0.00837039
-0.003066155
-0.0005185312
-0.0001405189
-0.001996427
-0.005316037
-0.008505187
-0.009385866
-0.01111011
-0.01267822
-0.01027204
-0.007758962
-0.005268442
-0.002437163
0.000597915
0.005071836
0.008647371
0.01091484
0.01251063
0.01455517
0.01664518
0.01686854
0.01701039
0.01830574
0.01882545
0.01859953
0.01828643
0.01702085
0.01611743
0.01619584
0.01628911
0.01618202
0.0161332
0.01566439
0.01421521
0.01286121
0.01180841
0.01139906
0.009848931
0.008518168
0.01059467
0.01205975
0.01284711
0.01481111
0.01592008
0.01675212
0.01785009
0.01606172
0.01292767
0.01068
0.00900143
0.007051744
0.004964963
0.002453864
0.0005410988
-0.001388836
-0.002203199
-0.002032891
-0.001971836
-0.002415566
-0.004806487
-0.006864177
-0.007876556
-0.01025306
-0.01136578
-0.01105947
-0.01031658
-0.00784632
-0.006406225
-0.006709486
-0.005884975
-0.003427137
-0.002199788
-0.002003215
-0.0003212425
0.001754708
0.003975121
0.006436368
0.009173394
0.01047567
0.01162148
0.01403491
0.01455272
0.01290323
0.01174782
0.01129974
0.01091683
0.01169687
0.01210019
0.01187615
0.01124453
0.009309058
0.006436275
0.00293001
4.80573e-05
-0.002560433
-0.00442214
-0.007120127
-0.01007632
-0.01186296
-0.01413179
-0.01732935
-0.02065857
-0.02319324
-0.02652795
-0.02923572
-0.03034267
-0.03204998
-0.03407824
-0.03449346
-0.03406723
-0.03314481
-0.03356885
-0.03443269
-0.03524317
-0.03738831
-0.03899902
-0.03955685
-0.04188982
-0.0434952
-0.04332862
-0.0431046
-0.04337822
-0.04496244
-0.04729002
-0.04811519
-0.04860544
-0.04977769
-0.05028252
-0.05074118
-0.0492077
-0.04708472
-0.04429189
-0.04133958
-0.03831219
-0.03238951
-0.02568538
-0.01931644
-0.01332942
-0.006209537
0.001187282
0.005928444
0.009421921
0.01306248
0.01621245
0.01845016
0.02053562
0.02093344
0.02062482
0.02060522
0.02061236
0.02048166
0.02043645
0.02046006
0.02046363
0.02040636
0.02028028
0.02023751
0.02057046
0.02287558
0.02480985
0.02559233
0.02796927
0.03080096
0.03318643
0.03477797
0.03690433
0.03955224
0.04262423
0.04558491
0.04620028
0.04568977
0.04555883
0.04566155
0.04569359
0.04634953
0.04663249
0.04568456
0.04505826
0.04349766
0.04131878
0.03934162
0.03676328
0.03407433
0.0316724
0.02816352
0.02345156
0.01954221
0.01521342
0.01103173
0.006922539
0.002330526
-0.001030137
-0.004037493
-0.00875854
-0.01400455
-0.0179326
-0.02160555
-0.02427836
-0.02601427
-0.02825846
-0.02889022
-0.02860507
-0.0281909
-0.02585417
-0.0217284
-0.01766015
-0.01291536
-0.007075433
-0.00263339
-0.0003048209
0.001144712
0.0006246565
-0.0009911066
-0.002650967
-0.005093801
-0.008287898
-0.01148074
-0.01224216
-0.01171289
-0.01029114
-0.00808698
-0.007266627
-0.006894989
-0.005745892
-0.005199777
-0.004214216
-0.002891811
-0.001125012
0.0007137496
0.002812484
0.006257682
0.00894727
0.01030839
0.01321287
0.01658597
0.01813556
0.01804487
0.01782009
0.01784107
0.01787244
0.01778056
0.01607758
0.01343841
0.01290373
0.01332117
0.01391635
0.01596403
0.01854953
0.01988692
0.02029389
0.02102512
0.0217708
0.02175012
0.01977808
0.01698947
0.01414122
0.01050549
0.006447849
0.002627128
-0.0002988166
-0.00289682
-0.006212104
-0.008513295
-0.009630717
-0.01159002
-0.01341177
-0.01453397
-0.01534776
-0.01547038
-0.01480771
-0.01351229
-0.01291468
-0.0109779
-0.00889415
-0.008828411
-0.008002725
-0.005285515
-0.004376753
-0.004513186
-0.002319368
-0.0003702718
-0.0004447627
0.0007031453
0.003607323
0.006323533
0.008042329
0.008906726
0.01129121
0.01170039
0.009135471
0.007054414
0.004825737
0.002330653
-0.001030002
-0.004118237
-0.005729423
-0.007768588
-0.01009139
-0.01155801
-0.01211997
-0.01358691
-0.01621378
-0.01788547
-0.01889632
-0.0202874
-0.02102746
-0.02097187
-0.02174967
-0.02290581
-0.02381174
-0.0263943
-0.02787689
-0.02846758
-0.03050805
-0.03203873
-0.03197651
-0.0311501
-0.02835321
-0.02432144
-0.02139901
-0.01815564
-0.01466723
-0.01262525
-0.0123108
-0.01164545
-0.01043248
-0.009653181
-0.006907724
-0.00346132
-0.001773472
-0.0008257566
0.001664161
0.005398017
0.007960091
0.01030613
0.01281093
0.01621183
0.01933184
0.02322389
0.02779801
0.03090211
0.0323619
0.03346883
0.03453453
0.03464854
0.03442075
0.03435884
0.03348986
0.03112991
0.02860793
0.02695237
0.0244092
0.0216886
0.01718266
0.01067738
0.004314476
-0.0007680717
-0.006228509
-0.01265116
-0.01798638
-0.02048734
-0.02199533
-0.02444898
-0.02716909
-0.02892574
-0.03110472
-0.03344409
-0.03529052
-0.03708852
-0.03834949
-0.03947064
-0.03973743
-0.03924891
-0.03785556
-0.03646065
-0.03443712
-0.03162188
-0.02750222
-0.02243646
-0.01797196
-0.01510108
-0.01195915
-0.008011431
-0.004335918
-0.002787008
-0.001902009
0.0005097829
0.001435433
0.001066017
0.0009572549
0.001066861
0.001715717
0.003038335
0.004420993
0.005650311
0.007359425
0.009259339
0.01124314
0.01372451
0.01552596
0.01743001
0.01875081
0.02055618
0.02229361
0.02250222
0.02194595
0.02060063
0.01927303
0.01797758
0.01670131
0.01559713
0.01542789
0.0155442
0.0149617
0.01349447
0.01114629
0.008482905
0.005793238
0.003379917
0.0001565403
-0.002903382
-0.004425749
-0.005745359
-0.007872782
-0.009276993
-0.01039462
-0.01090499
-0.0116833
-0.01153917
-0.01068644
-0.01058165
-0.01077953
-0.01082738
-0.01058022
-0.009318061
-0.007917718
-0.006696074
-0.006344109
-0.005540261
-0.004199712
-0.002387844
-0.000352364
0.001573648
0.004085156
0.006702747
0.009100879
0.01175373
0.01303462
0.01421105
0.01663591
0.01733399
0.01692825
0.016357
0.01495353
0.01361797
0.01261528
0.012449
0.01247542
0.01239622
0.01233675
0.01151359
0.01007583
0.008628857
0.00779101
0.007837839
0.008000025
0.008890799
0.01113049
0.01247588
0.01308116
0.01547605
0.01682136
0.016385
0.01506182
0.01404937
0.01405125
0.01420589
0.01421235
0.01509846
0.01630095
0.01643242
0.01622387
0.01555553
0.0134037
0.0114972
0.008950018
0.005186613
0.001122416
-0.0027259
-0.007273202
-0.01045939
-0.01276536
-0.01435376
-0.01500107
-0.01688977
-0.01787241
-0.01676797
-0.0160287
-0.01500858
-0.01431775
-0.01431431
-0.01349004
-0.01232317
-0.0123043
-0.01257799
-0.01194843
-0.01052666
-0.009997426
-0.009122065
-0.008131499
-0.008081496
-0.008285955
-0.009107957
-0.01039046
-0.01066619
-0.01046316
-0.01041984
-0.009692823
-0.007568514
-0.006160923
-0.006242245
-0.00644086
-0.006374031
-0.006369399
-0.00644664
-0.006458095
-0.005828503
-0.003181308
-0.00107984
0.0006773852
0.003108707
0.004703767
0.00579653
0.006416598
0.005672311
0.004203087
0.002894119
0.001957366
0.001480429
0.0001475692
-0.0005921932
-0.0003265411
0.0008593373
0.001907623
0.001886141
0.002321103
0.004474909
0.006316063
0.007681253
0.009640932
0.010517
0.01094945
0.01214871
0.01255931
0.01231309
0.01222493
0.0122852
0.01226055
0.01143882
0.01001822
0.008334679
0.006154542
0.004798337
0.003002096
0.001152415
-0.0002390915
-0.001064605
-0.001053199
-0.0009316132
-0.0009907252
-0.001180513
-0.002268895
-0.003613346
-0.004959612
-0.006206355
-0.00750504
-0.007807358
-0.007616517
-0.007591533
-0.007660053
-0.007043386
-0.005747295
-0.005418716
-0.005320608
-0.004033202
-0.002657063
-0.000738135
0.0009869085
0.002450331
0.004416028
0.005696048
0.006868578
0.008155699
0.009150268
0.007881839
0.005342597
0.00445826
0.003362492
0.0007579797
-0.001016672
-0.001783784
-0.001861212
-0.001786775
-0.00100438
0.000297207
0.0005129137
0.0002585152
0.000752049
0.002184211
0.002788044
0.003516788
0.004519131
0.004653351
0.005033876
0.006374161
0.00589745
0.003888165
0.001208788
-0.001219478
-0.00370202
-0.005514709
-0.007635923
-0.008942502
-0.008866119
-0.008674351
-0.008691902
-0.007926783
-0.007860635
-0.008807898
-0.009473136
-0.01061545
-0.01117763
-0.01122799
-0.01237245
-0.01337218
-0.01333508
-0.01322864
-0.01317402
-0.01184007
-0.009207471
-0.006525742
-0.003524442
-0.0005388868
0.001169849
0.003084775
0.004032786
0.003236028
0.001707843
0.0004031812
-0.0005675138
-0.0006878608
-0.0006770748
-0.001415315
-0.002795448
-0.003133536
-0.002617735
-0.001332677
-0.0006178182
0.0001133223
0.002260725
0.003702294
0.003555334
0.003305668
0.003380516
0.00342858
0.003553627
0.004622336
0.00593442
0.007303605
0.009259678
0.01181838
0.01355628
0.01513161
0.01521155
0.01568988
0.01711118
0.01828287
0.0182857
0.01809374
0.01810938
0.01737284
0.015017
0.01237555
0.01074698
0.008130722
0.005368259
0.003460699
0.0005865052
-0.001736418
-0.002146545
-0.002586817
-0.001974522
-0.001350439
-0.0002031974
0.00230241
0.004615389
0.005129424
0.004802033
0.004752996
0.004836537
0.004836148
0.004763164
0.00394047
0.001595632
-0.0009606057
-0.00229048
-0.003470287
-0.004797776
-0.006831286
-0.008599246
-0.009805873
-0.01092088
-0.01229268
-0.01300319
-0.01288466
-0.01278159
-0.01299393
-0.01448169
-0.01682476
-0.01761258
-0.01665048
-0.01519893
-0.01496928
-0.01502617
-0.01345991
-0.01120348
-0.0105759
-0.01004228
-0.007952959
-0.006267697
-0.005151279
-0.004505568
-0.004550571
-0.004703507
-0.004592645
-0.003489986
-0.002378906
-0.002351573
-0.001963892
0.0001126377
0.002813312
0.005206591
0.006217375
0.006382816
0.006986227
0.007059822
0.006804928
0.005853659
0.0035965
0.002206088
0.001942528
0.0007068351
-0.0002396689
-0.0007855571
1.001075e-05
0.001988851
0.002309044
0.00189636
0.001830023
0.002032227
0.003840336
0.0060478
0.006544971
0.007498807
0.008833516
0.01012227
0.01140836
0.01348406
0.01491859
0.01553336
0.01466183
0.01394536
0.01404174
0.01371799
0.01200784
0.009212088
0.007155347
0.005977787
0.003816302
0.001191886
7.387623e-05
-0.0007674824
-0.003363826
-0.004693367
-0.006454927
-0.008754056
-0.009446496
-0.01088533
-0.01297536
-0.0134435
-0.01315203
-0.01287965
-0.01168466
-0.01085049
-0.01021717
-0.007428257
-0.004490026
-0.003000856
-0.001276966
-0.0004708599
-2.148074e-05
0.001955178
0.003315769
0.002133776
0.0008631414
0.0003513947
-0.000820286
-0.001393947
-0.001627696
-0.003895559
-0.006153886
-0.007411959
-0.008508442
-0.009613063
-0.00996731
-0.01095029
-0.01121244
-0.009878912
-0.008456041
-0.007295391
-0.005714286
-0.003274934
-0.001427509
-0.0004439818
0.001493814
0.003778615
0.004995454
0.006830748
0.009131144
0.009475384
0.009719905
0.009775312
0.009171605
0.007748527
0.006429804
0.005157677
0.00287449
0.001040627
5.828897e-05
-0.002126404
-0.003934678
-0.005686715
-0.006561769
-0.006389324
-0.005713806
-0.004609126
-0.003452512
-0.002583353
-0.002554736
-0.003150921
-0.004320166
-0.005371448
-0.006153786
-0.005933779
-0.0047504
-0.003595
-0.002438345
-0.0006181512
0.00124108
0.002659968
0.004436908
0.005838148
0.006540468
0.006270146
0.00447774
0.003162431
0.001734335
-0.0002885974
-0.001613134
-0.002626408
-0.004173025
-0.004826317
-0.004111016
-0.002901333
-0.001886276
-0.000879006
0.0009826571
0.002424293
0.00320782
0.003926471
0.004613688
0.004552555
0.004273598
0.003764266
0.002843131
0.002332325
0.0008012372
-0.0006766654
-0.001006327
-0.001624284
-0.002050719
-0.002630129
-0.003282041
-0.00327832
-0.003109766
-0.003176417
-0.004274
-0.004937256
-0.004340409
-0.00371738
-0.002945656
-0.003040885
-0.003381056
-0.004106308
-0.004954143
-0.004882873
-0.004581763
-0.00444033
-0.00424258
-0.00349373
-0.002425839
-0.0005482455
0.001276076
0.002153212
0.003234216
0.005010699
0.006370687
0.007426457
0.008823321
0.01014201
0.01057693
0.0106286
0.01037504
0.01000912
0.009681767
0.009367491
0.009060187
0.008739013
0.008411782
0.008085276
0.007774417
0.007506891
0.007980736
0.00853211
0.007604099
0.006172914
0.005335137
0.00457718
0.003317162
0.001714207
0.000494845
-0.0005135879
-0.001540253
-0.002514694
-0.003354399
-0.003665085
-0.003553903
-0.003455745
-0.0034223
-0.00330695
-0.002843354
-0.002001834
-0.001312946
-0.0008588993
-0.0001539253
0.0005113128
0.001249792
0.001531754
0.00161671
0.001442126
0.0008929761
0.0003093347
-0.0006702948
-0.002010111
-0.003038128
-0.003497268
-0.004255754
-0.005028991
-0.005372228
-0.00559618
-0.005838957
-0.006048705
-0.006173904
-0.006063152
-0.005768476
-0.005693629
-0.00569267
-0.005420357
-0.005290558
-0.005219301
-0.00470014
-0.004094862
-0.003525806
-0.003006422
-0.002561911
-0.002037038
-0.001498406
-0.001019771
-0.0006043618
-0.0001491643
0.0002279503
0.0003854321
0.000672554
0.001024968
0.001206724
0.001302087
0.001515731
0.001669125
0.001656131
0.001677433
0.001683662
0.001674724
0.001669505
0.001568681
0.001463558
0.001421485
0.001387629
0.001311301
0.001258796
0.001216347
0.001161139
0.001126897
0.001078539
0.001012968
0.0009572766
0.0009218255
0.0009083795
0.0008960084
0.0008832325
0.0008844131
0.0008844203
0.0008691767
0.0008635057
0.0008476348
0.0008178098
0.0007882188
0.000761427
0.0007341902
0.0007071249
0.000686426
0.0006684334
0.0006419455
0.0006198714
0.0006013868
0.0005750761
0.000546157
0.0005166485
0.0004832512
0.0004506274
0.0004202843
0.0003886763
0.0003574613
0.0003275413
0.0002985184
0.0002702254
0.0002422744
0.0002152102
0.0001899138
0.0001647129
0.0001407179
0.0001179724
9.491686e-05
7.24244e-05
5.107779e-05
3.015755e-05
9.340006e-06
-1.100319e-05
-3.08044e-05
-5.012835e-05
-6.898982e-05
-8.737102e-05
-0.0001053579
-0.0001229599
-0.0001401303
-0.0001568818
-0.0001732456
-0.0001892159
-0.0002047887
-0.000219973
-0.0002347765
-0.0002492033
-0.0002632558
