5.126105e-05
4.973654e-05
4.794411e-05
4.533796e-05
4.29131e-05
4.015333e-05
3.738003e-05
3.911923e-05
4.14652e-05
3.581326e-05
3.010959e-05
3.343461e-05
3.23845e-05
2.311747e-05
1.899182e-05
1.348905e-05
5.258047e-06
7.382521e-06
8.84487e-06
4.505391e-06
1.303838e-05
1.952095e-05
7.874682e-06
-1.502441e-05
-2.659224e-05
-3.29057e-05
-3.3151e-05
-3.325782e-05
-3.673169e-05
-6.660848e-05
-9.033182e-05
-4.695219e-05
6.805941e-05
0.0001081664
2.176026e-05
-2.350417e-05
4.249636e-05
9.770912e-05
3.574579e-05
-5.018611e-05
-6.633626e-05
-8.648725e-05
-0.0001216074
-0.0001011193
-7.26236e-05
-0.0001106662
-0.0002233081
-0.0002529345
-7.864444e-05
8.958249e-05
1.637943e-05
-6.97866e-07
-5.336917e-06
-0.0001411284
-0.000223577
-0.0002462448
-0.0001835444
4.699977e-06
-2.680452e-05
-0.0002035303
-0.0001487745
2.364122e-05
4.254207e-05
-7.514814e-05
-0.0001201522
-2.055226e-05
3.666264e-05
-0.0001062747
-0.0002469319
-0.0003140807
-0.0003368354
-0.0003683403
-8.059656e-05
0.0003907684
0.0002557645
-0.0001936585
-0.0002594428
6.582166e-07
7.342245e-06
-5.95402e-05
-0.0001056023
-0.0001685402
-0.0002872092
-0.0003909383
-0.0004276771
-0.0006598631
-0.0008778386
-0.0007901742
-0.0005863271
-0.0004321948
-0.0003919404
-0.0005120495
-0.0004415882
-0.0003258943
-0.0001747061
-0.0002858293
-0.0004427961
-0.0003652477
-0.0004327292
-0.0006118934
-0.0008075081
-0.0005383932
-2.368239e-05
-0.0001190503
-0.000346538
-6.859484e-05
0.0003100939
0.0002261819
-0.000278354
-0.0004661498
-0.000174472
0.0002777146
0.0003294597
-0.0002430758
-0.0007100156
-0.0007376402
-0.0009118812
-0.001175014
-0.00122524
-0.000954159
-0.0005466393
-0.0003757002
-9.372037e-05
0.0003859315
0.0003244841
0.0002678646
0.0005441794
0.0003462239
-0.0001172132
-0.0003509902
-0.0005701793
-0.0008522574
-0.000915229
-0.0008047829
-0.0003970873
-0.0003494184
-0.0007071426
-0.0004861941
-8.194216e-05
-0.0001177182
-0.0002552739
-0.0003447317
-0.0006688282
-0.001066281
-0.0008752486
-0.0004919324
-0.0003368713
-0.0002640915
-0.0009428533
-0.001647045
-0.001729207
-0.001162888
-0.0003066547
0.0001022401
0.0001575348
-0.0002158741
-0.0006829862
-0.0007510701
-0.000984311
-0.001037133
-0.0009776046
-0.0008252843
-0.0001660632
0.0001088107
-0.0001985331
-0.0003091711
-0.0001852369
-0.0006409312
-0.001563373
-0.001318801
-0.000534728
-0.0005622048
-0.0002943626
-3.815583e-05
-0.0004455097
-0.0002988333
0.0003503603
6.666507e-05
-0.001105202
-0.001110857
-0.000431007
-0.001062385
-0.001873012
-0.001505173
-0.0004437031
0.0001325166
0.0003337727
0.0002059646
2.941583e-07
0.0002868863
-3.781275e-05
-0.0007772889
-0.0009366541
-0.00094211
-0.0006990928
-0.000850798
-0.001266137
-0.0008591169
6.207623e-05
0.0004274263
-0.000448922
-0.00125611
-0.0008937011
-0.0005083623
-0.000874733
-0.001575829
-0.001771896
-0.001100718
-0.0002220293
0.0005234229
-0.0002730044
-0.001667809
-0.00172134
-0.0007243641
-0.0003266054
-0.0009259811
-0.001126771
0.0002352634
0.00138241
0.0007541783
-0.0004860415
-0.001601391
-0.001884114
-0.001460232
-0.001036237
-0.001213006
-0.00197255
-0.001506065
-0.0003584745
0.0002918273
0.0006045182
0.0003749117
-0.0001038979
-8.54386e-05
0.0006644832
0.000561315
-0.001372755
-0.002793248
-0.002537
-0.002206468
-0.002673727
-0.002984309
-0.001635329
5.345178e-05
0.0004894508
-7.759986e-05
-0.0004573014
-3.758058e-05
0.0003819233
0.00048169
-0.0002823075
-0.001600969
-0.002369015
-0.002122945
-0.001850493
-0.001211813
2.964203e-06
0.0002274127
-0.0006186344
-0.000510528
0.000269759
-0.0001577907
-0.001064177
-0.001490012
-0.001054593
-0.0007741608
-0.001143808
-0.001110031
-0.0009824967
-0.0007078424
-0.00117518
-0.002511745
-0.003758025
-0.004750089
-0.00375451
-0.001102684
0.002098871
0.004815559
0.004962313
0.002426232
-0.001009362
-0.001848322
3.105095e-05
0.00141645
0.0005034426
-0.001315538
-0.00179527
-0.0003294356
0.001218264
0.0007941203
-0.001310887
-0.003179785
-0.0029288
-0.001686226
-0.001226811
-0.0008691168
0.001860942
0.005650898
0.005360145
-8.60978e-05
-0.006474726
-0.008216529
-0.003526524
0.001930399
0.002530052
-0.001481691
-0.004924631
-0.004771117
-0.002803569
-0.002157725
-0.005517927
-0.008407794
-0.003944996
0.004142807
0.006886149
0.002727165
-0.001776532
-0.00048501
0.004065848
0.004601613
-0.00147853
-0.009142539
-0.01102634
-0.005429608
0.002376565
0.004549733
-0.0002042291
-0.004889386
-0.005398952
-0.004434775
-0.005212855
-0.006598943
-0.004808689
-0.0007371847
0.002178424
0.00156808
-0.00267366
-0.007076871
-0.006723052
-0.0009224704
0.002698998
-0.001054026
-0.006773016
-0.008610341
-0.004887863
0.001311357
0.003995348
0.0004625661
-0.006030047
-0.009301152
-0.006525356
0.0001194801
0.004090398
0.002208997
-0.001920706
-0.004348486
-0.004265946
-0.003754312
-0.003758668
-0.004661446
-0.004479776
-0.0009683943
0.005328128
0.008808255
0.006090954
-0.0003502032
-0.006966566
-0.01229121
-0.01659831
-0.01751131
-0.01315881
-0.00372025
0.00531997
0.006982992
0.0008656065
-0.006454889
-0.006880487
0.001364204
0.010353
0.0110938
0.003575976
-0.005817957
-0.01066135
-0.009548166
-0.005679936
-0.003238608
-0.002852958
-0.0009429831
0.002489809
0.003597374
0.0001735716
-0.006176946
-0.01154047
-0.01415083
-0.013379
-0.01028902
-0.006579435
-0.002625209
0.003357686
0.01354728
0.02425007
0.02660654
0.01741877
0.002544242
-0.00810939
-0.008339806
-0.003160209
-0.002111991
-0.008637634
-0.01470157
-0.0108846
0.0002984627
0.008056055
0.004927561
-0.004106317
-0.004439198
0.009503735
0.02684891
0.03087781
0.01574633
-0.006717313
-0.01840322
-0.01230349
0.0006868415
0.005410999
-0.005001024
-0.02210102
-0.02760561
-0.01411624
0.005147622
0.01347884
0.005599043
-0.007540634
-0.01082391
0.0003287212
0.01803694
0.02990371
0.03099878
0.0258929
0.02284663
0.02587967
0.03127783
0.03244208
0.02729
0.02061255
0.01756259
0.01733411
0.01246166
-0.002950576
-0.02680142
-0.05251977
-0.07356495
-0.08295478
-0.07382941
-0.0449777
-0.003811595
0.03853647
0.07300414
0.09623761
0.1098436
0.1135569
0.1035196
0.07972671
0.0524508
0.03351489
0.0216044
0.003606986
-0.0278774
-0.06524901
-0.09338909
-0.1041302
-0.1039554
-0.1066409
-0.1165918
-0.1214603
-0.1064192
-0.07140333
-0.03230497
-0.005551991
0.001374723
-0.006992666
-0.01605217
-0.007206876
0.0283326
0.07828694
0.1167603
0.1271664
0.1131111
0.09612181
0.1013461
0.1324363
0.1646298
0.1684002
0.1361752
0.0919036
0.06983744
0.07988613
0.09675896
0.08666466
0.04097469
-0.0172859
-0.05533662
-0.05690889
-0.03512415
-0.01602728
-0.01394987
-0.0188272
-0.009611536
0.01935777
0.05323795
0.07307546
0.07200417
0.06073453
0.05556545
0.06241851
0.07199391
0.06759797
0.03696685
-0.01959536
-0.08548404
-0.1349735
-0.1469651
-0.1210357
-0.08276285
-0.06257628
-0.06950151
-0.08846167
-0.09912851
-0.09779602
-0.0962186
-0.1038302
-0.1103934
-0.09221487
-0.03957802
0.03271633
0.09863961
0.1381627
0.1483403
0.1414247
0.1301602
0.1215603
0.1166858
0.11095
0.1007113
0.09175295
0.09498904
0.108471
0.1151445
0.09982232
0.06096098
0.01043573
-0.03405594
-0.06334163
-0.08150081
-0.09243084
-0.09210709
-0.07364758
-0.03849088
-0.004801387
0.002202486
-0.02717071
-0.07821658
-0.1269637
-0.1582568
-0.1712467
-0.1723147
-0.1639
-0.1423638
-0.1065839
-0.0600214
-0.01022022
0.03151583
0.0596844
0.07935326
0.09859767
0.1211351
0.1403116
0.143402
0.1209939
0.06989174
-0.004203738
-0.07788063
-0.1228253
-0.1312563
-0.1173975
-0.1000195
-0.09075098
-0.09088432
-0.09474404
-0.09922986
-0.1058305
-0.1134524
-0.1170839
-0.1134949
-0.1043432
-0.09701628
-0.101203
-0.1169879
-0.1348514
-0.1461273
-0.1510174
-0.1548577
-0.1589963
-0.1571071
-0.1381467
-0.09638126
-0.03728443
0.02574728
0.07856969
0.113281
0.1312695
0.1356578
0.1257606
0.1001741
0.0635822
0.02916479
0.01337385
0.02500398
0.05839167
0.09564294
0.1217348
0.1350998
0.144235
0.1550119
0.1662916
0.1748456
0.1781692
0.1733099
0.1586165
0.1350493
0.1032816
0.0649071
0.02656792
-0.004988274
-0.02699448
-0.03958306
-0.04306619
-0.03677625
-0.02201379
-0.002818371
0.01543843
0.02679217
0.02800345
0.0211646
0.0123506
0.006083111
0.007795212
0.02250685
0.04477574
0.05846942
0.04980161
0.01717279
-0.02903512
-0.07264261
-0.09864077
-0.1068488
-0.112214
-0.1266464
-0.1444252
-0.1444775
-0.1114569
-0.05039817
0.01629776
0.06646321
0.09720271
0.1188772
0.1390147
0.1542012
0.1554973
0.1386113
0.1074197
0.07203711
0.03922593
0.005872604
-0.03485975
-0.08602076
-0.1382743
-0.1741096
-0.1841419
-0.1751716
-0.1643948
-0.1662259
-0.1751647
-0.1663441
-0.118786
-0.03607776
0.05681624
0.132918
0.1781343
0.1933333
0.1886222
0.1771841
0.1674763
0.1553138
0.1296655
0.08801389
0.04129533
0.002195209
-0.02117334
-0.02514999
-0.01546685
-0.00435735
0.004323242
0.01970413
0.05421985
0.1067278
0.1642524
0.2160138
0.2566445
0.2846331
0.2988127
0.2975947
0.2828946
0.2595271
0.2311502
0.1906305
0.1258421
0.04039705
-0.05105207
-0.1467325
-0.2562601
-0.3655502
-0.4440519
-0.4797563
-0.4832252
-0.4700678
-0.4524242
-0.4374049
-0.4207447
-0.3837719
-0.314366
-0.225461
-0.1400615
-0.06643386
-0.0003975125
0.06058987
0.1188072
0.1737803
0.2180236
0.2405111
0.2382443
0.2242756
0.2120549
0.2044768
0.2030416
0.2044117
0.1983663
0.1788279
0.1494171
0.1183061
0.09019424
0.07007365
0.06286393
0.06932189
0.08551677
0.1068185
0.1297953
0.1527931
0.1733447
0.1861107
0.1856554
0.168039
0.1323311
0.08062321
0.01894864
-0.04698068
-0.1134564
-0.176177
-0.2296447
-0.2703613
-0.2987126
-0.31993
-0.3398302
-0.3551912
-0.3594441
-0.3524467
-0.3419546
-0.3318578
-0.3127795
-0.2734657
-0.2164965
-0.1535171
-0.09360582
-0.04607689
-0.01866209
-0.004182283
0.01240898
0.04033063
0.078881
0.1230751
0.1647899
0.2000337
0.2300116
0.255154
0.2726915
0.2795315
0.2767895
0.2717525
0.2737527
0.2854879
0.2970801
0.2887036
0.2455337
0.1745979
0.09395904
0.01190572
-0.07184212
-0.1573939
-0.2391205
-0.3050471
-0.3460126
-0.3630644
-0.3655246
-0.3644196
-0.3652378
-0.3648357
-0.3508068
-0.3097994
-0.243035
-0.1759615
-0.1359004
-0.121302
-0.1155405
-0.1119701
-0.104829
-0.08708357
-0.06010224
-0.0280192
0.009299717
0.05257754
0.09859485
0.1415698
0.1763344
0.2018956
0.2224967
0.2432793
0.2676769
0.2954864
0.320906
0.3389195
0.3500971
0.3558615
0.3569132
0.3450196
0.3057739
0.2425292
0.1774016
0.1226386
0.07369888
0.02664214
-0.01945627
-0.06632047
-0.1068014
-0.1329855
-0.1501134
-0.1664382
-0.1872529
-0.2103362
-0.2331087
-0.2508436
-0.2562073
-0.2510614
-0.2398676
-0.2290455
-0.222025
-0.2171215
-0.2124455
-0.2095376
-0.2064424
-0.2033355
-0.2078609
-0.2268342
-0.2570396
-0.2894278
-0.318692
-0.3406369
-0.3439506
-0.3194218
-0.2712921
-0.2103071
-0.1427882
-0.07028209
0.007282041
0.08926968
0.1709025
0.2446193
0.3061404
0.3555418
0.3959838
0.4300385
0.4572805
0.4742365
0.478918
0.4722883
0.4556213
0.4336565
0.413071
0.3897259
0.3489047
0.2803362
0.1903082
0.09526157
0.01296718
-0.04675231
-0.08796783
-0.120727
-0.1570416
-0.2005043
-0.2398543
-0.2618072
-0.262537
-0.2452922
-0.2133988
-0.1641001
-0.09673837
-0.0280962
0.0134983
0.01756164
0.002377093
-0.01008623
-0.01609021
-0.02091523
-0.02780033
-0.04029204
-0.06335675
-0.09624851
-0.1305476
-0.1547403
-0.1598948
-0.1424412
-0.1060046
-0.05840544
-0.006008693
0.04748415
0.0950084
0.1300021
0.1558616
0.1801806
0.2044861
0.2252425
0.2423254
0.2568413
0.268178
0.2720328
0.2633691
0.2386167
0.1954978
0.1362129
0.07103144
0.01366485
-0.02954888
-0.06007505
-0.07825674
-0.08561812
-0.0870342
-0.08877497
-0.09166814
-0.08738647
-0.06724618
-0.03531541
-0.004067137
0.01747273
0.02769507
0.03206942
0.0348278
0.02919453
0.009503207
-0.01576231
-0.03629332
-0.04776431
-0.05120944
-0.05138835
-0.05324659
-0.05854296
-0.06562687
-0.0731
-0.08052216
-0.08358555
-0.07417866
-0.04931197
-0.01703358
0.009998
0.02620484
0.03586657
0.04209021
0.04663913
0.05463084
0.06813003
0.08488788
0.10195
0.1154216
0.1257484
0.1379757
0.1538821
0.1689458
0.1772571
0.1758801
0.1678815
0.161842
0.1625705
0.1692483
0.1780105
0.1816443
0.1734456
0.1504598
0.1150586
0.07217533
0.02758384
-0.01287727
-0.04140883
-0.05626498
-0.06629671
-0.08326507
-0.1109005
-0.1468605
-0.1869169
-0.226464
-0.2595436
-0.2782304
-0.2775207
-0.2612064
-0.2374939
-0.2092461
-0.1766404
-0.1419328
-0.1089042
-0.08319221
-0.06779921
-0.067331
-0.08205898
-0.102458
-0.1161463
-0.1169813
-0.1085333
-0.1015979
-0.1061687
-0.123528
-0.1458625
-0.1640216
-0.1738899
-0.1757888
-0.1717351
-0.1637324
-0.1546658
-0.1460571
-0.1365497
-0.1217815
-0.1000912
-0.07202982
-0.04209359
-0.01641919
0.002995544
0.01787344
0.02873608
0.03456296
0.03604592
0.0349197
0.03302584
0.02949506
0.02189193
0.01108934
-0.0004155354
-0.01243523
-0.02128875
-0.01848764
-0.002062593
0.02229793
0.04771667
0.07106937
0.09401875
0.1199585
0.1480973
0.1718491
0.184189
0.1853363
0.1787165
0.167599
0.156309
0.1451059
0.1313483
0.1150422
0.1004769
0.0912857
0.08751858
0.08646813
0.08624873
0.08608387
0.08301998
0.07106292
0.0476972
0.01628335
-0.01769154
-0.04868297
-0.07654819
-0.106329
-0.1370882
-0.1621092
-0.1795454
-0.1928592
-0.2064979
-0.2220123
-0.2370378
-0.2479774
-0.24854
-0.2296143
-0.1886794
-0.1371452
-0.09006043
-0.0547346
-0.03050153
-0.01522692
-0.005948855
0.005297865
0.0263598
0.05728576
0.09376193
0.1298624
0.1593031
0.1808222
0.1944547
0.1959398
0.1798331
0.1467329
0.1058519
0.07257053
0.05428096
0.04790287
0.04962285
0.05864761
0.07306821
0.08929594
0.1030017
0.1070518
0.09690317
0.07884768
0.06221824
0.04712856
0.02948292
0.007077538
-0.01983499
-0.05034314
-0.07991043
-0.1017799
-0.1134276
-0.1181163
-0.1212842
-0.1276157
-0.1399007
-0.1557492
-0.1713215
-0.1824834
-0.1806931
-0.1583241
-0.1186013
-0.07279801
-0.02884726
0.01011309
0.03974585
0.05731426
0.06324538
0.05782368
0.04293342
0.02451424
0.01100337
0.007090707
0.01090252
0.01824111
0.02735681
0.0389399
0.05427823
0.07225487
0.09050914
0.1072427
0.1196585
0.1284329
0.1388722
0.1534797
0.1682797
0.1786631
0.1801803
0.1663642
0.1363756
0.1016368
0.07495114
0.05921831
0.05030347
0.04483008
0.04376558
0.048644
0.06049636
0.07671013
0.09154536
0.101218
0.1041399
0.09937091
0.0863936
0.07115025
0.06197449
0.05821238
0.0535723
0.04246986
0.02175377
-0.006394152
-0.03504771
-0.05871899
-0.07776893
-0.0923089
-0.09867951
-0.09261289
-0.0756942
-0.05730153
-0.04528412
-0.03909332
-0.03585353
-0.03357091
-0.03028735
-0.02574094
-0.02145516
-0.01650917
-0.007274597
0.005926779
0.01934328
0.02934658
0.03558182
0.04022443
0.04423977
0.04479888
0.03936822
0.02747928
0.01220736
-0.001571573
-0.01113169
-0.0163816
-0.01843378
-0.01888483
-0.01971621
-0.02396089
-0.03324176
-0.04654966
-0.06097679
-0.07269653
-0.07897755
-0.07789734
-0.0726096
-0.06755569
-0.06506347
-0.06625317
-0.07051699
-0.07416237
-0.07164287
-0.06254867
-0.05133242
-0.0419136
-0.03952034
-0.04683659
-0.05799688
-0.06618193
-0.06907596
-0.06707335
-0.05994663
-0.04817803
-0.03287634
-0.01514298
0.005423059
0.02959321
0.05612005
0.08271662
0.1084458
0.1318333
0.152213
0.1656816
0.1669486
0.1552888
0.1322552
0.1006226
0.06400313
0.02746365
-0.004958336
-0.02982491
-0.04385646
-0.04740692
-0.04643769
-0.04608369
-0.04300489
-0.03240251
-0.01905211
-0.009632045
-0.003844566
-0.001960028
-0.007142184
-0.01956334
-0.03534152
-0.04996424
-0.06374723
-0.07837231
-0.08811794
-0.08516413
-0.07072305
-0.05455372
-0.04837813
-0.05631567
-0.07046278
-0.08178833
-0.08712171
-0.08750603
-0.08563407
-0.08194058
-0.07669069
-0.07222562
-0.07007783
-0.06873701
-0.06523736
-0.05611556
-0.04106657
-0.02452751
-0.01038272
0.001936793
0.01511046
0.03107357
0.04815385
0.06282536
0.0727367
0.07552914
0.07000845
0.05824282
0.04324267
0.02995151
0.02264143
0.02000124
0.01833158
0.01508114
0.01016711
0.007547133
0.009690743
0.01387002
0.01819369
0.0222693
0.02489586
0.02628719
0.02819442
0.03066059
0.03625611
0.04931096
0.06780075
0.08456305
0.09567801
0.1022277
0.1079053
0.116281
0.1268656
0.1359668
0.1402705
0.1383613
0.1279236
0.1091661
0.08531575
0.06048634
0.03917384
0.02381121
0.01464734
0.01125343
0.01032519
0.006126985
-0.002944611
-0.0142099
-0.02650687
-0.04044466
-0.05678097
-0.07610536
-0.09620383
-0.1128128
-0.1245159
-0.1318461
-0.1354604
-0.1363885
-0.1353349
-0.1293477
-0.1154915
-0.0945904
-0.07129843
-0.0518522
-0.03851072
-0.02943908
-0.02423184
-0.02257138
-0.0212059
-0.0189667
-0.02020927
-0.02795703
-0.0403657
-0.05342211
-0.06247708
-0.06546166
-0.06319312
-0.05733956
-0.04974906
-0.04112958
-0.02969728
-0.01623826
-0.002745171
0.01082689
0.02422133
0.03687056
0.04997793
0.06286264
0.07245068
0.07833968
0.08083058
0.07940728
0.07349592
0.0650258
0.05710402
0.05101929
0.04357607
0.0335597
0.02623991
0.02559155
0.0309453
0.0404702
0.05224123
0.06336652
0.07396606
0.08412065
0.09137768
0.09458097
0.09241643
0.08288544
0.0683288
0.05227591
0.03816266
0.02865639
0.02422584
0.02425484
0.02891607
0.03571347
0.03967351
0.03888829
0.03430707
0.02672226
0.01651659
0.005966069
-0.00127601
-0.002283509
0.002257444
0.01047734
0.01924051
0.02561483
0.02927452
0.03169837
0.03353664
0.03126469
0.02336176
0.01403377
0.006797071
0.001643791
-0.0034503
-0.01132625
-0.02213129
-0.03282888
-0.04034999
-0.04382463
-0.0448547
-0.04451398
-0.04295318
-0.04034898
-0.03878977
-0.03891317
-0.03872876
-0.03932174
-0.04233741
-0.045581
-0.04656615
-0.0446872
-0.04177477
-0.03905124
-0.03423482
-0.02616659
-0.01559524
-0.002831407
0.01275806
0.02759026
0.03735228
0.04138125
0.0399236
0.03222025
0.01990619
0.006618402
-0.00413199
-0.01143272
-0.01613465
-0.01970254
-0.0244099
-0.03047037
-0.03536505
-0.03739597
-0.03703663
-0.03613557
-0.03701255
-0.04183192
-0.04982089
-0.05701095
-0.05874485
-0.05162915
-0.03618932
-0.01733356
-0.000501126
0.01376862
0.02813526
0.04274945
0.05428235
0.05821409
0.0511847
0.034635
0.01534266
-0.0003937594
-0.01136788
-0.01870181
-0.02334664
-0.0288505
-0.03825495
-0.04827207
-0.0519335
-0.04741086
-0.04067867
-0.03632034
-0.0360904
-0.03831273
-0.03811643
-0.03339976
-0.0275046
-0.02598644
-0.03111956
-0.04132966
-0.05182803
-0.05768741
-0.05869084
-0.0576218
-0.05659288
-0.05752792
-0.05865391
-0.05736237
-0.0539688
-0.05116957
-0.05212198
-0.05713546
-0.06119808
-0.06246437
-0.06478465
-0.06919622
-0.07314319
-0.07742922
-0.08417132
-0.09265535
-0.1018495
-0.1109429
-0.1154284
-0.1089868
-0.08761077
-0.05370999
-0.01472721
0.0222388
0.05253763
0.07473311
0.08997286
0.1010331
0.1072958
0.1067097
0.1000992
0.08984286
0.07894651
0.06883201
0.05704189
0.04132727
0.02300307
0.00478459
-0.01268665
-0.0301391
-0.04359019
-0.04811513
-0.04273636
-0.03080322
-0.01747032
-0.004995523
0.007738909
0.01959075
0.02731704
0.02891035
0.02400822
0.01606812
0.009158175
0.004010163
0.0004790802
0.0003343602
0.004463033
0.01176595
0.01919406
0.02414428
0.03031271
0.04359297
0.06458786
0.08892653
0.111477
0.127592
0.1336112
0.1264866
0.1091496
0.08960743
0.07347655
0.06075775
0.04993802
0.04048673
0.0323565
0.02750056
0.02819424
0.03541337
0.04705847
0.05749692
0.06156265
0.05637956
0.04272059
0.02798493
0.01992624
0.02012543
0.02636885
0.03493757
0.04109578
0.04394041
0.04729197
0.0527826
0.06074115
0.06997685
0.07697912
0.07729305
0.06686006
0.04683059
0.02305307
7.947722e-05
-0.01980862
-0.03714676
-0.05179132
-0.06135376
-0.0626361
-0.05391236
-0.03831945
-0.0210792
-0.006857169
0.001068444
0.004057118
0.005176738
0.006836311
0.01047716
0.01367735
0.01282208
0.005965599
-0.003698313
-0.01115172
-0.01529611
-0.01686008
-0.0180716
-0.02094959
-0.02579464
-0.03323072
-0.04213874
-0.04962724
-0.05220864
-0.04685684
-0.03284181
-0.01493536
0.0004744776
0.01051393
0.01529944
0.016364
0.01526697
0.0127612
0.007363914
-0.001917148
-0.01524801
-0.03207617
-0.05001168
-0.06575096
-0.07584727
-0.07661649
-0.06837263
-0.05613406
-0.04567525
-0.04068023
-0.0400429
-0.04169979
-0.04727752
-0.05867564
-0.0728253
-0.08423325
-0.08954724
-0.08919985
-0.08428702
-0.07512241
-0.06226167
-0.04594216
-0.0275113
-0.00996686
0.005414107
0.0177772
0.02575018
0.02835714
0.02746686
0.02674921
0.02924551
0.03458373
0.03931681
0.04066332
0.03948853
0.03841346
0.03974908
0.04317829
0.0466483
0.0470312
0.04052207
0.026835
0.009460769
-0.005924248
-0.01537139
-0.01876179
-0.01820517
-0.01662469
-0.0161688
-0.01731035
-0.01700162
-0.01369474
-0.009980932
-0.007522569
-0.005153494
-0.003163719
-0.003811444
-0.009009968
-0.01759648
-0.0263847
-0.03287903
-0.03706796
-0.04054676
-0.04390852
-0.04641937
-0.04553547
-0.04263497
-0.04069884
-0.04110598
-0.0440917
-0.04958946
-0.05557634
-0.05974117
-0.06066004
-0.05653451
-0.04695068
-0.03385524
-0.02102461
-0.01072833
-0.002876159
0.003459561
0.008482369
0.01269413
0.01707413
0.02133017
0.02578377
0.03235402
0.03982911
0.04682545
0.05237052
0.05598515
0.058987
0.0617256
0.06389551
0.06724418
0.0710675
0.07327746
0.07259775
0.06921988
0.06372498
0.05663734
0.04850255
0.04013378
0.03317151
0.0287476
0.02733625
0.03021134
0.03482291
0.03568019
0.03108444
0.02312897
0.01462259
0.005475156
-0.004195302
-0.01128543
-0.01372696
-0.01145926
-0.006393191
0.000626729
0.008910482
0.01757383
0.02696907
0.03664202
0.0445996
0.04966559
0.05257073
0.05267118
0.04809738
0.04085311
0.0347971
0.03098174
0.02793448
0.02269702
0.01366917
0.002858955
-0.00749043
-0.01565068
-0.02197925
-0.02714603
-0.03045295
-0.0307471
-0.02645622
-0.01715473
-0.005003399
0.008077805
0.01924808
0.02504302
0.02449633
0.0170485
0.002756078
-0.01481643
-0.03226128
-0.04780318
-0.05801705
-0.06297427
-0.06574077
-0.06721949
-0.06913368
-0.07064139
-0.06653279
-0.05554252
-0.04056868
-0.0263195
-0.01613566
-0.008099355
-0.0002619805
0.007108099
0.01238803
0.01553011
0.01634717
0.01441429
0.01093926
0.008260705
0.008630598
0.01042924
0.0105974
0.009144867
0.006180043
0.00209244
-0.0005796123
0.0006364472
0.005660041
0.01211182
0.0196057
0.02828991
0.03718371
0.04627788
0.05464469
0.05835137
0.05420381
0.04211952
0.02449085
0.004585049
-0.01312011
-0.02725973
-0.03736088
-0.04146945
-0.04033256
-0.03587502
-0.02971765
-0.02402384
-0.02085186
-0.02031642
-0.0221184
-0.02447135
-0.02386614
-0.019171
-0.01344538
-0.009723239
-0.008504998
-0.009031132
-0.009953829
-0.01043644
-0.009451667
-0.006932148
-0.004643809
-0.00245229
0.002071283
0.008114084
0.01247058
0.01521238
0.0166969
0.01550556
0.01195718
0.009170522
0.009510285
0.01304419
0.01705205
0.0186477
0.01726763
0.0146026
0.0116578
0.00782973
0.001502159
-0.007941111
-0.01655274
-0.02048179
-0.02067762
-0.019549
-0.01766264
-0.01454068
-0.009128537
-0.001785293
0.004840333
0.008623215
0.01039887
0.01294032
0.01710956
0.02144118
0.02312153
0.02068576
0.01541143
0.007505052
-0.003121412
-0.01545707
-0.02869186
-0.03968764
-0.04562425
-0.04754113
-0.04798265
-0.04634611
-0.04005321
-0.02944527
-0.01568226
-0.001233794
0.01195878
0.02376643
0.03282889
0.03855493
0.04054831
0.03772878
0.03038806
0.0208497
0.01103683
0.001920767
-0.005739037
-0.01046277
-0.01177137
-0.01069462
-0.01059318
-0.01247322
-0.01339557
-0.01093301
-0.004525388
0.005145416
0.01487267
0.02019106
0.01838215
0.01169463
0.004206426
-0.001363043
-0.005266557
-0.009803772
-0.01572563
-0.02169454
-0.02644487
-0.0290081
-0.03024982
-0.03112037
-0.03161987
-0.03161876
-0.03010671
-0.02547519
-0.01735025
-0.007665164
0.001359584
0.008380843
0.01251415
0.01484791
0.01702418
0.02075448
0.02675875
0.03204336
0.03332121
0.03008242
0.02305717
0.01473691
0.009394171
0.007517132
0.006381881
0.00595935
0.006361135
0.006348505
0.005342344
0.002311558
-0.003215127
-0.007751459
-0.009480297
-0.009370503
-0.00819664
-0.006775522
-0.004734931
-0.001226985
0.002518991
0.004580772
0.004675351
0.002717729
-0.0003097069
-0.003810434
-0.007190747
-0.009500996
-0.01058077
-0.01075952
-0.008303122
-0.002116174
0.004568812
0.009634125
0.01329908
0.01588994
0.01593477
0.01176088
0.003424974
-0.006116965
-0.01324324
-0.01674453
-0.01773766
-0.01839468
-0.01962999
-0.02194464
-0.02571737
-0.02966712
-0.0324778
-0.03445339
-0.0363517
-0.03799713
-0.03678904
-0.03130477
-0.02405278
-0.01685296
-0.009195053
-0.002058923
0.002077095
0.003448401
0.003188466
0.002034092
3.814646e-05
-0.003450341
-0.00693276
-0.007842317
-0.004470358
0.00274055
0.01083248
0.01854567
0.02503928
0.02991405
0.03407838
0.03631618
0.03377333
0.02711689
0.01751172
0.007372815
-0.0001690365
-0.00468913
-0.007532543
-0.008553323
-0.008601492
-0.01025305
-0.01357035
-0.01683057
-0.01965387
-0.02214499
-0.02391325
-0.02394306
-0.02386054
-0.02634619
-0.0295454
-0.031033
-0.03078074
-0.02852422
-0.02422031
-0.01905161
-0.01126298
-0.001260541
0.009845717
0.02059405
0.02932219
0.03701162
0.04483756
0.05223456
0.05881516
0.06360586
0.06505006
0.06300768
0.05806605
0.05122416
0.04471541
0.03993338
0.03597019
0.03130334
0.02532686
0.02044113
0.01777732
0.01670331
0.01698743
0.01921391
0.02331524
0.02958307
0.03834417
0.04640709
0.05031634
0.04999411
0.0467433
0.0416721
0.03531608
0.02734753
0.01781533
0.007450469
-0.002055489
-0.00860389
-0.012582
-0.01525166
-0.01394285
-0.00888997
-0.002212691
0.006451519
0.01569355
0.02342812
0.02997459
0.03511464
0.03701853
0.03652869
0.03428781
0.03058441
0.02566566
0.01914494
0.01131683
0.004600885
-0.001134929
-0.006461782
-0.00934907
-0.01146197
-0.01630175
-0.022471
-0.02764687
-0.03204265
-0.03376382
-0.03197415
-0.0283288
-0.0239213
-0.01931422
-0.01473817
-0.01005471
-0.006896398
-0.005762913
-0.005138772
-0.006196209
-0.01036727
-0.01563724
-0.01975602
-0.02383811
-0.02859617
-0.03380398
-0.03926759
-0.04432892
-0.04747614
-0.04749593
-0.04299463
-0.03664551
-0.03140501
-0.02641465
-0.02138131
-0.01729289
-0.01403534
-0.01268841
-0.01404288
-0.01745351
-0.02215136
-0.02865031
-0.03551249
-0.04010221
-0.04139625
-0.03932097
-0.03588574
-0.03336522
-0.03228368
-0.03226835
-0.03219631
-0.02970431
-0.02458132
-0.01881255
-0.01339975
-0.008462766
-0.004719516
-0.001687357
0.001781161
0.006071113
0.009557025
0.01093296
0.01162452
0.01210121
0.01206097
0.01270662
0.01375239
0.01256511
0.009639589
0.007992842
0.009406108
0.01208002
0.01387466
0.01394652
0.01215085
0.008734537
0.004198939
0.0003725592
-0.002480048
-0.003346742
-0.0005703306
0.003611399
0.007151415
0.01038005
0.0125455
0.01244829
0.01108767
0.008500997
0.003603023
-0.00149883
-0.004658695
-0.006307747
-0.008285376
-0.01134192
-0.01459212
-0.01534483
-0.01404652
-0.01262604
-0.01005965
-0.0052697
0.001768847
0.01008897
0.01724968
0.02164769
0.02387866
0.02512177
0.02701569
0.02897687
0.02965904
0.02962404
0.02967442
0.02887743
0.02731447
0.02522503
0.02219287
0.01778568
0.01152807
0.004965291
-0.0004806789
-0.005190666
-0.008725662
-0.01010358
-0.01004885
-0.009885098
-0.01002502
-0.009939407
-0.00895998
-0.007259701
-0.005564182
-0.003095811
0.001371551
0.006435738
0.01062495
0.01298625
0.01270413
0.01099895
0.009003374
0.006096524
0.002967202
0.0008385846
0.0001229216
0.001028789
0.003393943
0.005591003
0.006892866
0.007236018
0.007157185
0.007196682
0.007071057
0.00605029
0.003668331
0.0004799802
-0.001770805
-0.002813521
-0.003432921
-0.002835921
-0.0007715515
0.001091064
0.001664712
6.339856e-05
-0.004143321
-0.01019269
-0.01778843
-0.02514721
-0.02951043
-0.03075424
-0.02989394
-0.02894838
-0.02882787
-0.02783232
-0.02431105
-0.01810446
-0.01064763
-0.003921856
0.001445851
0.004350095
0.003810123
0.001785743
-0.0005191903
-0.002633247
-0.002935823
-0.002539246
-0.003120743
-0.003081503
-0.001837164
0.00120092
0.006402646
0.01283703
0.01863568
0.02365148
0.02801973
0.03112285
0.03335184
0.03410646
0.03275535
0.02828911
0.02048566
0.01121024
0.002011553
-0.006978634
-0.01403614
-0.01871468
-0.02219658
-0.02396585
-0.02271835
-0.01964676
-0.0150423
-0.009215312
-0.003602923
0.001661955
0.006146072
0.008128721
0.00784007
0.006018012
0.002853806
-0.0003971959
-0.004051089
-0.008873781
-0.01281429
-0.01312067
-0.01078708
-0.007999982
-0.004236623
-7.44432e-05
0.003498072
0.007191846
0.0108437
0.01383543
0.0159329
0.01676648
0.01707604
0.01657101
0.01449245
0.0103964
0.005479512
-9.322092e-05
-0.005875171
-0.01043661
-0.01416844
-0.0162337
-0.01452713
-0.009536676
-0.003527487
0.002468696
0.00938532
0.01556596
0.01994568
0.02335861
0.02503463
0.02474734
0.02236393
0.01723121
0.01030331
0.003640894
-0.000742022
-0.001548529
-0.0001937833
0.001476451
0.003536135
0.007148511
0.01209353
0.01665159
0.01962994
0.0186924
0.0138537
0.00716669
0.000117276
-0.006116328
-0.01087156
-0.01516679
-0.01926344
-0.02307391
-0.02606618
-0.02735292
-0.02696769
-0.02579967
-0.02419225
-0.02032454
-0.01463094
-0.00832126
-0.001243928
0.006216365
0.01254774
0.01616771
0.01688529
0.0161891
0.01440531
0.01186399
0.009202905
0.00818361
0.00882542
0.009828908
0.01091768
0.01080875
0.009741718
0.009192846
0.008511914
0.007283607
0.005188053
0.001637789
-0.002197423
-0.006079303
-0.01012604
-0.01321379
-0.01511692
-0.01754386
-0.0201329
-0.0215376
-0.02298387
-0.02391182
-0.02098892
-0.01530602
-0.01032598
-0.0071132
-0.004829155
-0.00404039
-0.005012017
-0.005989837
-0.006451235
-0.006138646
-0.005438063
-0.004679681
-0.003944524
-0.003505431
-0.003721493
-0.002828693
-0.000905331
-0.0005410689
-0.00204831
-0.004090927
-0.006400777
-0.01022247
-0.01603757
-0.02171909
-0.02501112
-0.02642242
-0.02619297
-0.02390628
-0.02055429
-0.01792735
-0.01639697
-0.01523189
-0.01310307
-0.0107743
-0.00993848
-0.009475257
-0.007581467
-0.004907072
-0.002306726
0.001394539
0.005347141
0.008411422
0.01121737
0.01327373
0.01422001
0.01333331
0.01011104
0.00528167
6.345973e-05
-0.003935721
-0.004416928
-0.001328351
0.003772555
0.01024586
0.01693288
0.02345128
0.02789727
0.03002744
0.03073459
0.03070119
0.02935899
0.02678553
0.02367009
0.02078183
0.01967691
0.02034569
0.02043963
0.01845723
0.01482556
0.01087808
0.008481263
0.007694669
0.007843526
0.007614111
0.006807599
0.00640165
0.004811015
0.001097211
-0.001828535
-0.001329016
0.001803207
0.005615605
0.009235371
0.01103033
0.01111284
0.01040079
0.008171682
0.005014913
0.002205673
0.0004753421
-3.455018e-05
0.0004175801
0.000648978
-0.0009368083
-0.003409575
-0.00378699
-0.002723613
-0.002969898
-0.00420824
-0.005374935
-0.006825222
-0.008793261
-0.009920574
-0.01000218
-0.008748765
-0.005838151
-0.001528236
0.004409132
0.01055173
0.01507491
0.01754102
0.01694571
0.01288436
0.006608064
-0.0001551521
-0.00600733
-0.009865712
-0.01143657
-0.01290392
-0.01564623
-0.01567608
-0.01251415
-0.008796808
-0.004705074
7.853117e-05
0.00504818
0.009145299
0.01065426
0.009365636
0.006054029
0.002194467
-0.001685486
-0.005648345
-0.008721425
-0.00958465
-0.008176216
-0.006301008
-0.005288398
-0.004926883
-0.004077931
-0.00313321
-0.003297228
-0.003083362
-0.002568104
-0.003195232
-0.003808105
-0.003234149
-0.002029089
-0.0002415897
0.002136627
0.003016541
0.001906805
2.022449e-05
-0.002660721
-0.004703178
-0.004078399
-0.001669991
0.00105858
0.003365376
0.004263995
0.003125506
-5.947201e-05
-0.004322319
-0.007786305
-0.01065265
-0.01392675
-0.0170649
-0.01952414
-0.02157193
-0.0225476
-0.0205186
-0.0175099
-0.01604402
-0.01564846
-0.01433756
-0.01141005
-0.009173013
-0.008472972
-0.008890714
-0.009572946
-0.01105581
-0.01404239
-0.01649245
-0.0178182
-0.01983867
-0.02201315
-0.02438487
-0.02670566
-0.02806669
-0.02816633
-0.02628992
-0.02212801
-0.0171462
-0.01207362
-0.00739652
-0.003934534
-0.0008272874
0.002408141
0.004362419
0.004148951
0.004480021
0.005221873
0.003298584
-0.001593612
-0.006202599
-0.008322016
-0.009924146
-0.01236978
-0.01390064
-0.01322224
-0.01079628
-0.006383118
7.694994e-05
0.005461917
0.008434135
0.01069143
0.01226047
0.01294165
0.01330121
0.01489797
0.01875141
0.02190626
0.02236834
0.0217728
0.02135944
0.02168179
0.02323838
0.02599219
0.02800192
0.02788171
0.02725219
0.02650265
0.02444956
0.02130432
0.01834744
0.01693096
0.0171628
0.01782792
0.01880125
0.02013778
0.02041493
0.01877181
0.01669289
0.01528035
0.01560782
0.01816647
0.02117582
0.02310997
0.02394614
0.02419996
0.02461083
0.02511552
0.02485886
0.02412841
0.02312412
0.02085129
0.01768918
0.01535591
0.01347878
0.01136719
0.01046245
0.01072636
0.01135165
0.0116416
0.01250162
0.01467703
0.01635141
0.01445111
0.01002325
0.005337957
0.000132425
-0.005359214
-0.0090729
-0.01022199
-0.01017577
-0.01004999
-0.009542444
-0.008340357
-0.007165136
-0.006160369
-0.005259357
-0.005015705
-0.005691372
-0.007004356
-0.008394455
-0.008922932
-0.007610922
-0.005608262
-0.004930279
-0.005323976
-0.0054838
-0.004986949
-0.003713492
-0.002646599
-0.003060524
-0.004479019
-0.006746315
-0.008854021
-0.009879749
-0.009893504
-0.010132
-0.0117874
-0.01399452
-0.01479794
-0.01421077
-0.01408432
-0.01441373
-0.01295618
-0.01069371
-0.009837277
-0.009737756
-0.008880121
-0.007360835
-0.006669761
-0.007948494
-0.009788113
-0.01111303
-0.01156593
-0.01071312
-0.0100986
-0.01008913
-0.009339573
-0.007842479
-0.007749071
-0.009880008
-0.01308117
-0.01568857
-0.01661184
-0.01676386
-0.01772091
-0.01913813
-0.02068951
-0.0223361
-0.02395799
-0.02390062
-0.02165643
-0.01915471
-0.01756842
-0.01636064
-0.01542989
-0.01376465
-0.01109141
-0.009632288
-0.009663122
-0.009351582
-0.007158632
-0.003767118
-0.0004952828
0.001574097
0.002840134
0.003986105
0.004817473
0.004312849
0.00149946
-0.002238686
-0.004935387
-0.006876799
-0.009747844
-0.01240417
-0.01313977
-0.01225612
-0.01033723
-0.007009251
-0.002326997
0.00186647
0.004599363
0.005879121
0.006458621
0.006719773
0.006798021
0.007272844
0.008245731
0.009372068
0.009046274
0.006589788
0.003748073
0.00149272
0.0001174864
-0.0005953095
-0.0008266028
-0.0001741019
0.0007038199
0.001591083
0.003064908
0.004152776
0.004313212
0.004397844
0.005323064
0.007310516
0.01006242
0.01241163
0.0134938
0.01411228
0.01498089
0.01558442
0.01629357
0.01731522
0.01766925
0.01764912
0.01884769
0.02124535
0.02287583
0.02372147
0.02349023
0.02154955
0.01907973
0.01686298
0.01480549
0.01389594
0.01462989
0.0164549
0.01835253
0.01995556
0.02084704
0.02048963
0.01789506
0.01409714
0.0107582
0.008365156
0.007787529
0.008893711
0.009334093
0.008080683
0.006313428
0.004670128
0.00394288
0.0041924
0.004884636
0.004613831
0.002051764
-0.001582347
-0.005061962
-0.007991425
-0.009928567
-0.01026606
-0.008766072
-0.006328752
-0.004780443
-0.004588035
-0.005091956
-0.005905115
-0.007334902
-0.008679396
-0.009538298
-0.009921294
-0.009676777
-0.009349422
-0.009388063
-0.008920366
-0.007683501
-0.006080242
-0.004595851
-0.003388562
-0.002700836
-0.002420314
-0.003113749
-0.005319086
-0.007422711
-0.008641847
-0.009657635
-0.01016798
-0.009959113
-0.00969568
-0.01072637
-0.01336082
-0.01516886
-0.01455649
-0.01257668
-0.01068539
-0.01019413
-0.009590501
-0.006439873
-0.001417641
0.002550504
0.004022177
0.003980543
0.001872863
-0.002224867
-0.006288743
-0.009300886
-0.01005244
-0.009035894
-0.007464456
-0.005377111
-0.002657284
0.000611475
0.003548657
0.005367451
0.006602485
0.008602841
0.01138928
0.01344387
0.01406415
0.0138389
0.01255603
0.01114222
0.01031233
0.009459719
0.007273714
0.003690591
-0.0004552529
-0.004019478
-0.005746255
-0.005729621
-0.004997007
-0.003778106
-0.00193549
-0.0008022438
-0.0004445434
-0.0004168949
-0.0002670871
-7.099003e-05
0.0002129735
0.0007706499
0.001704741
0.002896845
0.003201295
0.002600653
0.0004632944
-0.002480489
-0.003888877
-0.004169844
-0.004556675
-0.004923394
-0.005373803
-0.005878962
-0.005362147
-0.003445689
-0.002157097
-0.003127706
-0.004964859
-0.005464958
-0.004615888
-0.004745913
-0.005277826
-0.00650897
-0.00863305
-0.01003901
-0.01035744
-0.01012661
-0.009343239
-0.008618618
-0.009374326
-0.01129654
-0.01246588
-0.01126066
-0.009932603
-0.009779371
-0.01001964
-0.01009975
-0.01006641
-0.01006136
-0.009973213
-0.009848686
-0.01026431
-0.01158621
-0.01272878
-0.01232164
-0.01091985
-0.01005498
-0.008970988
-0.007301899
-0.007036758
-0.008232473
-0.008576261
-0.006591214
-0.004301553
-0.003716135
-0.003769627
-0.003017046
-0.001001028
0.001333187
0.002643556
0.003381341
0.004218383
0.005493712
0.007414541
0.009778708
0.01185569
0.01366132
0.01590347
0.0181584
0.01920143
0.01919671
0.01937792
0.02017094
0.020393
0.01934908
0.01845075
0.0177809
0.01661831
0.01488496
0.01226493
0.0100868
0.009928166
0.0116875
0.01434038
0.01668691
0.01759689
0.01779769
0.01699391
0.01425386
0.01162878
0.009935541
0.008736007
0.009721006
0.01153956
0.01161047
0.009953
0.007977419
0.006670523
0.006181965
0.006527172
0.007459663
0.00919131
0.01116415
0.01230133
0.01212729
0.01065688
0.008905374
0.007891501
0.006196469
0.003242812
0.0002625973
-0.001631732
-0.002000665
-0.001388264
0.0003327574
0.003105685
0.005751537
0.00748903
0.007810529
0.006851428
0.006072038
0.005953205
0.00520609
0.002799152
0.000882345
-0.0005595743
-0.002828451
-0.004821707
-0.006248876
-0.007809486
-0.009053389
-0.009418947
-0.009451866
-0.009762295
-0.01021105
-0.01029328
-0.00917775
-0.007097784
-0.005984198
-0.005838028
-0.005222353
-0.004418849
-0.00453263
-0.005801125
-0.007756995
-0.01018191
-0.01170388
-0.01172752
-0.01142742
-0.01062879
-0.01012514
-0.00993781
-0.008982145
-0.007314488
-0.006322266
-0.006203431
-0.005801778
-0.005386577
-0.005430907
-0.006735082
-0.009061975
-0.01028041
-0.01019567
-0.009916756
-0.00994149
-0.01014297
-0.009937399
-0.008734375
-0.006615478
-0.004645182
-0.003868054
-0.003797614
-0.004524135
-0.005560605
-0.006723944
-0.007418686
-0.006350632
-0.004664227
-0.003750984
-0.003272083
-0.001704903
0.000144097
0.0009864683
0.001165565
0.0005289788
-0.001423596
-0.003454035
-0.004391316
-0.003591813
-0.002804565
-0.004703602
-0.007079066
-0.00794261
-0.0085145
-0.01083205
-0.01445436
-0.01656741
-0.01638078
-0.01414928
-0.01129665
-0.00952336
-0.007500412
-0.004934582
-0.003300072
-0.002090655
-0.002371564
-0.004627928
-0.007513344
-0.009660039
-0.01027186
-0.009799161
-0.008886
-0.007659159
-0.005722236
-0.003279246
-0.001283593
0.0002841203
0.002441041
0.003614314
0.003242034
0.002253507
0.001351587
0.001072241
0.0007660401
0.0007084676
0.001504535
0.001890487
0.002159976
0.002849247
0.003518149
0.003687531
0.003994547
0.00532225
0.0067308
0.008158505
0.009476952
0.01004344
0.01033506
0.01087849
0.0114355
0.01230669
0.01309678
0.01323758
0.01392259
0.01395645
0.01223916
0.009366744
0.007032226
0.005949514
0.006567308
0.007900126
0.009022137
0.01162024
0.01442459
0.01571717
0.01650969
0.01761465
0.01797651
0.01753398
0.01668791
0.01544925
0.01491207
0.01587192
0.01709296
0.01754163
0.01698209
0.01571736
0.01492148
0.01407574
0.01269707
0.01142616
0.009906775
0.008248384
0.005968198
0.004170152
0.004234483
0.005433054
0.005848862
0.005850844
0.006100791
0.005851271
0.00577071
0.006051015
0.005433941
0.00414114
0.002201027
-0.0003185488
-0.00160607
-0.001942765
-0.002538307
-0.003214324
-0.003828433
-0.004202939
-0.00338639
-0.002475291
-0.002722238
-0.003010362
-0.003061793
-0.003542139
-0.004671236
-0.006353096
-0.007969423
-0.0081742
-0.007028144
-0.005549364
-0.004875817
-0.005199335
-0.00545061
-0.0058132
-0.006742165
-0.006818271
-0.005574736
-0.004366141
-0.004359567
-0.005895457
-0.007573464
-0.008740043
-0.00935536
-0.00839137
-0.006437024
-0.004950758
-0.004229355
-0.004377322
-0.004763104
-0.00482727
-0.003665807
-0.001135126
0.001309204
0.001362151
-0.001191069
-0.00467537
-0.008270505
-0.009958181
-0.01003747
-0.01095389
-0.01325926
-0.015612
-0.01832416
-0.02063676
-0.02228389
-0.02446393
-0.02674793
-0.02790254
-0.02716135
-0.02481468
-0.02099558
-0.01613594
-0.01053143
-0.006037049
-0.004102168
-0.004312162
-0.004489592
-0.004130481
-0.005114645
-0.006176258
-0.005163022
-0.003540185
-0.003282666
-0.003729973
-0.004140048
-0.005038966
-0.005889747
-0.005674974
-0.004285566
-0.001870406
0.0003728206
0.002094642
0.003209506
0.00310689
0.003738159
0.005488601
0.006533023
0.006460878
0.006440504
0.005905325
0.003759581
0.0008642093
-0.001379016
-0.002666558
-0.003152197
-0.003039669
-0.002858112
-0.00172645
-0.0007526741
-0.000747121
-0.0003652695
0.0004596551
0.001046631
0.002408495
0.004250216
0.004901058
0.005345753
0.006240114
0.006278663
0.005242105
0.003976868
0.001984202
0.0001204753
-0.001373617
-0.002043797
-0.001176795
0.0009496425
0.003669042
0.007073659
0.01051968
0.01255513
0.01368806
0.01470632
0.01562702
0.01637283
0.01633779
0.01470763
0.01298839
0.01199435
0.009804032
0.007132053
0.006066873
0.007054134
0.00892084
0.01041353
0.01034652
0.009734139
0.009394883
0.008551172
0.007222591
0.005575254
0.003445246
0.002450911
0.003246384
0.003168337
0.001402542
0.0003746534
0.0002223317
-4.437354e-05
-0.0004987533
-0.001143474
-0.001239481
-0.0004741933
0.0009809394
0.003325071
0.005652838
0.006641885
0.006998601
0.007337618
0.006957687
0.006370834
0.006547817
0.007034716
0.007112256
0.00634388
0.00544313
0.00452489
0.003313342
0.001958615
0.001624832
0.002889206
0.004541185
0.006944417
0.01088169
0.01429531
0.01603467
0.01691197
0.01630213
0.01406941
0.01152904
0.008607045
0.006016902
0.004235785
0.001098558
-0.003195185
-0.007169046
-0.01040452
-0.01246507
-0.01243606
-0.01088695
-0.009060226
-0.006885149
-0.004780598
-0.003092832
-0.001912741
-0.001577053
-0.002108376
-0.001842879
-0.001660653
-0.003148386
-0.006062595
-0.008962779
-0.01009017
-0.009447587
-0.008778456
-0.009256629
-0.009307162
-0.007899107
-0.005749446
-0.004084993
-0.003717325
-0.004577125
-0.005766371
-0.006272144
-0.00541827
-0.005071449
-0.006289403
-0.006915694
-0.006937004
-0.007666826
-0.009218134
-0.0102215
-0.01024876
-0.009324671
-0.007647339
-0.006164729
-0.00481074
-0.003181587
-0.001263719
0.0008659843
0.002032916
0.001494091
0.001712288
0.00289883
0.002437051
0.0008855284
-0.0001861679
-0.0009367696
-0.001312178
-0.001831762
-0.003015809
-0.004436048
-0.005981903
-0.007177925
-0.007534234
-0.007790094
-0.00816718
-0.00834685
-0.008177536
-0.007247418
-0.006354712
-0.006145536
-0.00500348
-0.003669891
-0.004072561
-0.004635721
-0.004291726
-0.003676619
-0.003017554
-0.002696608
-0.002595461
-0.001838927
-1.422078e-05
0.001514789
0.002580097
0.003827772
0.005130605
0.006069806
0.006191439
0.006788167
0.007515431
0.006732064
0.006006322
0.006006652
0.005489689
0.00442999
0.003548172
0.002559406
0.001660476
0.0007047522
-0.0003306131
-0.0007664745
-0.001105056
-0.001207879
-0.0008488326
-0.0002376333
0.000938928
0.002570945
0.003280013
0.003096999
0.001862051
-0.00036852
-0.0008693998
0.0001959323
-0.0001785002
-0.001715257
-0.001706871
-0.0007874235
0.0001752213
0.001053694
0.001727521
0.003146344
0.00467898
0.005020616
0.003945089
0.00252639
0.001197913
0.0004202345
-0.0002152115
-0.0001446342
0.0004550536
0.0007156879
0.001387582
0.002425007
0.002781104
0.002290679
0.002322121
0.002601571
0.002360505
0.00235424
0.001962147
0.0006041944
-0.0002453607
-0.0003997528
-0.001242711
-0.002243468
-0.002024563
-0.001768642
-0.002099862
-0.00224497
-0.002663086
-0.003696738
-0.005058157
-0.006723224
-0.007049386
-0.00623763
-0.005436389
-0.003992257
-0.001244433
0.001989334
0.004850683
0.007338913
0.008023592
0.006962113
0.005701224
0.00433159
0.003603541
0.004513351
0.005918889
0.005617294
0.004431675
0.003807998
0.003615031
0.003448409
0.003949345
0.004768862
0.005237158
0.006224482
0.007342356
0.00800271
0.007698675
0.005886216
0.004605278
0.003659412
0.003203151
0.004162091
0.006070376
0.007492485
0.007239007
0.006224344
0.005915183
0.00655508
0.007909159
0.00847803
0.006495989
0.003437698
0.001430353
-0.0001987235
-0.002924556
-0.00606937
-0.007652929
-0.00730803
-0.006358471
-0.00561091
-0.004797683
-0.003554172
-0.002209084
-0.001210941
-0.0007502064
-0.001020997
-0.002189601
-0.003776733
-0.004590863
-0.004833373
-0.004554444
-0.004405327
-0.004408059
-0.004061573
-0.003803403
-0.004102599
-0.005644007
-0.007923849
-0.008710818
-0.007877546
-0.006620042
-0.004996243
-0.004178834
-0.00371499
-0.003043463
-0.002514546
-0.00224436
-0.00161457
-0.002100771
-0.004435872
-0.006588233
-0.007857088
-0.009285095
-0.01081526
-0.01150875
-0.01066873
-0.009952099
-0.009950525
-0.009310794
-0.007507962
-0.005931693
-0.005095568
-0.004281057
-0.00379886
-0.004104629
-0.00468367
-0.005126027
-0.00560516
-0.005768183
-0.004953748
-0.0031035
-0.001952427
-0.002913031
-0.003263665
-0.002097478
-0.00129206
-0.001161488
-0.000929202
-0.0008825625
-0.001703143
-0.002730915
-0.00364236
-0.003703383
-0.002380719
0.0003016557
0.00371243
0.006424582
0.006789887
0.006517429
0.007189257
0.008041969
0.008117697
0.008257004
0.007742348
0.006193545
0.004815493
0.004022885
0.003271368
0.002714047
0.002399148
0.002083372
0.00185436
0.001314787
0.001287846
0.001547502
0.001784467
0.001953122
0.002054598
0.00326848
0.005128262
0.006342224
0.006377956
0.006588344
0.006725986
0.0051276
0.002894612
0.001674897
0.00208701
0.003271718
0.004239491
0.005419092
0.005819083
0.00520464
0.004933949
0.005113957
0.005143052
0.003967785
0.002805893
0.003799925
0.006570214
0.008738426
0.009091192
0.009890715
0.01060973
0.01025115
0.009387338
0.008438814
0.007349049
0.005953566
0.004475941
0.003368201
0.002048616
0.0007128419
0.0004251825
0.0008098944
0.0007415716
0.0004374229
0.00116592
0.002739599
0.003365487
0.002309957
0.001243843
0.001684682
0.001930708
0.001026521
0.0004797121
0.000480985
0.0004131816
0.0001043492
-0.0001835919
0.0003055468
0.0008119013
0.0002511194
-0.0006567276
-0.002174983
-0.004193671
-0.005028889
-0.004303127
-0.002833261
-0.001660034
-0.0003060969
0.001573594
0.003662312
0.004184036
0.003216717
0.002622356
0.002097877
0.001054555
0.0001012729
-0.001112691
-0.003030218
-0.005277149
-0.00731009
-0.008379369
-0.008332272
-0.007584036
-0.006728728
-0.006821818
-0.007304992
-0.007338386
-0.006825174
-0.005572957
-0.003978336
-0.003520889
-0.004690104
-0.005576061
-0.006065259
-0.006547886
-0.00706347
-0.007655522
-0.007499495
-0.006978207
-0.007192312
-0.007546786
-0.007505577
-0.00686848
-0.005338888
-0.003779669
-0.002780463
-0.001911113
-0.001320431
-0.001629577
-0.001883235
-0.00117669
1.535598e-05
0.0008615493
0.0007047284
0.0005808885
0.001750374
0.003734224
0.004373175
0.00368001
0.003375889
0.003870163
0.004371998
0.00445279
0.003816279
0.002704501
0.002409383
0.002772564
0.002936179
0.002901867
0.00312803
0.003465524
0.00345011
0.003278956
0.002495417
0.001235633
0.0004722097
0.0004213984
0.0003459387
8.603009e-06
-5.860601e-05
0.0007729915
0.001987117
0.002614224
0.002663959
0.002364681
0.001865781
0.001446523
0.001611971
0.001880166
0.001336934
0.000636106
0.0003505382
9.888151e-06
-0.0004059827
-0.0002802712
0.0008898789
0.002371829
0.003014066
0.002553296
0.002046909
0.001935424
0.001363596
0.0004426104
-0.0001099619
-0.0004629863
-0.0006581176
-0.0007305556
-0.0009429538
-0.0009916549
-0.0006345342
-0.0003595993
-0.0003235099
-5.997361e-05
0.0003166395
0.0005004738
0.0005874241
0.0001078954
-0.0005402121
-0.0009292359
-0.001356784
-0.001524889
-0.001604656
-0.002047431
-0.002457127
-0.002593588
-0.003297397
-0.004344132
-0.004282696
-0.003896437
-0.004200654
-0.004219674
-0.003534482
-0.00302186
-0.003422888
-0.004195197
-0.004438645
-0.00424028
-0.00405925
-0.004007402
-0.003864688
-0.003521012
-0.003172192
-0.002646838
-0.002241122
-0.002324671
-0.002318411
-0.00225497
-0.002089335
-0.001827285
-0.001746155
-0.001776991
-0.001762796
-0.001705898
-0.001709621
-0.00154499
-0.00106719
-0.0006498099
-0.0007111479
-0.001017296
-0.001092896
-0.00119871
-0.001472794
-0.001415619
-0.001044032
-0.0007200286
-0.0003073673
0.0001474962
0.0004732032
0.0005012275
0.0003876375
0.0005424882
0.0008002478
0.000855536
0.0007947612
0.0007424203
0.0006589344
0.0005493237
0.0006680919
0.0009146349
0.0009921543
0.001017844
0.00114843
0.001337493
0.00151316
0.001602139
0.001666432
0.001688172
0.001701605
0.00177702
0.001870868
0.001888437
0.00189724
0.002031018
0.002056944
0.001956378
0.001952146
0.002023725
0.002055005
0.001954324
0.001753048
0.001667919
0.001665837
0.001667357
0.001697619
0.00177305
0.001892152
0.001924209
0.001778308
0.001620609
0.001506048
0.001357811
0.001209408
0.001212506
0.00126652
0.001184987
0.001085923
0.0010548
0.001020821
0.0009479245
0.0008891298
0.000900915
0.0009755771
0.001039363
0.001012536
0.0008966187
0.0008102474
0.0007390524
0.000603656
0.0004875043
0.0004325514
0.0004093486
0.0003869199
0.0003879627
0.0003791336
0.0003260061
0.0002919222
0.0002773015
0.0002778897
0.000262235
0.0002063069
0.0001573408
0.0001213727
8.254107e-05
3.347449e-05
-1.015227e-05
-2.614146e-05
-2.284427e-05
-2.134063e-05
-3.148242e-05
-4.259214e-05
-5.047057e-05
-6.168425e-05
-6.652261e-05
-6.524974e-05
-6.68406e-05
-6.296626e-05
-6.282289e-05
-6.467971e-05
-6.963797e-05
-8.850329e-05
-0.0001032884
-0.0001058058
-0.0001016708
-9.949322e-05
-0.0001007393
-0.0001009346
-9.368388e-05
-8.150732e-05
-7.463873e-05
-7.304349e-05
-7.438001e-05
-7.834811e-05
-8.092408e-05
-8.129207e-05
-8.39162e-05
-8.518957e-05
-8.604959e-05
-8.991616e-05
-9.354489e-05
-9.403803e-05
-9.222617e-05
-9.031576e-05
-8.906724e-05
-9.017272e-05
-9.242766e-05
-9.489652e-05
-9.789412e-05
-0.0001004273
-0.0001028939
-0.0001059872
-0.0001090479
-0.0001112922
-0.0001128455
-0.0001141729
-0.0001154323
-0.0001166707
-0.0001181113
-0.0001196651
-0.0001211669
-0.0001227148
-0.0001244327
-0.0001262459
-0.0001280371
-0.0001297885
-0.0001314939
-0.0001331606
-0.000134817
-0.000136465
-0.0001380721
-0.0001396262
-0.0001411405
-0.0001426284
-0.0001440892
-0.0001455174
-0.00014691
-0.000148266
-0.0001495861
-0.0001508705
-0.0001521191
