0.0002539006
0.0002540933
0.0002543094
0.0002544899
0.0002547123
0.0002548024
0.0002551108
0.0002552466
0.0002554629
0.0002555236
0.0002557608
0.0002559887
0.0002562283
0.0002560573
0.0002563781
0.0002564168
0.0002569154
0.0002566157
0.0002570875
0.0002565913
0.0002573223
0.0002571421
0.0002572719
0.0002575111
0.000257688
9.181473e-05
0.0002603386
0.0002554407
0.0002598484
0.0002555833
0.0002605949
0.0002540525
0.0002607475
0.0002550561
0.000261205
0.0002543314
0.000261649
0.0002534697
0.0002641059
0.0002530045
0.0002650629
0.000253544
0.0002640674
0.0002515255
0.0002673564
0.0002516855
0.0002677934
0.0002498522
0.0002650765
0.0002474251
0.0002696554
0.0002490624
0.0002680416
0.0002518685
0.0002660847
0.000248796
0.000256386
0.00026019
0.0002576416
0.0002594255
0.0002546507
0.0002541202
0.0002586342
0.000262318
0.0002552043
0.0002641405
0.0002548756
0.0002575141
0.0002546909
0.0002620373
0.0002507063
0.0002602311
0.0002499728
0.0002619661
0.0002529135
0.000260095
0.0002522961
0.0002582079
0.000245721
0.0002627625
0.0002507546
0.0002621952
0.0002534754
0.0002543019
0.0002462904
0.0002530871
0.0002260945
0.0002734555
0.0002360805
0.0002760186
0.0002332813
0.0002772901
0.0002315631
0.0002786188
0.000224077
0.0002776169
0.000219075
0.0002792304
0.0002294412
0.0002812338
0.0002197829
0.0002907042
0.0002293218
0.0002714655
0.0002188018
0.0002894104
0.0002191927
0.0002846923
0.000213047
0.0002786025
0.0002226857
0.0002831896
0.0002178227
0.0002869738
0.000195997
0.0002920687
0.0002130345
0.000283336
0.0002593093
0.0002369102
0.0002650703
0.0002316809
0.0002723856
0.0002315611
0.0002491061
0.0002348729
0.0002572535
0.0002292632
0.0002605404
0.0002443816
0.0002658094
0.0002236697
0.0002555721
0.000228703
0.0002505466
0.0002263431
0.0002749382
0.0002194823
0.0002477605
0.0002399985
0.0002732471
0.0002326983
0.0002557054
0.0001956861
0.0002894228
0.0002145241
0.0002589701
0.0002227202
0.0002919774
0.0001793074
0.0002981007
0.0001963341
0.0002854444
0.0001757372
0.0002922215
0.0001804776
0.0003297241
0.000167359
0.0003028271
0.0001599692
0.0003015578
0.0001780261
0.0003090702
0.0001599092
0.0003071838
0.0001567285
0.0003012834
0.0001930029
0.0003031073
0.0001549938
0.0003049702
0.0001490863
0.0002890839
0.0001747884
0.0002976928
0.0001775394
0.0002917435
0.0001534541
0.0001740455
0.0002677065
0.0001980396
0.0002493922
0.0001940832
0.0002549955
0.0001773834
0.0002832602
0.0001897288
0.0002476934
0.0001787381
0.0002643103
0.0002023371
0.0002377282
0.0001732836
0.0002475508
0.0001879701
0.0002448724
0.0002094322
0.0002364833
0.0001989947
0.0002442241
0.0001899869
0.0002521371
0.0002040107
0.0002427512
0.0001656502
0.0002651074
0.0001763944
0.0002684029
0.0001873783
0.0002880254
0.0001306209
0.0003071542
0.000128447
0.0003178843
0.0001271559
0.0002874534
0.0001506274
0.0003150018
0.0001228785
0.0003206548
0.0001369177
0.0002777553
0.0001159513
0.0002922489
0.0001466368
0.0003078659
8.979507e-05
0.000322773
0.0001281977
0.0002998944
0.0001030666
0.0002934887
0.0001215908
0.0002785573
0.000131925
0.0003020935
8.664777e-05
0.0003211384
0.0001245473
0.0001774631
0.0002621922
0.0001769382
0.0002687805
0.0001706429
0.0002754395
0.0001720442
0.0002560083
0.0001414857
0.0002675103
0.0001866542
0.000254726
0.0001706217
0.0002839414
0.0001682381
0.0002760349
0.0001402935
0.0002838237
8.558496e-05
0.000252158
0.0001561791
0.0002757549
0.0001379762
0.0003004503
0.0001385866
0.0002407636
0.0001412131
0.0002575231
0.0001159975
0.0002394459
0.0001306487
0.0003001625
0.0001024185
0.0002930698
0.0001281442
0.0002889738
8.795995e-05
0.000267848
9.579084e-05
0.0003097208
9.865589e-05
0.0002885897
0.0001105143
0.0002864479
6.536192e-05
0.0002932976
0.0001302189
0.0002821413
9.006308e-05
0.000304979
8.889746e-05
0.0003208188
0.0001057318
0.0002576454
0.0001095534
0.0002804669
0.0001483742
0.0002942892
0.0001331957
0.0002740941
0.0001400118
0.0001739053
0.0002888087
0.0001276947
0.0002435961
0.0001624976
0.0002793923
0.0001152806
0.0002771723
0.0001210551
0.0002649377
0.0001698385
0.0002727183
0.0001426011
0.0002434809
0.0001333662
0.0002482353
9.611742e-05
0.0002800005
0.0001458785
0.000254749
0.0001656288
0.0002234917
8.836446e-05
0.0002952351
0.0001451062
0.0002859681
0.0001148449
0.0002456961
0.0001555601
0.0002564192
0.0001222671
0.0002941326
8.798638e-05
0.000280847
9.470298e-05
0.0003095499
8.24048e-05
0.000308245
0.0001040978
0.000285939
0.0001007819
0.0002666261
0.0001154539
0.0002732938
9.613674e-05
0.0002729545
0.0001457905
0.0002936135
0.0001094427
0.0002942646
9.209017e-05
0.0003169191
6.774868e-05
0.0002985734
7.339729e-05
0.000251218
0.0001220361
0.000304858
0.0001176684
0.0002644821
0.0001012919
0.0002901106
0.0002509179
0.0001177155
0.0002805255
0.0001303302
0.0002601305
0.0001249204
0.0002577302
7.651637e-05
0.0002663132
0.0001401104
0.000279905
0.0001166834
0.0002474825
0.0001252629
0.0002230508
0.0001378328
0.0002616275
0.0001274104
0.0002691932
0.0001179722
0.0002407621
0.0001315424
0.0002623006
9.606841e-05
0.0002638448
0.0001036094
0.0002533738
0.0001461359
0.0002589015
8.466426e-05
0.0002834266
0.0001171759
0.0002959306
9.868854e-05
0.000266448
0.000132199
0.0002399549
0.0001126972
0.0002624545
0.0001362007
0.0002749416
5.967618e-05
0.0002724272
9.616692e-05
0.0002658997
0.0001036518
0.0002673854
0.0001161131
0.0002408507
0.0001035858
0.0002433131
9.204849e-05
0.0002627881
0.0001005164
0.0002672226
0.0001129506
0.0002446726
8.740819e-05
0.0002801274
8.483413e-05
0.0002405505
0.0002292493
0.0001449656
0.0002396735
0.0001093686
0.0002440867
0.0001097849
0.0002544745
0.0001351644
0.0002468609
0.0001085672
0.0002492647
9.49648e-05
0.0002336474
0.0001203212
0.0002410081
0.0001126979
0.0002213821
9.506535e-05
0.0002567441
0.0001474249
0.0002161026
8.578521e-05
0.0002594689
0.0001161452
0.0002368309
0.0001294938
0.0002621714
0.0001298401
0.0002415108
9.218076e-05
0.0002318474
7.152053e-05
0.0002431667
9.783321e-05
0.0002374836
0.0001091336
0.0002317803
7.142829e-05
0.0002640716
7.171897e-05
0.000230358
0.0001260107
0.0002176424
8.029351e-05
0.0002219304
8.357556e-05
0.000249205
9.784086e-05
0.0002074774
8.211234e-05
0.0002457394
4.937399e-05
0.0002439959
0.0001326337
0.000242252
0.0001048765
0.0002604957
7.211053e-05
0.0002357189
6.035061e-05
0.0002719611
0.0002195739
9.317867e-05
0.0002307964
6.840238e-05
0.0002340161
6.661592e-05
0.0002352289
7.782873e-05
0.000215429
0.0001240317
0.0001826409
8.322988e-05
0.0002318305
6.041082e-05
0.0002860099
8.158775e-05
0.0002181681
9.474293e-05
0.0002803374
0.0001169124
0.0002834906
0.0001650707
0.0002876559
0.0001722288
0.0003198075
0.0002653831
0.0003749574
0.0002975349
0.0002140934
6.466011e-05
0.0002952221
0.0001277868
0.0002553406
9.590471e-05
9.145629e-05
0.0005030148
0.002126571
0.002714131
0.003068687
0.003888243
0.004472803
0.003398357
0.002712921
7.746335e-05
-0.002885991
-0.004529476
-0.003617944
-0.002188421
-0.001141887
0.002292636
0.004990193
0.002164747
0.00414428
0.003778828
0.000538392
-0.00411008
-0.01012955
-0.01310908
-0.01267959
-0.01139313
-0.009552643
-0.008647082
-0.005853602
0.0005359315
0.005160455
0.006645008
0.007021567
0.002755136
-0.01227331
-0.02276289
-0.02009947
-0.01783399
-0.02383956
-0.01317914
-0.002593696
0.008996834
0.03017743
0.0301541
0.001935769
-0.01591386
-0.02739039
-0.03388304
-0.02976371
-0.01929131
-0.01348886
-0.007142371
0.00186108
0.01112661
0.02136022
0.01271289
-0.01207254
-0.02324337
-0.02382703
-0.02279246
-0.01765016
0.001933351
0.009636863
-0.002231617
-0.003689308
0.01499017
0.02724069
0.03008018
0.03637675
0.02480836
0.009578877
0.001097274
-0.008993197
-0.0276639
-0.04175266
-0.04081128
-0.02499017
0.009507273
0.03725772
0.04909838
0.05038786
0.06388757
0.06059441
0.02439184
0.0008912983
-0.009772426
-0.02070004
-0.01879981
-0.01497635
-0.02212405
-0.02581378
-0.0139203
-0.008929947
0.005732502
0.007812072
-0.007896473
-0.01489213
-0.01702879
-0.01743647
-0.01277004
-0.01877067
-0.02246641
-0.008005273
0.01281216
0.03624852
0.04777136
0.04781985
0.0595122
0.06356393
0.03841058
0.009989096
-0.01170467
-0.02424635
-0.03255819
-0.03993801
-0.03534976
-0.02429762
-0.008389343
0.01719096
0.02756157
0.04014596
0.04624489
0.03904042
0.02363852
0.02855688
0.02959231
0.009325747
0.008307961
0.01323935
0.01292069
0.02542805
0.02809246
0.01883888
0.0195222
0.01851865
0.009683937
0.01991225
0.02655378
0.01203327
0.004709441
0.009237869
0.001105193
-0.002657445
0.0009938723
-0.008727687
-0.01302852
-0.005873107
-0.01419877
-0.01861244
-0.01613619
-0.01947978
-0.02945355
-0.02517733
-0.02087812
-0.01943084
-0.009094474
0.004584834
0.005448259
0.01386254
0.01788
0.005903338
0.007114597
0.01576791
0.02077627
0.0246326
0.03033099
0.03547041
0.03930183
0.02846046
0.006553788
-0.01113391
-0.02296768
-0.03631838
-0.04455733
-0.0469572
-0.04065209
-0.02236498
-0.005327702
0.01433755
0.02464405
0.02655239
0.03474684
0.03654441
0.01737388
-0.00242185
-0.006625751
-0.01121452
-0.008336308
0.006003919
0.01280029
0.01497356
0.02852987
0.0299583
0.02851766
0.0359771
0.01956048
-0.001464182
-0.002580043
-0.007356619
-0.01970242
-0.0274961
-0.03833004
-0.05298686
-0.05603163
-0.05607859
-0.04343854
-0.02261445
-0.00284913
0.01968412
0.03082071
0.03030914
0.02989845
0.02553692
0.009478237
-2.350436e-05
-0.008805312
-0.01342517
-0.009532064
-0.004264858
0.002445417
0.0084527
0.00977202
0.009387292
0.01173057
0.006747902
0.0016951
0.005358298
0.006850524
0.01424072
0.02193005
0.0283814
0.02705275
0.02812001
0.03251048
0.024971
0.009157161
-0.000253433
-0.0216572
-0.04356509
-0.04296208
-0.05077185
-0.05603999
-0.04778897
-0.04673171
-0.04245583
-0.01877882
0.0142244
0.02719303
0.0268664
0.029222
0.02417336
0.01906539
0.01474675
-0.0001240832
-0.008764837
-0.01280266
-0.01944741
-0.02633333
-0.02563619
-0.02087297
-0.01740689
0.001877292
0.02111055
0.02059393
0.01387315
0.02155345
0.01769982
0.01015093
0.01313527
-0.001642501
-0.01386732
-0.008851217
-0.01106593
-0.02010085
-0.01418771
-0.01965844
-0.02468239
-0.01443335
0.00908776
0.01461617
0.01470821
0.03879064
0.04522506
0.0409791
0.05074541
0.04765775
0.03740204
0.03823818
0.03753659
0.02401788
0.00671617
-0.004402746
-0.02021552
-0.02350158
-0.02192739
-0.02810737
-0.0120544
0.006514829
0.01220607
0.03815923
0.04964086
0.01857119
0.008497379
-0.0004674521
-0.01548224
-0.01308129
-0.01056403
-0.01514791
-0.01008972
-0.007234499
-0.02273522
-0.0182183
-0.01382588
-0.03195896
-0.02266794
-0.01036057
-0.01585835
-0.01647917
-0.01695094
-0.02018378
-0.02367256
-0.0279815
-0.02734836
-0.02402714
-0.02730402
-0.01844193
-0.01470768
-0.01972753
-0.01018346
0.003647797
0.003931124
0.005195362
-0.01157321
-0.03986923
-0.03996727
-0.03237719
-0.02437412
-0.01506205
-0.001265829
-0.001044598
0.008664543
0.01698388
0.01138026
-0.005541586
-0.009342545
-0.004112468
0.005342714
0.01073895
0.007833225
0.008154418
-0.0001953237
-0.002084253
-0.0008229921
-0.003584863
-0.004144656
0.003512525
-0.005129029
-0.019622
-0.02235776
-0.03646558
-0.05289152
-0.05038179
-0.05822764
-0.05726166
-0.03806862
-0.03282852
-0.01777153
0.005733515
0.03842501
0.02362651
0.03646056
0.05229712
0.02800376
0.003249874
-0.01309987
-0.02702297
-0.02688397
-0.01505003
-0.00593464
-0.01625537
-0.02607707
-0.02604996
-0.0470535
-0.06383651
-0.07061717
-0.08993533
-0.1036742
-0.09687002
-0.1046737
-0.1240268
-0.1287028
-0.1308747
-0.1243526
-0.1253969
-0.1184529
-0.1193342
-0.1309141
-0.123354
-0.1246397
-0.1399575
-0.1540484
-0.1663706
-0.1834506
-0.1932473
-0.1968163
-0.2094204
-0.2196816
-0.2229656
-0.2314949
-0.2368039
-0.2409143
-0.2474802
-0.2417711
-0.2086921
-0.16108
-0.09496952
-0.01422005
0.0186422
0.02515971
0.07682331
0.1118601
0.1308801
0.1665969
0.1847979
0.1816718
0.1949811
0.23814
0.2641503
0.2640677
0.2682365
0.287243
0.2649509
0.2258542
0.2205351
0.1829429
0.1338986
0.109926
0.06908204
0.04148079
0.05468272
0.03007914
0.0001269163
-0.0123694
-0.02419153
-0.02223412
0.007993735
0.04131415
0.09563809
0.1832306
0.2538962
0.2744997
0.2921357
0.3340571
0.3351906
0.3037942
0.2983103
0.298417
0.2836773
0.2720789
0.2651204
0.2317853
0.1971993
0.173527
0.1439557
0.1214663
0.09541236
0.07456271
0.07321511
0.07462473
0.06720864
0.06820522
0.06161319
0.05218493
0.03497499
0.01359756
0.009044245
-0.007973911
-0.02821414
-0.04754427
-0.08043734
-0.1269136
-0.1691224
-0.206249
-0.2518861
-0.2794872
-0.2939012
-0.3064414
-0.305669
-0.2841564
-0.2706786
-0.250893
-0.2201124
-0.1556197
-0.1280578
-0.1447457
-0.1290286
-0.1069193
-0.1302041
-0.1506944
-0.1523063
-0.1257821
-0.080518
-0.03965398
-0.01781912
-0.01777687
-0.02519456
-0.03183177
-0.03413503
-0.02116148
0.026741
0.1024075
0.1795371
0.2581099
0.3244105
0.3727287
0.3931047
0.3699394
0.3461971
0.3403417
0.3135329
0.2904875
0.2588774
0.2652529
0.2614213
0.2311081
0.2034381
0.1833259
0.1664357
0.1383056
0.1123537
0.0803928
0.02018731
-0.02957671
-0.06005221
-0.1124321
-0.1901927
-0.2421481
-0.2908399
-0.3474157
-0.3884448
-0.4201007
-0.4590952
-0.4854955
-0.4929353
-0.4988798
-0.5023881
-0.4850763
-0.4298744
-0.3268286
-0.149544
-0.03237855
0.2500815
0.4123248
0.3668233
0.290084
0.368047
0.5158998
0.6481526
0.7392465
0.720338
0.5768746
0.4215625
0.3435127
0.2975207
0.2374459
0.08383098
-0.08184259
-0.2489939
-0.3826593
-0.3691305
-0.2953973
-0.3061376
-0.3743464
-0.3836201
-0.3340933
-0.285292
-0.263333
-0.2348544
-0.2053546
-0.161478
-0.09165304
-0.05952048
-0.02114946
0.01958107
0.08773431
0.1376358
0.1266261
0.07510139
0.001358822
-0.1073941
-0.2215104
-0.29334
-0.3218038
-0.3398788
-0.3741838
-0.3991534
-0.4049785
-0.4049191
-0.4101292
-0.4160581
-0.4270184
-0.4368375
-0.4231093
-0.3801193
-0.3193303
-0.2543495
-0.1966713
-0.1338922
-0.0703198
-0.02588762
-0.002620951
0.009126044
0.03804537
0.06655433
0.1163793
0.2137562
0.3176151
0.3927943
0.4199403
0.3830055
0.3411739
0.3404886
0.3569561
0.3770255
0.4009958
0.372278
0.2730975
0.1816259
0.1169718
0.05442858
-0.01024097
-0.04953371
-0.05768551
-0.07726537
-0.06971851
-0.01763608
0.04403808
0.08312473
0.07949349
0.03172785
0.008714213
0.008501417
0.002524031
-0.01727667
-0.0492439
-0.1078649
-0.1671476
-0.1889808
-0.1856717
-0.1797493
-0.1766873
-0.1779185
-0.1677446
-0.1517503
-0.1367395
-0.107135
-0.06986011
-0.0357036
-0.000155422
0.02751941
0.0284029
0.01888258
0.01433194
0.003859536
-0.01832
-0.04566682
-0.07240967
-0.09816706
-0.125776
-0.1459729
-0.1543671
-0.1493747
-0.1469342
-0.1323104
-0.08568419
-0.001964598
0.09642586
0.1767332
0.2469452
0.2962195
0.3316387
0.3802852
0.4267911
0.4310622
0.4146402
0.4015592
0.3865562
0.3752506
0.3640729
0.3465054
0.2959003
0.2179861
0.115364
-0.001592437
-0.1015458
-0.161059
-0.1787368
-0.1853924
-0.211782
-0.2534353
-0.2487885
-0.1996976
-0.1656582
-0.1569896
-0.1467193
-0.1384662
-0.1358768
-0.1326142
-0.1278418
-0.1362164
-0.1515582
-0.1537568
-0.1577266
-0.1717078
-0.1853007
-0.1864749
-0.1863059
-0.1870487
-0.1610032
-0.1212546
-0.08009098
-0.02568743
0.03996865
0.07379192
0.0880501
0.1187271
0.1561097
0.1638448
0.1549765
0.147704
0.1368825
0.1366955
0.1330402
0.1130358
0.1068722
0.1161206
0.1238804
0.1016984
0.08433188
0.07866015
0.06746581
0.06021532
0.04466006
0.02073833
0.02363977
0.02781843
0.00965413
-0.004136579
-0.01270585
-0.03595345
-0.06449592
-0.07958865
-0.09456321
-0.1165382
-0.1282662
-0.1283958
-0.1241648
-0.1176717
-0.08777509
-0.03755644
0.00937468
0.05863025
0.09860419
0.1071016
0.1012374
0.09382111
0.0887209
0.06972548
0.04249435
0.01114988
-0.02803137
-0.06599403
-0.08620148
-0.1109182
-0.1358638
-0.1505185
-0.1589184
-0.1562706
-0.1405896
-0.1142806
-0.0791338
-0.02786114
0.03632597
0.08626405
0.1078014
0.1312917
0.1685973
0.1822052
0.174052
0.1681931
0.1511802
0.1163139
0.07086082
0.0323803
0.006799708
-0.004849995
-0.02441552
-0.03646223
-0.03430394
-0.02876248
-0.01159133
0.02783329
0.0604889
0.07010669
0.06880128
0.06959006
0.07511058
0.08664128
0.08623109
0.07015007
0.0567095
0.0664208
0.07994246
0.07520817
0.0798687
0.08151336
0.0814428
0.1014356
0.1240214
0.1270251
0.1216899
0.1240148
0.1226628
0.1077916
0.07912659
0.06520737
0.05082023
0.03608039
0.006628385
-0.02414033
-0.04835358
-0.06271825
-0.07669052
-0.09170136
-0.1074318
-0.1105653
-0.109584
-0.08526962
-0.08696108
-0.06924674
-0.03777408
-0.04871953
-0.02745035
0.006399505
0.03403588
0.06745083
0.09807741
0.1306454
0.1533693
0.1635787
0.1679038
0.1521465
0.1387606
0.1188806
0.0886868
0.05694423
0.04255519
0.01656079
-0.005504485
-0.02233911
-0.02629937
-0.03758884
-0.05767716
-0.05323975
-0.04731893
-0.06114243
-0.06861984
-0.06528111
-0.07451937
-0.08817793
-0.08910052
-0.09197292
-0.08573384
-0.0466634
-0.02631877
-0.00954999
0.0296435
0.05472556
0.08682325
0.1081045
0.1031715
0.1001275
0.1216394
0.1289033
0.1231575
0.1075176
0.09098269
0.07196451
0.05070739
0.0410072
0.04079703
0.03300646
0.009003258
0.02212669
0.04110269
0.03026743
0.02233229
0.02745501
0.02399704
0.02123366
0.02021877
0.003481559
-0.02037741
-0.03626385
-0.04839185
-0.06864648
-0.09479869
-0.106615
-0.1113463
-0.1113989
-0.1010373
-0.08945459
-0.07509001
-0.04989337
-0.02325957
-0.0122784
-0.01906254
-0.01941677
-0.008340958
-0.008324924
-0.02498709
-0.03320356
-0.02874902
-0.01494818
0.01415429
0.04927628
0.08710398
0.1269762
0.1502063
0.1629549
0.1788662
0.1820012
0.165333
0.1285502
0.07936286
0.01882261
-0.04485331
-0.07305345
-0.08719056
-0.1023429
-0.1179639
-0.1445545
-0.1542391
-0.1353885
-0.1202637
-0.1201682
-0.1159306
-0.09611575
-0.07063891
-0.05774992
-0.04929286
-0.0550008
-0.06043586
-0.0647393
-0.07403937
-0.08638704
-0.1033432
-0.1065565
-0.09864076
-0.09629872
-0.096575
-0.08800429
-0.07802852
-0.06474331
-0.06246041
-0.06636342
-0.06777966
-0.0612326
-0.06356373
-0.06852494
-0.07100121
-0.07461497
-0.08201831
-0.0817075
-0.06990297
-0.05909287
-0.04706539
-0.02478942
0.001593274
0.01607452
0.04071517
0.06339062
0.08110954
0.09119102
0.09533206
0.09540889
0.09035397
0.07803384
0.06126381
0.04766483
0.04087564
0.03764958
0.0353243
0.04396531
0.06133506
0.07541611
0.08752093
0.1052953
0.1169093
0.1227235
0.1332245
0.1436043
0.1492785
0.1488383
0.1447156
0.1394529
0.1302901
0.1208421
0.1145343
0.1051845
0.1004437
0.0984045
0.09811583
0.08838604
0.07843518
0.07724315
0.07758645
0.07114608
0.06224933
0.05074961
0.03231596
0.01248266
-0.003761041
-0.02058126
-0.04296698
-0.06387338
-0.08068127
-0.09144837
-0.09686138
-0.09812269
-0.09413181
-0.08114889
-0.06162602
-0.04302612
-0.02418115
-0.003637931
0.01897901
0.03823629
0.05357935
0.06924256
0.07759171
0.09070519
0.08942554
0.07469658
0.06510278
0.06432393
0.05364526
0.04168922
0.03929037
0.03826958
0.03549275
0.04116056
0.04894476
0.05787483
0.06836011
0.0697742
0.06825355
0.06926677
0.06965819
0.06583114
0.0589066
0.05154672
0.03727127
0.0194962
0.006138629
-0.00352147
-0.01570105
-0.03323911
-0.04376271
-0.05271691
-0.05930152
-0.07087555
-0.08222422
-0.09226454
-0.09970325
-0.1104192
-0.117096
-0.1195502
-0.1251051
-0.1270142
-0.1192512
-0.1091487
-0.1068895
-0.1082087
-0.1080385
-0.1116163
-0.1155333
-0.115575
-0.1139021
-0.1089562
-0.09449832
-0.07089889
-0.04705696
-0.02281362
0.002499459
0.02239397
0.03586622
0.04437487
0.04756123
0.04565249
0.04404083
0.03818123
0.02797558
0.0172858
0.009784088
0.00588829
-0.0001684258
-0.007478249
-0.007515053
-0.004905849
-0.007560592
-0.00851842
-0.005063219
0.002842017
0.01331936
0.01888566
0.01889607
0.01969336
0.01848884
0.009383112
0.0001785334
-0.00432228
-0.00942681
-0.01903559
-0.02722713
-0.035687
-0.04780952
-0.05773642
-0.06379597
-0.07737107
-0.09751872
-0.1098274
-0.1136642
-0.1231401
-0.132943
-0.1369559
-0.1349818
-0.129458
-0.121191
-0.1079546
-0.09364954
-0.07918328
-0.06477313
-0.05542968
-0.04553254
-0.03268126
-0.02484794
-0.02086027
-0.01296702
-0.005893487
-0.004028197
-0.003961702
-0.006975407
-0.007277035
-0.003886737
-0.005607296
-0.005041078
0.004597327
0.01007169
0.007302149
0.006417444
0.01167188
0.01399828
0.01515065
0.0141031
0.01234051
0.009441992
0.004667397
-0.004364055
-0.02014471
-0.03864827
-0.05372696
-0.06876956
-0.08809448
-0.09665538
-0.09528617
-0.097954
-0.09669423
-0.08392117
-0.06999839
-0.05817929
-0.04136785
-0.02143468
-0.00730805
0.002684169
0.01427577
0.02663008
0.03508765
0.04392799
0.05304967
0.05192322
0.04596874
0.04349221
0.03707687
0.02823125
0.02501652
0.02730093
0.0234904
0.02040677
0.02589316
0.02864568
0.02774421
0.02770678
0.02110526
0.008207886
-0.006254736
-0.02199721
-0.03775997
-0.04836054
-0.05957964
-0.06986333
-0.07567868
-0.07994337
-0.08490804
-0.08968978
-0.09007737
-0.08958913
-0.09015294
-0.08612382
-0.07890822
-0.07066315
-0.05754073
-0.04164056
-0.03442197
-0.01930093
-0.001187293
0.01842693
0.03251161
0.04818379
0.06647858
0.08116893
0.09547362
0.1100121
0.1213291
0.1323507
0.1441502
0.14974
0.1448531
0.132731
0.1136057
0.08959661
0.06034038
0.02326411
-0.0176538
-0.05109737
-0.06611739
-0.07886992
-0.0992807
-0.1130505
-0.1147926
-0.1072575
-0.09975794
-0.09592271
-0.0940154
-0.08795728
-0.07972576
-0.07356663
-0.06764241
-0.05251544
-0.03085269
-0.007902662
0.01776712
0.03928835
0.05798717
0.07619542
0.09731754
0.1115981
0.1166808
0.1292032
0.1455253
0.152153
0.153092
0.1553286
0.1546977
0.1511235
0.1493758
0.1451416
0.135413
0.1249418
0.1152041
0.1021029
0.08685843
0.07322721
0.05890736
0.05157016
0.03682058
0.01918336
0.001581619
-0.01202369
-0.02629751
-0.03850294
-0.04508056
-0.05129799
-0.05717373
-0.05816023
-0.05759383
-0.05969631
-0.06284708
-0.0606107
-0.05547818
-0.04641585
-0.02920741
-0.01528988
-0.009252265
-0.001307783
0.006249883
0.00896745
0.012749
0.01740055
0.01977616
0.0228887
0.02722424
0.03403577
0.04269949
0.04848716
0.0491357
0.04842736
0.05076501
0.05036675
0.04497334
0.04082101
0.04010068
0.03603943
0.03018383
0.02692653
0.02418406
0.01823385
0.01113034
0.003841105
-0.005499441
-0.01369071
-0.02251625
-0.03242152
-0.04294718
-0.05204457
-0.05733423
-0.0599066
-0.06231456
-0.06761292
-0.0743901
-0.08013148
-0.08678703
-0.09155049
-0.09299294
-0.09642537
-0.0992841
-0.1001156
-0.1013609
-0.1046994
-0.108787
-0.1089236
-0.1053061
-0.1010988
-0.0984935
-0.08997729
-0.07352737
-0.05745315
-0.04019844
-0.01941615
-0.0002362784
0.01874713
0.03272514
0.04203366
0.05197447
0.06014405
0.06427303
0.06513065
0.06511847
0.06690711
0.06482324
0.05767691
0.04824138
0.03945095
0.03362657
0.03207008
0.03146569
0.03092022
0.0310039
0.03396039
0.04250501
0.04504162
0.04624936
0.04824399
0.04470164
0.04403016
0.04951596
0.05543656
0.0573331
0.06225868
0.06519945
0.06596308
0.0672577
0.07073028
0.07571314
0.08063678
0.08644134
0.09144206
0.09811692
0.1042528
0.1028147
0.09362763
0.08329388
0.07168668
0.05671771
0.04122952
0.03025588
0.02217161
0.01825603
0.0124568
0.006501283
-0.001929989
-0.007542556
-0.009523849
-0.01328337
-0.01933168
-0.0238732
-0.02832555
-0.03387922
-0.03233673
-0.02411414
-0.0171186
-0.00935204
0.004691498
0.01642918
0.02440582
0.03324058
0.04223126
0.05055488
0.05933161
0.06633645
0.07123731
0.07528505
0.076253
0.07219509
0.06520608
0.05258448
0.0327765
0.01342894
0.004213851
-0.01478863
-0.03608182
-0.05225562
-0.061432
-0.06836152
-0.07238797
-0.07194865
-0.07026911
-0.06759363
-0.06304009
-0.0572698
-0.04863326
-0.03935954
-0.02684803
-0.01107237
0.003922289
0.01330509
0.01965582
0.02659064
0.03237947
0.03426627
0.02721921
0.0181669
0.01250071
0.005855387
-0.004265791
-0.0136563
-0.02509658
-0.03564096
-0.04309931
-0.04558183
-0.04916815
-0.0518556
-0.05154202
-0.04583559
-0.04074091
-0.03905922
-0.03807957
-0.03614398
-0.03652734
-0.03623473
-0.03314113
-0.03000762
-0.02617303
-0.01932531
-0.01134971
-0.004684019
0.006372601
0.01982842
0.0228913
0.02112413
0.02029695
0.0161787
0.008144556
-0.001114789
-0.00928002
-0.01885445
-0.0258618
-0.03056341
-0.03289981
-0.03272411
-0.03096049
-0.02856387
-0.02767622
-0.02708757
-0.02369496
-0.01833832
-0.01444956
-0.01513677
-0.020693
-0.0275764
-0.03119678
-0.03248318
-0.03410357
-0.03413812
-0.03052958
-0.02284489
-0.01329229
-0.005207576
0.001308093
0.00958384
0.01629166
0.01568753
0.01235138
0.009808106
0.001859993
-0.007699383
-0.01762557
-0.02940309
-0.04146343
-0.04887954
-0.05381303
-0.05613285
-0.0578253
-0.05316257
-0.04335904
-0.03418922
-0.02683167
-0.01912094
-0.01382835
-0.009644552
-0.00549998
-0.001701203
0.001216367
0.006607131
0.01387372
0.01823556
0.02222819
0.02647789
0.02836454
0.0286473
0.02938397
0.03029867
0.03123536
0.03283314
0.03397686
0.0345445
0.03270629
0.02771702
0.01825983
0.006489459
-0.00463081
-0.009037266
-0.01704754
-0.02346089
-0.03104216
-0.03951458
-0.04477889
-0.04844025
-0.05305358
-0.0581101
-0.0615495
-0.06263575
-0.06202021
-0.05852162
-0.05341111
-0.0456994
-0.03503689
-0.02440622
-0.01472664
-0.007046787
-0.001898168
0.0001166218
-0.001234736
-0.005645953
-0.01112037
-0.01444273
-0.01385622
-0.008965517
0.0005169623
0.01168473
0.02370831
0.02871215
0.03403176
0.0366878
0.03901241
0.04043596
0.04271758
0.04432332
0.04795191
0.05700957
0.0665152
0.07196913
0.07510985
0.07546344
0.07352621
0.07075599
0.06519079
0.05631943
0.04588622
0.03712993
0.02921963
0.02420809
0.02306781
0.01891343
0.01562914
0.0161067
0.01406846
0.01010308
0.008471795
0.006159368
0.002144107
-0.001531315
-0.002908623
-0.00480402
-0.006881332
-0.008542771
-0.01127308
-0.01499645
-0.01712677
-0.0181122
-0.01669754
-0.01389391
-0.0138202
-0.01685161
-0.01926194
-0.02208128
-0.02596063
-0.02865406
-0.02972746
-0.02899287
-0.02548429
-0.02221373
-0.01951312
-0.01475742
-0.01008281
-0.008759139
-0.004693565
0.002609121
0.005761774
0.007956464
0.01009516
0.00957182
0.008579506
0.005939178
0.002235856
-0.001677536
-0.00470992
-0.005905354
-0.003691777
0.003246878
0.01105848
0.01864116
0.02604379
0.03274946
0.03678118
0.03464997
0.0281167
0.01971629
0.008562038
-0.003656401
-0.01159674
-0.0167152
-0.0197726
-0.02097312
-0.01879452
-0.01453988
-0.007260299
0.002887335
0.008868026
0.01159969
0.01359042
0.01216111
0.005219861
0.0005154496
-0.00768676
-0.01809621
-0.03152346
-0.04423798
-0.05314134
-0.06026115
-0.06675559
-0.06949681
-0.07078525
-0.07120372
-0.06944021
-0.06672356
-0.06427006
-0.06144157
-0.05547611
-0.04873735
-0.04380488
-0.03631427
-0.02648481
-0.01870806
-0.01316654
-0.008921837
-0.007100278
-0.007189558
-0.008640029
-0.009047382
-0.007205897
-0.003588267
0.003064197
0.007489878
0.01803734
0.02780305
0.03713057
0.0449574
0.05016299
0.05373079
0.05478945
0.05357549
0.04979717
0.04202556
0.03286523
0.02480779
0.01767641
0.01249492
0.008277543
0.003973079
0.00306364
0.004421201
0.003297808
0.001508373
-5.012701e-08
-0.001678481
-0.00321993
-0.003689386
-0.003794847
-0.003347271
-0.001081746
0.001121841
0.002316369
0.005411964
0.0067615
0.007767098
0.008896613
0.01228817
0.01768866
0.02407629
0.03082282
0.03742846
0.04294605
0.04700793
0.05089356
0.052358
0.05046365
0.04806827
0.04492692
0.04071644
0.03830006
0.03727969
0.03599131
0.03454176
0.03307842
0.03118599
0.02796863
0.0261001
0.02603374
0.02585634
0.024932
0.02483341
0.02569611
0.02333962
0.02108436
0.01568487
0.008661606
-0.001069941
-0.01016525
-0.01961684
-0.02823321
-0.0359379
-0.04290932
-0.04807301
-0.05142149
-0.05288353
-0.05237202
-0.05218917
-0.05190967
-0.04952714
-0.04739663
-0.04669504
-0.04580257
-0.04368112
-0.04139766
-0.03910604
-0.0351046
-0.03086707
-0.02614766
-0.01913408
-0.01091265
-0.002171073
0.007024423
0.01512702
0.02171754
0.02434319
0.02876573
0.03020332
0.02737393
0.02281256
0.01544515
0.007387617
0.001777163
-0.003159364
-0.008814846
-0.01266841
-0.01262494
-0.01241551
-0.01158405
-0.008845499
-0.005589033
-0.001898503
0.001199977
0.004685512
0.006493037
0.005109595
0.003410082
0.004504571
0.006348073
0.007546593
0.009754114
0.009841646
0.008879193
0.005514739
0.0009952526
-0.00116827
-0.006843714
-0.01437029
-0.01725083
-0.01746038
-0.01881493
-0.01750454
-0.01488707
-0.01357757
-0.01227609
-0.01116162
-0.01162611
-0.01371964
-0.01557515
-0.01763979
-0.02115433
-0.02250379
-0.02151735
-0.02154487
-0.02185645
-0.02108496
-0.01934456
-0.01621612
-0.0133147
-0.009892193
-0.004929787
0.0009427393
0.004110176
0.007484697
0.01008819
0.007238739
0.005792175
0.005548655
0.003386111
-0.0002784288
0.0007649613
0.002410446
0.001777862
0.003009327
0.006133731
0.008008211
0.009065627
0.01197411
0.01539456
0.01646507
0.01711553
0.01720609
0.01438761
0.008774009
0.002578489
-0.004173112
-0.009410692
-0.01151132
-0.01240793
-0.01188857
-0.008109191
-0.00548873
-0.003823338
-0.0003678943
0.001058537
0.001825987
0.002475411
0.001560858
0.0008282524
0.003145665
0.00553908
0.006249519
0.009118923
0.01190041
0.01073787
0.008532322
0.006278762
0.002665175
-0.0009574281
-0.003461055
-0.004542683
-0.004940309
-0.003182962
-5.554413e-05
0.001501855
0.002651273
0.004100674
0.004173106
0.002240498
-0.0002420974
-0.001111735
-0.0002753428
-0.0005259854
0.001459383
0.006098735
0.01013215
0.01357354
0.01533096
0.01795136
0.01944485
0.01991128
0.02071063
0.02030806
0.01938447
0.01919791
0.01790528
0.01528774
0.01288516
0.009961618
0.004016981
-0.004295578
-0.01153628
-0.01797789
-0.02279862
-0.02574928
-0.02852613
-0.02923286
-0.02753441
-0.02553713
-0.02215081
-0.01690152
-0.01221011
-0.008308815
-0.004111448
0.00230487
0.007924305
0.009202674
0.008986092
0.009865433
0.009994847
0.007863206
0.00713361
0.006274964
0.003641291
0.002071599
0.003171926
0.005012242
0.006473615
0.007923931
0.00834532
0.00761264
0.007992969
0.007893304
0.006926647
0.008037944
0.009556296
0.01020661
0.01177202
0.01367136
0.01570563
0.01693197
0.01728732
0.01788165
0.01890598
0.02038831
0.02171169
0.02225804
0.02266933
0.02367668
0.02447504
0.02344044
0.02013676
0.01692713
0.01361947
0.009685815
0.006481039
0.004381375
0.003279633
0.002905983
0.001224252
-0.0008254032
-0.002309144
-0.005499801
-0.009499552
-0.01092726
-0.01153705
-0.01165378
-0.01030052
-0.008316245
-0.006948992
-0.005623699
-0.002950389
-0.002006069
-0.003196771
-0.003729457
-0.004584153
-0.007627841
-0.009323607
-0.0113413
-0.01264003
-0.01384174
-0.01462151
-0.01408723
-0.01491595
-0.01710367
-0.01825349
-0.01927221
-0.02105292
-0.02214767
-0.02297045
-0.02379625
-0.02371502
-0.02113385
-0.01736166
-0.01317647
-0.008213153
-0.0046559
-0.002722598
6.364169e-05
0.002353954
0.003554219
0.004103563
0.00465382
0.005326065
0.004566321
0.004107577
0.005457829
0.005788094
0.005515346
0.004775618
0.003434886
0.0008511294
-0.002097604
-0.004330379
-0.006938119
-0.01033591
-0.01310766
-0.0148295
-0.0165803
-0.01738704
-0.01676484
-0.01525364
-0.01284145
-0.009674215
-0.006124035
-0.003346793
-0.00130459
0.001202668
0.00312987
0.004000124
0.00618633
0.00808959
0.008594815
0.009717111
0.01078935
0.009241564
0.005481822
0.0008310211
-0.001777736
-0.006942533
-0.01250932
-0.01655821
-0.01945702
-0.02147483
-0.02200169
-0.02051753
-0.01756343
-0.01346322
-0.008610089
-0.002601866
0.002055314
0.004844565
0.00756976
0.007646022
0.006461208
0.006159418
0.005384626
0.003741845
0.002569021
0.0004752183
-0.002902616
-0.004890456
-0.006414323
-0.006934172
-0.005416075
-0.001737904
0.002021234
0.006462431
0.01283055
0.0157618
0.01956293
0.02259814
0.02600029
0.02797357
0.02925774
0.03084189
0.03102508
0.0314263
0.03245548
0.03248267
0.03269785
0.03291416
0.03132535
0.02864542
0.02663062
0.02467879
0.021012
0.0183991
0.01621132
0.01235647
0.008348628
0.005721706
0.00332085
0.002262931
0.004123046
0.007094161
0.009965308
0.0136235
0.01664971
0.0171788
0.016868
0.01574515
0.01224637
0.007521459
0.003619645
0.0004957223
-0.001708129
-0.00204206
-0.001716896
-0.00243881
-0.002571648
-0.003138548
-0.003957378
-0.004438313
-0.005899133
-0.008262038
-0.01042688
-0.01248581
-0.01493467
-0.0159426
-0.01690345
-0.01873043
-0.02002731
-0.02106319
-0.02408006
-0.02737104
-0.02938696
-0.03201691
-0.03383989
-0.03400406
-0.03330905
-0.03053472
-0.02616974
-0.02081159
-0.0150426
-0.009187414
-0.003059399
0.002644793
0.00668085
0.009377015
0.01098908
0.01145225
0.01118232
0.01144044
0.01264749
0.01429968
0.01689172
0.0192618
0.02147086
0.02362001
0.0253251
0.0260802
0.02573731
0.02481047
0.02459655
0.02482859
0.02514768
0.02592579
0.02712988
0.02865598
0.02937511
0.03062033
0.03082649
0.02889144
0.02566861
0.02341566
0.02048383
0.01484186
0.008910005
0.003505032
-0.002163861
-0.006948883
-0.01108579
-0.01463683
-0.0168968
-0.01671283
-0.01492078
-0.01245484
-0.009903751
-0.008025673
-0.007481587
-0.008600544
-0.009914449
-0.01136342
-0.01378533
-0.01676435
-0.01945829
-0.02160427
-0.02317222
-0.02455527
-0.02636322
-0.02700226
-0.02772221
-0.02793039
-0.02751638
-0.0261852
-0.02489118
-0.02384513
-0.0232771
-0.02388103
-0.02508102
-0.02628805
-0.02778804
-0.02882498
-0.02855104
-0.02706406
-0.02472412
-0.02086808
-0.01563016
-0.009909133
-0.004838138
0.0005169637
0.004095983
0.005867089
0.007208111
0.007894185
0.007185241
0.005741305
0.003819326
0.001266355
-0.001139639
-0.003110642
-0.00406165
-0.005483656
-0.006016681
-0.005177721
-0.002631744
-0.0002107025
0.001445287
0.003357338
0.004453354
0.004225401
0.003163426
0.001224461
-0.001389526
-0.003727529
-0.005238533
-0.006674556
-0.007969556
-0.008968581
-0.009749584
-0.01097765
-0.01243366
-0.01336966
-0.01342171
-0.01329474
-0.01309279
-0.01225581
-0.01067186
-0.008996891
-0.008377923
-0.00818291
-0.008376942
-0.008606981
-0.007828042
-0.007221063
-0.005618144
-0.002921166
0.0005957931
0.004075817
0.007138773
0.009590805
0.01113379
0.0111258
0.009745797
0.008384811
0.006576806
0.004263774
0.002135776
-0.0007212541
-0.004477259
-0.007485319
-0.01037435
-0.01316345
-0.01517151
-0.01658553
-0.0171486
-0.01664367
-0.01542773
-0.01468876
-0.01419983
-0.01441689
-0.01521695
-0.01567897
-0.01612303
-0.01660809
-0.01769919
-0.01834324
-0.01833334
-0.01868846
-0.01904558
-0.01868353
-0.01859567
-0.01842071
-0.0166739
-0.01294592
-0.007698109
-0.001338115
0.005551724
0.01274675
0.01853864
0.02270571
0.02614563
0.02812968
0.02830064
0.02664975
0.02449068
0.02289959
0.0213535
0.01964947
0.01850438
0.01752632
0.01702922
0.01716822
0.01713912
0.01718803
0.01763093
0.01852191
0.01889283
0.01908779
0.01964671
0.01946879
0.01818272
0.01658954
0.01451149
0.01206739
0.0101643
0.008436187
0.007819061
0.009010972
0.01094085
0.01311875
0.01615562
0.01950558
0.02198249
0.02387643
0.02565735
0.02599739
0.02519932
0.02506717
0.02492709
0.02421601
0.02392592
0.02475582
0.02511275
0.02487071
0.02467663
0.02442648
0.02433142
0.02392334
0.02338527
0.02313116
0.0228691
0.02249609
0.02179904
0.02084883
0.01963677
0.01806365
0.01596559
0.01368844
0.01191238
0.01053425
0.008879179
0.007429001
0.006604914
0.006214773
0.005501695
0.004756543
0.004375457
0.003618329
0.003060222
0.003229057
0.003549959
0.003650804
0.004430702
0.005431548
0.00611644
0.006757311
0.00896721
0.01061807
0.010984
0.01176688
0.01186882
0.0109247
0.01008963
0.008560566
0.005820487
0.003402257
0.001638174
-6.9009e-05
-0.0009191218
-0.0006523002
-0.0003514089
0.0006284261
0.002226336
0.003370181
0.0045031
0.005333967
0.004843921
0.003378785
0.001120752
-0.002206422
-0.005896473
-0.01064864
-0.01560872
-0.02000294
-0.02402703
-0.02755625
-0.02979139
-0.03040169
-0.03034285
-0.029544
-0.02907914
-0.02872437
-0.02760854
-0.0267147
-0.02647086
-0.02567915
-0.02381032
-0.02233134
-0.02062552
-0.01776666
-0.01464182
-0.01168693
-0.008738076
-0.006598198
-0.006967301
-0.007849418
-0.008162542
-0.01035069
-0.01322784
-0.01460201
-0.01541317
-0.0163544
-0.01544958
-0.01376871
-0.01217689
-0.01020504
-0.007952202
-0.006838326
-0.007098463
-0.008152629
-0.008466771
-0.01045888
-0.01378303
-0.01593523
-0.01827839
-0.02133959
-0.02288581
-0.02290515
-0.02203338
-0.02071942
-0.01766266
-0.01453878
-0.01157301
-0.007021136
-0.002239336
0.000916563
0.003360386
0.005800266
0.007549108
0.008335991
0.008373856
0.007420733
0.005782572
0.004667436
0.003669271
0.002699103
0.001687925
0.001180744
0.0009985848
0.0001274339
-0.001346751
-0.001641938
-0.001271125
-0.0012103
-0.0005174859
0.0003483506
0.0009151707
0.0007260153
0.0002858457
-0.001170322
-0.002556525
-0.002914699
-0.003406904
-0.003493088
-0.002592303
-0.002036485
-0.0009357105
0.001237124
0.003437933
0.00556476
0.00802557
0.01059845
0.01281229
0.01474916
0.01573801
0.01557395
0.01529379
0.0145476
0.01391946
0.0121513
0.01049714
0.009171964
0.007207806
0.005010622
0.002655462
0.0001562485
-0.001520928
-0.002723152
-0.004366336
-0.005917573
-0.006495766
-0.007523057
-0.009256253
-0.01010338
-0.01025357
-0.01140975
-0.01291496
-0.01292214
-0.01289335
-0.01278859
-0.01144083
-0.009894
-0.007845252
-0.004788442
-0.001250665
0.001957165
0.004840943
0.007222819
0.008637629
0.00873843
0.008420242
0.008333065
0.008143876
0.007042679
0.005785487
0.005611298
0.005638096
0.004820891
0.004324698
0.004183506
0.003920312
0.003644119
0.003727926
0.003813756
0.003638581
0.003535376
0.003093205
0.001916011
0.0003068524
-0.001593357
-0.00366554
-0.005408745
-0.006350948
-0.007161127
-0.00797931
-0.00779155
-0.007403741
-0.007763956
-0.007800194
-0.007548449
-0.007096675
-0.007160833
-0.00812404
-0.008712288
-0.008322564
-0.00808075
-0.007404042
-0.005813252
-0.00468649
-0.003069684
-0.0007059258
0.0005708843
0.001489668
0.002409508
0.001963323
0.0008861569
0.000934941
0.000706751
-0.00022846
-0.0005456378
-0.0006708645
-0.0008470653
-0.0005382833
0.0001495041
0.001280276
0.003102084
0.00449086
0.005558669
0.00656645
0.00703126
0.006969044
0.006355858
0.005091615
0.004227385
0.003983138
0.00465892
0.006580685
0.008940499
0.01184027
0.01477512
0.01643093
0.01656772
0.01621153
0.01558037
0.01459119
0.01321098
0.01184177
0.01102061
0.01138041
0.01239816
0.01209098
0.01150476
0.01181456
0.01093936
0.009634158
0.008164956
0.006676754
0.005443511
0.003768323
0.002422073
0.002181876
0.001719649
0.001037443
0.0002051986
-0.001187041
-0.002009298
-0.002048532
-0.001576789
-0.0001680091
0.001757755
0.003699528
0.005668317
0.007040126
0.006957921
0.006082745
0.004730539
0.001919387
-0.00119486
-0.003937044
-0.006230352
-0.007492569
-0.008254775
-0.008929993
-0.008999249
-0.008514478
-0.008089708
-0.007836922
-0.007506166
-0.007573389
-0.007990604
-0.008212829
-0.008340063
-0.008044278
-0.007651497
-0.00723771
-0.007119952
-0.007274173
-0.007891362
-0.009132578
-0.01028181
-0.01047705
-0.01012726
-0.009497513
-0.008464753
-0.007299
-0.005865201
-0.004843438
-0.004927653
-0.004472887
-0.003839093
-0.004205326
-0.004430553
-0.00395078
-0.003756974
-0.003701198
-0.003234404
-0.003593618
-0.004523814
-0.005335039
-0.006047268
-0.006343499
-0.006834694
-0.006964957
-0.006645189
-0.006121461
-0.004947687
-0.003435952
-0.001720165
9.056904e-05
0.001686358
0.002942116
0.003775917
0.004773684
0.005442479
0.005601246
0.00549604
0.005655809
0.005140593
0.004712363
0.004491157
0.004010943
0.003588741
0.002916526
0.002313326
0.001423103
-2.610723e-05
-0.001030321
-0.001677548
-0.002533792
-0.002549014
-0.002398257
-0.002916479
-0.003265734
-0.003597943
-0.003305211
-0.002694447
-0.001584724
0.0002970535
0.002996784
0.005601598
0.008523337
0.01176712
0.01455988
0.01741873
0.0198735
0.02187931
0.0240661
0.025345
0.0252038
0.02423856
0.02286138
0.02103119
0.01897399
0.01772875
0.01682154
0.01614837
0.01618717
0.01612187
0.01575866
0.01543945
0.01476726
0.01332102
0.01241682
0.01077261
0.009503415
0.008143153
0.006074957
0.005026708
0.004609499
0.003567256
0.003271034
0.003759795
0.003918592
0.004333335
0.00475614
0.004417916
0.003397733
0.002267485
0.001090294
-0.0005289575
-0.002018175
-0.002732431
-0.002831657
-0.00220391
-0.001134133
0.0004466369
0.00186942
0.003174236
0.003996029
0.003983775
0.003147576
0.002045337
0.001349135
-0.00017311
-0.001499325
-0.002219574
-0.002638793
-0.002664024
-0.00237325
-0.001465473
-0.0003947002
0.0006540946
0.001899884
0.003227664
0.004333475
0.00549425
0.006851059
0.007687848
0.007821675
0.007624454
0.006331278
0.00394706
0.001740886
-0.0003813756
-0.002443558
-0.003937831
-0.00506202
-0.006330275
-0.007527456
-0.009038751
-0.01120293
-0.01335415
-0.01559532
-0.0166816
-0.01845678
-0.01950103
-0.02010224
-0.02021653
-0.01988376
-0.01943097
-0.01924319
-0.01887844
-0.01934365
-0.0196479
-0.01911412
-0.01862342
-0.01775464
-0.01639582
-0.01516304
-0.01387527
-0.01275747
-0.01250067
-0.01258488
-0.01271211
-0.01310033
-0.01377353
-0.01422474
-0.01438999
-0.0145392
-0.01464243
-0.01467365
-0.01488594
-0.01558716
-0.01606327
-0.01753348
-0.0193157
-0.02086291
-0.0219681
-0.02320533
-0.02435959
-0.02509884
-0.025487
-0.02504726
-0.0240855
-0.02263776
-0.02065695
-0.0186522
-0.01656345
-0.01479368
-0.0134628
-0.01281904
-0.01241122
-0.01178047
-0.01136364
-0.01137488
-0.01139709
-0.01121534
-0.01115152
-0.01120377
-0.01104198
-0.01072024
-0.01030043
-0.00937468
-0.008518895
-0.008104155
-0.007038287
-0.005943549
-0.004980716
-0.004183969
-0.003069128
-0.001949397
-0.0008015641
0.0008771768
0.002516024
0.00407076
0.00564461
0.007054359
0.008265196
0.01021495
0.01231584
0.0142566
0.01612142
0.01810919
0.01978906
0.02073185
0.02139268
0.02154148
0.02122238
0.02068117
0.02011096
0.01958675
0.01844661
0.0174104
0.01673522
0.01630702
0.01559594
0.0155567
0.01618342
0.01638419
0.01690098
0.01854176
0.01974056
0.02109135
0.02264221
0.02354402
0.02430079
0.02489561
0.02468444
0.02417927
0.02352407
0.02281291
0.02207479
0.0217326
0.02190133
0.02257615
0.02354798
0.02406882
0.02423561
0.02438447
0.02350435
0.02189621
0.01996596
0.01721483
0.01400463
0.01089149
0.009441249
0.006577106
0.004213878
0.002359713
0.001002461
7.729755e-05
-0.0006299333
-0.001295092
-0.002263319
-0.003507496
-0.004781732
-0.006316902
-0.007730127
-0.00899833
-0.01008355
-0.01081577
-0.011048
-0.0108832
-0.01074344
-0.01056364
-0.01057781
-0.010745
-0.01073623
-0.01098639
-0.01129661
-0.01101982
-0.01040605
-0.009694262
-0.008999447
-0.007918658
-0.007110874
-0.005353103
-0.003518283
-0.001159501
0.00150534
0.003697158
0.005531985
0.007453815
0.009032669
0.0100295
0.01104935
0.01139418
0.01151103
0.01192686
0.01245466
0.01314149
0.01412333
0.01519617
0.016075
0.01672087
0.01663577
0.01566965
0.01400644
0.01176231
0.008536149
0.005221025
0.002471806
-0.0005853241
-0.002959565
-0.00464373
-0.006558956
-0.007421133
-0.008400365
-0.009064541
-0.009850773
-0.009726971
-0.009225225
-0.008322421
-0.006968583
-0.005234775
-0.003308956
-0.001472115
0.0001047207
0.00139557
0.001817437
0.001455296
0.0009511308
0.0001250121
-0.001396156
-0.003159294
-0.004754479
-0.006767612
-0.008975848
-0.01110699
-0.01318717
-0.01523234
-0.01666958
-0.01764376
-0.01841496
-0.01878815
-0.0186174
-0.01835559
-0.01810176
-0.01743996
-0.01652517
-0.01574035
-0.01459755
-0.01334673
-0.01243701
-0.01117716
-0.01013621
-0.009637383
-0.009287516
-0.009151676
-0.009769806
-0.01067197
-0.01152114
-0.01268931
-0.01366245
-0.01415462
-0.01466178
-0.01495196
-0.01508812
-0.0154443
-0.01526651
-0.01432373
-0.01321283
-0.01149305
-0.009019193
-0.00636041
-0.003570525
-0.0006947266
0.0004851589
0.002335969
0.003922842
0.005424657
0.006692549
0.007932378
0.008651266
0.009318092
0.01015202
0.01069186
0.0105827
0.01040554
0.009989419
0.008982264
0.007927111
0.007550953
0.007076822
0.006119664
0.005644492
0.005723334
0.005566199
0.005533029
0.005799887
0.005546732
0.00514161
0.005384441
0.005981289
0.006597126
0.006604991
0.006314841
0.006812686
0.007287533
0.007993415
0.007836262
0.008000107
0.008575962
0.008782839
0.0088027
0.009530561
0.01025243
0.01008737
0.009235243
0.008825044
0.008655929
0.007485781
0.00634166
0.005384513
0.003651397
0.002422244
0.002128112
0.001039963
-0.0001181692
-0.000730333
-0.001653482
-0.002330648
-0.00187781
-0.001243967
-0.001477122
-0.001228269
-5.742458e-05
0.0006844369
0.001219284
0.002218145
0.003068003
0.00357888
0.004030736
0.004997592
0.005416466
0.00579735
0.006206212
0.005986093
0.005796953
0.00631486
0.006772733
0.007287577
0.007641451
0.007899328
0.008341203
0.008534074
0.008304966
0.007651858
0.006872746
0.005545594
0.004347484
0.003613341
0.002759231
0.001768082
0.001083973
0.0003198312
-0.0004533065
-0.000848456
-0.0009935836
-0.001110731
-0.0009868588
-0.0009609999
-0.0001731266
0.001016743
0.001462625
0.002472493
0.003533394
0.003840284
0.003368195
0.00298807
0.002334973
0.001450854
0.0005677522
-0.0008313907
-0.002545495
-0.003919648
-0.004908759
-0.0053189
-0.005574016
-0.006279167
-0.006783292
-0.006602418
-0.006469537
-0.006296677
-0.005689798
-0.005797912
-0.005837029
-0.005529166
-0.007165276
-0.007941396
-0.006821514
-0.007318631
-0.009156762
-0.009252887
-0.008612034
-0.007548168
-0.007228304
-0.005881404
-0.004678536
-0.003420637
-0.001940758
-0.00115485
0.0001600355
0.001805966
0.001367889
0.0006857738
0.0009046861
-3.740841e-05
-0.001030495
-0.001978601
-0.004093693
-0.005542834
-0.00609695
-0.00680306
-0.007117183
-0.006851321
-0.006994437
-0.006491567
-0.005275681
-0.004814799
-0.004752905
-0.004256991
-0.004279094
-0.004900209
-0.005117319
-0.005143412
-0.00550752
-0.006446643
-0.006556764
-0.005904864
-0.005953974
-0.005924089
-0.005715194
-0.006188289
-0.006583398
-0.006294539
-0.006643652
-0.006846705
-0.006751822
-0.007043917
-0.006973034
-0.005998115
-0.00512024
-0.004630327
-0.003484456
-0.002133537
-0.0007176535
0.001109275
0.002593166
0.003754098
0.005092997
0.006397959
0.006914894
0.006742797
0.006463731
0.00600266
0.004542592
0.003541495
0.00231042
0.0005153105
-0.0004097754
-0.001306886
-0.002260997
-0.002663104
-0.0029592
-0.003494299
-0.004454404
-0.004763535
-0.003829646
-0.003441707
-0.003701805
-0.003344885
-0.002925972
-0.003378046
-0.003580134
-0.004012211
-0.005241304
-0.006267385
-0.006525497
-0.006466607
-0.005883732
-0.004436823
-0.003062923
-0.001965005
-4.111998e-06
0.0008858358
0.00188473
0.002940667
0.004089563
0.004637523
0.005231417
0.005968383
0.006083299
0.005623229
0.005430151
0.004857105
0.004215997
0.004741927
0.006028824
0.006952832
0.008164736
0.009971601
0.01130751
0.01218946
0.01304638
0.01350231
0.01317825
0.01257022
0.01206617
0.01096607
0.009129024
0.007428935
0.00625788
0.004797787
0.003851723
0.003658647
0.003496584
0.003178485
0.003168418
0.003181333
0.003618268
0.004385177
0.004434118
0.004143058
0.004913976
0.005305907
0.005579832
0.006448779
0.006834716
0.006866636
0.007633564
0.008775547
0.009184488
0.009646387
0.01029434
0.01040527
0.01123723
0.01182918
0.01108215
0.01076011
0.009872083
0.008225997
0.006598977
0.004725905
0.002680877
0.0001937861
-0.001058255
-0.003331355
-0.004863424
-0.006403513
-0.007278581
-0.007615684
-0.008330757
-0.008276844
-0.007321922
-0.006901012
-0.006414085
-0.005775137
-0.005571193
-0.005308275
-0.004617331
-0.004196387
-0.004562428
-0.004840524
-0.004809569
-0.005025616
-0.005201674
-0.005041732
-0.004853791
-0.004952841
-0.004925905
-0.004358978
-0.003189034
-0.002012084
-0.0007731317
0.0003758281
0.001335784
0.001640749
0.001884702
0.002707672
0.003481645
0.003093612
0.001733584
0.0007745352
0.0004824992
-0.0008875453
-0.002618601
-0.003286681
-0.003965736
-0.004725799
-0.004959869
-0.004957943
-0.004568011
-0.003819074
-0.003140127
-0.002329186
-0.001077235
-0.0002782596
-0.000945292
-0.0008043372
-0.0004883624
-0.001137398
-0.00120444
-0.0009424817
-0.001352509
-0.001617551
-0.001637583
-0.001816616
-0.002837642
-0.004180687
-0.004962724
-0.005791798
-0.007008828
-0.007407877
-0.007346921
-0.007924991
-0.008334028
-0.008339078
-0.008539134
-0.008786216
-0.00904627
-0.008682317
-0.008009385
-0.00727645
-0.006382507
-0.005211551
-0.004004588
-0.003161633
-0.002315664
-0.001719671
-0.001586705
-0.001512722
-0.0009717518
-0.001524758
-0.003554796
-0.004211846
-0.003690886
-0.003370918
-0.002613954
-0.001874981
-0.0007470032
-4.400578e-05
-0.001242993
-0.003571008
-0.006279023
-0.009461045
-0.01252708
-0.01480516
-0.01573925
-0.0152213
-0.01439636
-0.01337245
-0.01187453
-0.01020053
-0.008223616
-0.006423628
-0.004616696
-0.002659693
-0.0009457316
-0.000676716
4.622018e-05
0.001635233
0.001901199
0.001635207
0.002335151
0.003340158
0.003636114
0.004806117
0.005828077
0.007252081
0.007956053
0.008641072
0.00822007
0.006635076
0.005330045
0.004478058
0.002466012
0.001314952
0.002023877
0.002566856
0.003453778
0.005756746
0.007708689
0.0090567
0.01139266
0.01353065
0.01436462
0.01581165
0.01737466
0.0173767
0.01739669
0.01758183
0.01697084
0.01656473
0.01676975
0.01650875
0.01565677
0.01509275
0.01400076
0.01337677
0.01265077
0.01223971
0.01198072
0.0120037
0.01205972
0.0120827
0.01196874
0.01084478
0.008086822
0.004984767
0.001597811
-0.00264825
-0.006118268
-0.007510362
-0.008122398
-0.008354481
-0.00732752
-0.006115551
-0.004907565
-0.003802593
-0.003708577
-0.004579603
-0.005002607
-0.005121658
-0.006066662
-0.00630768
-0.005578691
-0.005775707
-0.005951729
-0.005652751
-0.004533769
-0.003666792
-0.00278079
-0.001099797
-0.0001577634
-0.0003167514
-0.0001757209
-0.0005097123
-0.00188266
-0.003684686
-0.005520686
-0.00678171
-0.007473717
-0.008173775
-0.008192807
-0.007711821
-0.00706885
-0.006389885
-0.006022897
-0.005899893
-0.005818891
-0.005852908
-0.005556924
-0.005010937
-0.004886939
-0.00468798
-0.004709982
-0.005697922
-0.007347924
-0.009119916
-0.009939923
-0.01096591
-0.01085294
-0.01000594
-0.008275971
-0.006348932
-0.004462963
-0.002083945
-0.0007559594
-0.0003119282
-0.00010494
7.208586e-05
0.0003530686
0.001120087
0.002173075
0.003119097
0.003706095
0.003552112
0.00296111
0.002341129
0.00193012
0.001603125
0.001628122
0.00208813
0.003218115
0.004359143
0.004633144
0.004749189
0.004432205
0.002694198
0.001307201
0.0004102068
-0.0003167977
-0.000450792
-1.680761e-05
0.0007592066
0.001751185
0.004545196
0.007446191
0.008954238
0.01027525
0.01072228
0.009632309
0.008572359
0.007267385
0.004593372
0.002256387
0.001380378
0.000819364
0.001343366
0.002835362
0.004423381
0.005587399
0.006150407
0.006736417
0.007050451
0.00673947
0.00621149
0.005679509
0.00568154
0.006112569
0.006399544
0.006368573
0.006245579
0.006104608
0.005764608
0.005423629
0.005133654
0.004886668
0.004742663
0.004894685
0.005253698
0.005979721
0.006921728
0.007131763
0.006948801
0.006696832
0.006450815
0.006093849
0.005813857
0.00591489
0.005729889
0.006048924
0.006290942
0.006534975
0.006836977
0.00659702
0.005828035
0.004704092
0.003460104
0.00182415
0.0006091421
-0.0006678111
-0.002148815
-0.002687787
-0.003104801
-0.003132756
-0.003118753
-0.002894722
-0.00250072
-0.002508679
-0.002931662
-0.002934634
-0.002801619
-0.002764587
-0.002691568
-0.00262053
-0.002789519
-0.003200478
-0.004016444
-0.005579389
-0.007301403
-0.008655348
-0.01048033
-0.0123873
-0.01325935
-0.0139433
-0.01525128
-0.01669924
-0.01799627
-0.01913325
-0.01972928
-0.01997525
-0.02017539
-0.01996639
-0.01899923
-0.01811023
-0.01694819
-0.01541719
-0.01414312
-0.01299913
-0.0119401
-0.01120909
-0.01059002
-0.009729022
-0.009020979
-0.008682973
-0.00815191
-0.007916898
-0.008201876
-0.00839287
-0.008095801
-0.00795579
-0.007812748
-0.007091759
-0.006068698
-0.005281688
-0.004559649
-0.003973635
-0.00405458
-0.004197572
-0.003834527
-0.00381852
-0.00345848
-0.002637471
-0.002220422
-0.001419421
-0.0004343481
0.0004206611
0.001090728
0.001224749
0.001242802
0.001396818
0.001320876
0.00116988
0.001421933
0.001767938
0.002025996
0.002775004
0.003603053
0.004064072
0.004585145
0.005004164
0.005487185
0.006101215
0.006572256
0.006512287
0.006232338
0.006136357
0.006093415
0.006267441
0.00666047
0.007134495
0.007501551
0.008008581
0.008225642
0.008143674
0.008096772
0.007954806
0.007196811
0.006628838
0.006874885
0.007087913
0.007129952
0.007717982
0.008020046
0.008031082
0.00820611
0.008179144
0.008068189
0.007992226
0.008009264
0.008759291
0.009771366
0.01021742
0.01065942
0.01100248
0.01110053
0.01088959
0.01040061
0.009671672
0.008594733
0.007678771
0.00702979
0.006472836
0.005968874
0.005666923
0.005075953
0.004901989
0.005155046
0.005022099
0.004958108
0.005398153
0.005484187
0.005648242
0.006028273
0.005851341
0.005134385
0.004400445
0.003760475
0.002922523
0.002650556
0.002491612
0.001601645
0.001462691
0.001719726
0.001364786
0.001406804
0.00172386
0.001522892
0.001548938
0.002211975
0.002340034
0.002239065
0.002466133
0.002251164
0.001681238
0.00135527
0.0007303446
-0.0004086308
-0.001654565
-0.002528566
-0.003672516
-0.004642474
-0.004945417
-0.005331398
-0.00587434
-0.006061305
-0.00664524
-0.007678228
-0.008687167
-0.009897122
-0.01120707
-0.01220305
-0.01299501
-0.01325898
-0.01298794
-0.01204394
-0.01107891
-0.009849835
-0.008415797
-0.007238746
-0.006345714
-0.005355655
-0.004883608
-0.004372571
-0.003599531
-0.003414463
-0.003026422
-0.002530374
-0.002170316
-0.002354263
-0.002609209
-0.002715163
-0.003641107
-0.004987037
-0.006308987
-0.007770947
-0.0092389
-0.01030585
-0.01089481
-0.0112068
-0.01143976
-0.01148969
-0.01124568
-0.01113963
-0.01096361
-0.01040355
-0.009647538
-0.009082513
-0.007853494
-0.00618041
-0.004660391
-0.002697331
-0.001051306
0.0002597592
0.001837799
0.00255688
0.003657917
0.004639979
0.005221025
0.005668104
0.005987151
0.00622222
0.006270268
0.00625038
0.00606843
0.005456455
0.005248496
0.005632562
0.005666608
0.005414666
0.00551871
0.005544784
0.005125831
0.004588882
0.004583929
0.004531992
0.004744034
0.005410083
0.006034131
0.006302215
0.00673727
0.00700931
0.006551362
0.006230425
0.006358475
0.006121533
0.005933578
0.006180643
0.006478699
0.006425734
0.00671779
0.00645385
0.005907913
0.00582396
0.005894024
0.005580104
0.005177176
0.004663198
0.004008266
0.003263315
0.003059378
0.002522426
0.001978494
0.0009735443
-0.0004643932
-0.0008753508
-0.001595283
-0.003613242
-0.004987202
-0.004766163
-0.005152122
-0.005422102
-0.003786076
-0.002669005
-0.002782961
-0.001963909
-0.001061866
-0.0004638038
-0.0007767716
0.0007952788
0.001822338
0.001330383
0.002637412
0.004998493
0.004664572
0.00422363
0.004450695
0.004148789
0.003269853
0.002925882
0.001779943
0.001284984
0.001936041
0.001076096
0.0005821499
0.0007782044
-6.572863e-05
-0.0006956871
-9.663806e-05
-0.000226584
-0.0003795354
0.0005605222
0.001026591
-0.0002633454
-0.001409297
-0.001295239
-0.002285189
-0.002918143
-0.00219011
-0.0007620481
-0.0005499996
0.0002460489
0.001087113
0.0004241753
0.0005112249
0.0004412953
-0.001436651
-0.00167162
-0.0009535731
-0.000933529
0.0008265068
0.00256658
0.003271622
0.005854699
0.007924769
0.007084843
0.007810892
0.009146983
0.008242052
0.008793081
0.01120216
0.01104325
0.009775334
0.009528385
0.008172482
0.005490556
0.003089631
0.001654653
-0.001738268
-0.003321276
-0.002722212
-0.003682178
-0.004379139
-0.003434122
-0.002775054
-0.002811025
-0.001903974
-0.0009229229
-0.0002738494
-0.0002968014
-0.0001587318
0.0002783239
2.840707e-05
0.0001744567
-0.0003454581
-0.001377409
-0.001294347
-0.001269285
-0.001859217
-0.001910174
-0.002545104
-0.003750049
-0.003805987
-0.004733934
-0.006015895
-0.005403848
-0.006193779
-0.007324757
-0.008350714
-0.008115647
-0.008755598
-0.008837568
-0.008552508
-0.009432451
-0.009343426
-0.007520409
-0.006340362
-0.005228299
-0.003503256
-0.002043193
-0.0003751337
0.0005079366
0.001255004
0.001176091
0.0004691691
-0.000117775
-0.001081704
-0.001452644
-0.001829572
-0.003673514
-0.005096462
-0.005543427
-0.006148378
-0.006956318
-0.00674729
-0.00597924
-0.005273191
-0.004915123
-0.004261078
-0.003649034
-0.002745973
-0.003152891
-0.003979848
-0.002495804
-0.001647739
-0.002384666
-0.002224624
-0.00215457
-0.003135504
-0.003113455
-0.002816398
-0.003506343
-0.004030302
-0.003471267
-0.002531218
-0.002312166
-0.001034131
0.000723958
0.001036005
0.0009040777
0.001765123
0.0026982
0.002149256
0.001700326
0.001608375
0.001093441
0.001011498
0.0009345574
0.0003686096
0.000272678
0.0002227273
6.478597e-05
-0.0005451587
-0.0009341026
-0.0005720532
5.000154e-05
0.0003880551
0.001147109
0.001722173
0.001367245
5.729794e-05
-0.001040654
-0.0005886148
-0.0003375507
-0.001216504
-0.001323456
0.0004165734
0.002562655
0.003336722
0.003395775
0.004102823
0.004627894
0.003439953
0.004293984
0.006770059
0.005699156
0.003636203
0.004053245
0.003841322
0.003134379
0.002411433
0.00228649
0.001717539
0.001408589
0.001366634
0.002079676
0.002649738
0.001714794
0.001905824
0.004309875
0.005592924
0.005710006
0.007366068
0.007757129
0.006719202
0.006321267
0.005664335
0.004392396
0.003121466
0.001780524
0.001091568
0.00149161
0.0008596698
0.0006957076
0.002614757
0.003675823
0.003157889
0.003568943
0.003774016
0.002650071
0.002139125
0.001502175
0.0001502452
-0.001361719
-0.00207567
-0.001915645
-0.0007766008
0.0007784483
0.002084495
0.003752554
0.005230619
0.00561169
0.005498761
0.005886829
0.005160922
0.003268968
0.001515051
-0.0005769164
-0.002907832
-0.004896804
-0.00736073
-0.01055576
-0.01339273
-0.01560567
-0.01657367
-0.01526168
-0.01169972
-0.006246688
0.002171285
0.0112034
0.01880648
0.02174758
0.02577867
0.02701284
0.02689697
0.02518908
0.02118222
0.01686234
0.01268645
0.008283441
0.004208557
-0.0009684325
-0.006527346
-0.01004238
-0.01201532
-0.01396336
-0.01462333
-0.0145443
-0.01431326
-0.01255527
-0.0112882
-0.01120517
-0.01082412
-0.01090215
-0.0117411
-0.01219699
-0.01194995
-0.01158391
-0.01099788
-0.008622821
-0.006089784
-0.005089729
-0.003475684
-0.001010609
5.946182e-05
-0.001023464
-0.002441398
-0.003927331
-0.006131276
-0.007630272
-0.007504243
-0.006856172
-0.006181131
-0.005181081
-0.00479102
-0.005199961
-0.005207913
-0.005268864
-0.006556809
-0.00755176
-0.007890716
-0.008581679
-0.009479653
-0.009414612
-0.008758586
-0.007833571
-0.006046549
-0.003383457
-0.000389432
0.002251652
0.00417172
0.004799797
0.005010874
0.00339096
0.001768027
-0.0005019149
-0.003245864
-0.004415834
-0.005084792
-0.005564757
-0.005692719
-0.006226691
-0.007198658
-0.007790598
-0.007899571
-0.007973542
-0.006992535
-0.005204478
-0.003891456
-0.001751408
-8.536137e-05
0.0003387022
0.00120774
0.001594822
0.001190868
0.0007269386
0.0003139696
0.0005750285
0.001123075
0.001191134
0.001638169
0.002254238
0.002200296
0.002087349
0.001872402
0.0007804556
-0.0007265076
-0.001248469
-0.0004484494
0.0005945942
0.002824608
0.005338687
0.006832734
0.007703838
0.007988909
0.006948961
0.005342026
0.00344009
0.0009141334
-0.0008328311
-0.001724801
-0.002020778
-0.001408753
-0.0009827056
-0.000859675
-0.001012627
-0.001652598
-0.002414563
-0.002458554
-0.001895512
-0.00138251
0.0009095379
0.004640544
0.007602638
0.008925673
0.01169174
0.01363481
0.01372994
0.01294402
0.01121007
0.008768145
0.006366204
0.004379252
0.002716276
0.001422308
0.001398327
0.001862354
0.002499386
0.003647406
0.004667463
0.005156504
0.00586055
0.006920594
0.006926675
0.006244722
0.00623976
0.005801817
0.004716865
0.004839886
0.005674946
0.005897977
0.00668108
0.00824613
0.009358123
0.009755167
0.0110512
0.01236326
0.01216231
0.01157738
0.01045445
0.009255526
0.006598554
0.001713643
-0.0009143581
-0.003247291
-0.007092288
-0.008333264
-0.008304283
-0.009236255
-0.006954229
-0.004456185
-0.004133145
-0.002558108
-0.001910044
-0.003688003
-0.003816986
-0.004116941
-0.005773906
-0.004644903
-0.002870863
-0.002746842
-0.0004028151
0.002511232
0.002985315
0.003441362
0.003824402
0.003200457
0.002453497
0.002102553
0.001085582
0.00114961
0.001809651
0.00225569
0.003353715
0.004628767
0.004406831
0.003984869
0.004427915
0.003027981
0.001809018
0.001730066
0.0005080972
-0.0007918662
-0.0008538405
-0.002065793
-0.003474765
-0.003032744
-0.003210713
-0.004474693
-0.003524687
-0.002076648
-0.00225361
-0.001922588
-0.0007405426
-0.0008265052
-0.00119747
-0.0008224486
0.0003066069
-0.0002363538
2.867657e-05
0.0009457221
0.0009227637
0.001227805
0.001796853
0.002187894
0.002071933
0.001514989
0.001195018
0.0008130685
0.0007810948
0.0006521407
0.0005941701
0.001059214
0.0009502502
0.0007272931
0.0003013363
-0.0007446163
-0.001653596
-0.002497558
-0.002946538
-0.003183518
-0.002863492
-0.00238946
-0.001931434
-0.0016164
-0.00191135
-0.003063316
-0.003794307
-0.004050283
-0.004895235
-0.005545225
-0.0048732
-0.00407718
-0.003218145
-0.002151122
-0.001711077
-0.001440052
-0.001072012
-0.0005879972
0.0001900449
0.001140066
0.00203411
0.002926152
0.003446217
0.003516256
0.003387297
0.003530336
0.002696387
0.001665421
0.001222448
0.0007954901
-0.0006824789
-0.001527462
-0.001695441
-0.002547421
-0.00288741
-0.00282639
-0.002744365
-0.002130348
-0.001649323
-0.001269293
-0.0009912561
-0.0008092281
-7.119839e-05
0.0001328349
-0.0002861297
-0.0003650966
4.993189e-05
0.0001729692
-0.0003689992
-0.0005019771
-0.0002839489
-0.0002849165
-0.0002188856
0.0004441393
0.001103173
0.00191621
0.002877242
0.003089292
0.00249235
0.001400405
-0.0002365685
-0.002075524
-0.003748522
-0.005333499
-0.006377488
-0.006446478
-0.00651748
-0.006619472
-0.005322468
-0.002827455
-0.001446417
0.0001326125
0.002014661
0.002365713
0.002448756
0.002509819
0.001827854
0.0002148894
-0.0007884993
-0.001554881
-0.002487005
-0.002499913
-0.002454595
-0.002624983
-0.001659631
-0.000658562
-0.0003463831
0.0003602586
0.0006798699
7.042831e-05
-0.0004267536
-0.001259884
-0.003202923
-0.004245892
-0.004567276
-0.004930723
-0.005828588
-0.004890262
-0.003069993
-0.002408014
-0.0009045512
0.001853588
0.003024906
0.003504999
0.004881395
0.005087778
0.004033291
0.003832821
0.004028159
0.003415692
0.003316414
0.003722121
0.003313923
0.003262447
0.003469811
0.002486724
0.001701254
0.001473114
0.001307541
0.001217167
0.001050051
0.00144128
0.001287482
0.0004244914
4.804848e-05
-0.0006706981
-0.001405823
-0.00220515
-0.002062071
-0.002095317
-0.001660174
-0.0005702679
0.0002955159
0.0009750148
0.001270329
0.001654881
0.002025199
0.002444403
0.002375802
0.002513592
0.003199441
0.003435431
0.003809202
0.003890558
0.003622188
0.003855279
0.004060011
0.003514022
0.002620767
0.001961307
0.001381216
0.0008027405
1.767949e-05
-0.0004993981
-0.0008567392
-0.001064755
-0.00120513
-0.00129533
-0.001156545
-0.001184941
-0.001989207
-0.002464249
-0.002122919
-0.002943042
-0.003845807
-0.00396393
-0.004353787
-0.004922497
-0.004386305
-0.004173856
-0.004509189
-0.003998145
-0.003269566
-0.003018155
-0.002087286
-0.001387633
-0.00139564
-0.001029285
-0.0007148674
-0.0005934905
-0.0004407469
-0.00030181
-0.0002981148
0.000190008
0.0004762152
0.0005312696
0.0006239896
0.00058642
0.0003085387
0.0001869292
8.330028e-05
0.0001521334
0.0004223684
0.000589293
0.0008129836
0.0008911923
0.000307885
5.436317e-05
-0.0003879045
-0.00124534
-0.001746823
-0.002050968
-0.002359433
-0.002520176
-0.002387541
-0.001882365
-0.001218078
-0.0008064973
-0.0002054783
0.0003730124
0.0008097903
0.001176169
0.001919662
0.002286874
0.001971704
0.002091782
0.001987784
0.001731256
0.001552405
0.0009040389
0.0003063995
-0.0003555496
-0.001133915
-0.001655438
-0.00231059
-0.00302661
-0.003231401
-0.00306407
-0.002965068
-0.00231053
-0.001641697
-0.002270803
-0.003160349
-0.003778484
-0.004611368
-0.005802322
-0.006409491
-0.006683925
-0.007232639
-0.007434687
-0.007225716
-0.007132244
-0.00661898
-0.005664825
-0.004771942
-0.003792628
-0.002412088
-0.001009183
-0.0001349737
0.0001045439
0.0004208424
0.0005725739
0.0003072647
0.0002042587
0.0002419359
0.0001640587
8.568165e-05
-0.0001808489
-0.0004211272
-0.0006696137
-0.0004923356
3.918213e-05
-7.488823e-05
-8.634296e-05
0.0006670773
0.0009200011
0.0009302386
0.00158281
0.001756978
0.001331417
0.001587705
0.001438132
0.0008700036
0.001401468
0.001993283
0.001811359
0.002582602
0.003746488
0.00377931
0.00407305
0.004444468
0.004792151
0.004509574
0.004953464
0.004979544
0.004565572
0.004943809
0.005301643
0.005143263
0.005442785
0.005825691
0.005956962
0.00624954
0.006703508
0.006936095
0.007413421
0.007957828
0.008083678
0.008137038
0.008415223
0.008122905
0.007630878
0.007297158
0.006308669
0.005087872
0.004002339
0.002785802
0.001668698
0.0006613643
-0.0003695462
-0.0008167087
-0.001405279
-0.001694167
-0.002106389
-0.002084515
-0.00160241
-0.001547701
-0.00137286
-0.001063126
-0.0012746
-0.00164389
-0.002003811
-0.002716542
-0.003393753
-0.003530239
-0.003364253
-0.003113208
-0.002609848
-0.002356548
-0.00223269
-0.002159823
-0.002317577
-0.002349526
-0.002276676
-0.002391264
-0.002263836
-0.002158874
-0.002445078
-0.002526165
-0.002913587
-0.003216834
-0.003664925
-0.003849974
-0.004161663
-0.004191488
-0.004040378
-0.004110209
-0.003869702
-0.003451104
-0.003547578
-0.003276364
-0.002812416
-0.002882592
-0.002543052
-0.001977524
-0.001892943
-0.001516315
-0.0009862901
-0.00126476
-0.001416255
-0.001360886
-0.001895021
-0.002534175
-0.002825487
-0.002906373
-0.003034349
-0.002825335
-0.002284687
-0.001960345
-0.001739577
-0.001083353
-0.0007312033
-0.0006123224
-0.0005737998
-0.0005308549
-0.0008530159
-0.0009820289
-0.0008475177
-0.001016668
-0.001070389
-0.001029197
-0.0009032442
-0.0005132581
-0.0001184917
0.0002077882
0.0003720656
0.0002615395
0.0003983055
0.0007815259
0.0006247103
0.0005877225
0.001003205
0.0009042758
0.000930421
0.001583222
0.001436253
0.0009548769
0.001304943
0.001179978
0.001006769
0.001355734
0.001420596
0.001210481
0.001481038
0.001900808
0.00183898
0.001917909
0.0018445
0.001489156
0.001420656
0.001265132
0.00100733
0.0007872711
0.000624136
0.0004934678
0.0005252722
0.0006683162
0.0004762684
0.0003991987
0.0006948564
0.0007361777
0.0007382195
0.0009670876
0.001137147
0.00106522
0.0009608955
0.0009097054
0.0007507822
0.0004728543
0.0002864516
0.0001684111
0.0001459074
0.0001328176
0.0001956334
0.0003763696
0.0004089186
0.0005020436
0.0007462323
0.0007165158
0.0006966538
0.0008219288
0.0007267165
0.0007825711
0.00100628
0.0009835699
0.00100729
0.001175046
0.001139436
0.001121896
0.001165268
0.0009977931
0.0008652879
0.0008520539
0.0006530197
0.0005192947
0.0005852003
0.0004325297
0.0003049058
0.000355133
0.0002824943
0.0002621817
0.0003256023
0.0002987395
0.0002724188
0.0003309448
0.0003884175
0.0003231367
0.0003029718
0.0002664537
0.0002126859
0.0001799068
0.0001533978
0.0001101132
0.0001360107
0.000190979
0.0002231878
0.0003303349
0.0003841278
0.0004193786
0.0004754636
0.0004817295
0.0004685936
0.0004415285
0.0004031606
0.000370993
0.0003367353
0.0003027887
0.0002667899
0.0001808375
0.0001020388
1.903706e-05
-7.217857e-05
-0.000156929
-0.0001854211
-0.0002599957
-0.0003528935
-0.0004200956
-0.000440272
-0.0004629996
-0.0004715432
-0.0004722442
-0.0004571956
-0.0004359731
-0.000423604
-0.000379209
-0.0003240938
-0.0002688846
-0.0001982876
-0.0001554836
-0.0001317453
-0.0001143249
-8.738129e-05
-6.243699e-05
-2.793479e-05
1.999297e-05
5.325349e-05
7.155685e-05
9.862976e-05
0.0001342066
0.0001386682
0.0001328258
0.0001432873
0.0001544646
0.0001519095
0.000158341
0.000174363
0.0001638898
0.0001450563
0.0001457282
0.0001275953
0.0001151503
0.0001326846
0.0001241986
0.0001119296
0.0001405677
0.0001402757
0.0001131838
0.0001152872
0.0001033129
7.265627e-05
6.912364e-05
7.104757e-05
5.881499e-05
5.450314e-05
5.775335e-05
5.385776e-05
4.934336e-05
4.337032e-05
3.580853e-05
2.18538e-05
1.642428e-05
1.643447e-05
1.111873e-05
8.665756e-06
7.925683e-06
7.626418e-06
2.181229e-06
1.098529e-06
4.205412e-06
-1.714751e-06
-8.055021e-06
-7.099759e-06
-1.133102e-05
-9.771633e-06
-4.868533e-06
-4.567786e-06
-6.182326e-06
-8.807888e-06
-1.090763e-05
-1.660347e-05
-2.265573e-05
-2.635742e-05
-3.128102e-05
-3.674251e-05
-4.023037e-05
-4.202212e-05
-4.561577e-05
-4.78824e-05
-4.888024e-05
-4.87902e-05
-4.759265e-05
-4.476215e-05
-4.06235e-05
-3.707828e-05
-3.600626e-05
-3.712204e-05
-3.910481e-05
-4.388372e-05
-4.883556e-05
-5.234449e-05
-5.485032e-05
-5.590207e-05
-5.547955e-05
-5.47656e-05
-5.420348e-05
-5.321808e-05
-5.260962e-05
-5.249415e-05
-5.226023e-05
-5.24889e-05
-5.332867e-05
-5.430363e-05
-5.543993e-05
-5.695524e-05
-5.84091e-05
-5.958147e-05
-6.053225e-05
-6.118206e-05
-6.166774e-05
-6.209069e-05
-6.248577e-05
-6.286983e-05
-6.333358e-05
-6.39035e-05
-6.45306e-05
-6.52179e-05
-6.592584e-05
-6.664111e-05
-6.734421e-05
-6.805262e-05
-6.873306e-05
-6.93869e-05
-7.003423e-05
-7.067799e-05
-7.132202e-05
-7.197283e-05
-7.262979e-05
-7.328945e-05
-7.395148e-05
-7.461249e-05
-7.527019e-05
-7.592473e-05
-7.657582e-05
-7.722329e-05
-7.786718e-05
-7.850747e-05
-7.914413e-05
