0.0008802694
0.0008829147
0.0008855826
0.0008882362
0.0008909052
0.000893557
0.0008962302
0.0008988831
0.0009015705
0.0009042361
0.0009069265
0.0009095959
0.0009122893
0.0009149491
0.0009176254
0.0009202723
0.0009229525
0.0009255922
0.0009282602
0.0009309178
0.0009335786
0.0009361884
0.000938733
0.0009411648
0.0009435184
0.0009458319
0.0009481776
0.0009505834
0.0009530786
0.0009556972
0.000958511
0.0009615311
0.0009647714
0.0009682627
0.0009721782
0.0009764326
0.0009806502
0.0009846637
0.0009884179
0.0009919307
0.0009953977
0.00099883
0.00100206
0.001005019
0.001007503
0.001009257
0.001010153
0.001009807
0.001008028
0.001004747
0.00100057
0.0009965556
0.0009936298
0.0009918396
0.0009907149
0.0009899947
0.0009893918
0.0009891419
0.0009900887
0.0009926974
0.0009981513
0.001008556
0.001024734
0.001045139
0.001067871
0.001089317
0.001107233
0.001122055
0.001134621
0.001144802
0.00115291
0.001159124
0.00116277
0.00116055
0.001153039
0.001139864
0.001121959
0.001098742
0.001072251
0.001046635
0.001020192
0.0009902739
0.0009581773
0.0009207881
0.0008814825
0.000843974
0.0008041116
0.0007564244
0.0007040214
0.000653048
0.0006141942
0.0005966607
0.0006080179
0.0006641356
0.0007743848
0.0009294591
0.00111088
0.001283091
0.001430353
0.001562872
0.001694921
0.001823639
0.001937286
0.002023548
0.002076714
0.00208902
0.00205645
0.001989052
0.001893749
0.00176392
0.001580565
0.001318114
0.00102077
0.0007735101
0.0006237527
0.0005491085
0.0005070842
0.0004822677
0.0004739908
0.0004917824
0.0005374659
0.0005964365
0.0006356413
0.0006484128
0.0006593501
0.0006819213
0.0007450019
0.0008619114
0.001051334
0.001313645
0.001631235
0.001934061
0.002158147
0.0022696
0.002287061
0.002227312
0.002113512
0.001976006
0.001833792
0.001675327
0.001473562
0.001202807
0.0008717891
0.0005198092
0.0001767519
-0.0001170287
-0.0003231429
-0.0004342473
-0.0004625531
-0.0003677584
-0.000109068
0.0004187675
0.001353039
0.002551828
0.003546625
0.004077781
0.004180407
0.004033083
0.003804019
0.003607441
0.003484592
0.003389491
0.00327192
0.003037525
0.002635437
0.002027379
0.001253993
0.0005230928
1.876218e-05
-0.0002156285
-0.0002196988
-8.163512e-05
0.0001458801
0.0003781174
0.0005201704
0.0005053196
0.0003125067
-3.771612e-08
-0.0003712206
-0.0006795371
-0.0008389887
-0.0007910588
-0.0004040415
0.0003741004
0.001518237
0.002856168
0.003965839
0.004526802
0.004367099
0.003367237
0.001374755
-0.001163231
-0.003365204
-0.004643745
-0.005107058
-0.005277765
-0.00555048
-0.006028299
-0.006646887
-0.007214544
-0.007686382
-0.008011578
-0.008154677
-0.007868317
-0.006148574
-0.002685562
0.001729581
0.006150546
0.01030439
0.01420811
0.01723997
0.0189268
0.01945902
0.01912439
0.01816089
0.01689868
0.01560476
0.01440359
0.0131226
0.01127242
0.008020312
0.003509898
-0.0007343424
-0.003472135
-0.004656827
-0.005098198
-0.005472841
-0.005843162
-0.006052697
-0.005942283
-0.005517638
-0.004921324
-0.004361576
-0.00383093
-0.003171602
-0.002311254
-0.001366386
-0.0005700474
-0.0001653387
-0.0002386096
-0.0007496017
-0.001614681
-0.002665789
-0.003703609
-0.004377811
-0.004348841
-0.003501765
-0.001977946
0.0002580666
0.003525498
0.008018035
0.01325701
0.01779522
0.01998239
0.01919971
0.01428765
0.005964183
-0.002721744
-0.007837389
-0.008879958
-0.007838793
-0.006760543
-0.006664377
-0.007521676
-0.008578958
-0.009149111
-0.009061706
-0.008358927
-0.00714279
-0.005424715
-0.003396949
-0.001206637
0.0007716404
0.001896377
0.001587913
-0.0004396008
-0.004740798
-0.01123717
-0.01738803
-0.02122196
-0.02276384
-0.02285151
-0.02222397
-0.02121685
-0.01982105
-0.01773998
-0.01525688
-0.01268543
-0.01034396
-0.008147988
-0.005259062
0.0001138302
0.008546128
0.01667385
0.02171472
0.02373787
0.02431314
0.02498921
0.02627663
0.02774383
0.02843591
0.0275809
0.02488576
0.02044514
0.01495963
0.01021406
0.007391443
0.006273823
0.005971704
0.005633536
0.004768538
0.003205938
0.001349766
-0.0002600583
-0.001154577
-0.0008820273
0.0006545073
0.003035775
0.006059721
0.009559601
0.01310369
0.01669623
0.02051035
0.02431891
0.02755297
0.02924238
0.0281485
0.02266252
0.01366898
0.006044152
0.002431977
0.001734407
0.001557314
0.0001904777
-0.00280418
-0.006508268
-0.009661697
-0.01181271
-0.01364961
-0.01606856
-0.01916736
-0.02238815
-0.02530801
-0.02726092
-0.02824481
-0.02821682
-0.0269638
-0.02293546
-0.01387799
-0.000824227
0.01343017
0.02661515
0.03721644
0.04489349
0.04981067
0.05197582
0.04881937
0.03831442
0.02268942
0.005990707
-0.007708007
-0.01424121
-0.01435513
-0.01185396
-0.0101265
-0.01114231
-0.01589571
-0.02331756
-0.03013323
-0.0339749
-0.03426745
-0.03229975
-0.02971437
-0.02704444
-0.02376565
-0.01692108
-0.003681002
0.01289461
0.02456113
0.02747557
0.02245409
0.01154792
-0.001445146
-0.0116175
-0.01619702
-0.01709046
-0.01763613
-0.01960052
-0.02242082
-0.02476434
-0.02569949
-0.0251008
-0.02348734
-0.02125901
-0.01832216
-0.01459366
-0.01025169
-0.005839822
-0.001889075
0.001663973
0.005606909
0.01063346
0.01670272
0.02255545
0.02682679
0.02921156
0.03034407
0.03123211
0.03252528
0.03423996
0.03581132
0.03656649
0.03611358
0.03417392
0.03099566
0.02662742
0.02047504
0.01228385
0.003533135
-0.003217645
-0.007026346
-0.008825666
-0.009794714
-0.01046968
-0.01036263
-0.009465294
-0.008373866
-0.007664492
-0.007695361
-0.008088487
-0.007886924
-0.006973959
-0.006128982
-0.006343228
-0.007717938
-0.00965253
-0.01110382
-0.01102486
-0.008352705
-0.003364622
0.002368431
0.006574692
0.007449911
0.005025276
0.0005482945
-0.004448547
-0.009050688
-0.01287377
-0.01633507
-0.01973349
-0.02282882
-0.02537924
-0.02687132
-0.0265342
-0.02266924
-0.01138995
0.005882324
0.02044492
0.02681175
0.0264565
0.02380228
0.0217413
0.02060569
0.01945689
0.01711442
0.01261277
0.00389667
-0.009121815
-0.0207862
-0.02657028
-0.02730533
-0.02654474
-0.02678924
-0.02883271
-0.03224436
-0.03621262
-0.03986755
-0.04305212
-0.0456845
-0.04730024
-0.04721369
-0.04376915
-0.03469601
-0.02091026
-0.005597852
0.009066471
0.02236585
0.03209953
0.03657628
0.03682434
0.03438115
0.0298494
0.02430147
0.02019616
0.01918361
0.02149204
0.02788576
0.03875391
0.05090405
0.05831481
0.05718173
0.04531621
0.02624506
0.005907953
-0.01194773
-0.02265983
-0.02475581
-0.02196357
-0.01730011
-0.01205234
-0.006689488
-0.0008177444
0.004712731
0.008772826
0.009979779
0.00742396
0.002652468
-0.0008341205
-0.0009983922
0.002232779
0.007781946
0.01299927
0.01581545
0.01666106
0.0171903
0.01855276
0.02091816
0.02270044
0.02135543
0.01471885
0.004931911
-0.002495076
-0.005431207
-0.005283194
-0.0046558
-0.004882676
-0.006087559
-0.00758676
-0.008788831
-0.009920614
-0.01204146
-0.01585242
-0.02054757
-0.0245919
-0.02634242
-0.02504693
-0.02087843
-0.01406905
-0.005206507
0.003633287
0.01016756
0.01353665
0.0136968
0.0107278
0.00615221
0.002501425
0.001920778
0.004977459
0.0109543
0.01774298
0.02258581
0.02447861
0.0240039
0.02219972
0.01960957
0.01506768
0.006316647
-0.00503688
-0.01348425
-0.01676983
-0.0164612
-0.01485665
-0.0134744
-0.01316999
-0.01393505
-0.01580448
-0.01851348
-0.02169707
-0.02493939
-0.02756379
-0.02951747
-0.03081899
-0.03142914
-0.03125232
-0.03005926
-0.02797555
-0.02549074
-0.02267865
-0.0197647
-0.01685995
-0.01322033
-0.006139357
0.005666108
0.01858417
0.0274238
0.03132766
0.03268668
0.0339009
0.03532097
0.03554032
0.03281934
0.0277274
0.0232623
0.0217314
0.02332519
0.0264385
0.02866965
0.02754131
0.02249151
0.01648347
0.01310647
0.01452707
0.01999646
0.0266851
0.03078157
0.03115421
0.02915359
0.02661645
0.02443205
0.0225428
0.02033324
0.01590999
0.006427755
-0.007789209
-0.02376192
-0.03913743
-0.05328645
-0.06502052
-0.07088469
-0.06939
-0.06021084
-0.04658246
-0.03255596
-0.02167455
-0.0169755
-0.01695201
-0.01846827
-0.01973848
-0.02053285
-0.02121376
-0.02198787
-0.02241023
-0.02171377
-0.01899265
-0.0142341
-0.008791343
-0.005193433
-0.004661278
-0.007123036
-0.01295811
-0.02224857
-0.03326582
-0.0443417
-0.05504687
-0.06483661
-0.07221092
-0.0769833
-0.0797856
-0.08099717
-0.08075022
-0.07916
-0.07640581
-0.07293116
-0.06928998
-0.06582983
-0.06273078
-0.06028444
-0.05875028
-0.05843227
-0.05938557
-0.06139342
-0.0637164
-0.06593622
-0.06796603
-0.06929696
-0.06907879
-0.06723758
-0.06375284
-0.05890372
-0.05323813
-0.04860788
-0.04705468
-0.04997696
-0.05831699
-0.07035743
-0.08225184
-0.08998621
-0.0932613
-0.09469349
-0.09662032
-0.099613
-0.1028476
-0.1054634
-0.107151
-0.1080278
-0.1086142
-0.1094726
-0.1113689
-0.1144834
-0.1181305
-0.1215173
-0.123828
-0.1242153
-0.121412
-0.1132295
-0.1003174
-0.08575954
-0.07193465
-0.0592022
-0.04650876
-0.03313718
-0.02040431
-0.01130083
-0.006074673
-0.0007002636
0.01025267
0.02655687
0.04472006
0.06183325
0.07726542
0.09199826
0.1071247
0.121912
0.131911
0.1352524
0.1340446
0.1311806
0.1271567
0.120478
0.1111428
0.1005062
0.08969368
0.07929007
0.07134112
0.06667396
0.0637065
0.06024582
0.05439298
0.0449315
0.0349098
0.02991287
0.03300773
0.04349953
0.05713831
0.07000743
0.08095922
0.09123212
0.1019739
0.1116447
0.1175447
0.1192243
0.1175994
0.1131498
0.1061726
0.09807267
0.09014672
0.08286328
0.07498041
0.06562501
0.05522791
0.04549077
0.03845081
0.03410906
0.03120046
0.02858048
0.02598717
0.02358431
0.02156364
0.01992808
0.01835513
0.01661852
0.01440781
0.01126842
0.007122103
0.002450517
-0.001996263
-0.005538456
-0.007870507
-0.009121518
-0.009462905
-0.009132094
-0.008495201
-0.007763338
-0.007486161
-0.008446446
-0.01075877
-0.01420743
-0.01966424
-0.02866787
-0.04074027
-0.0538686
-0.06666256
-0.07845537
-0.08711388
-0.0913463
-0.09257524
-0.09232525
-0.08516536
-0.06151326
-0.02401987
0.01793651
0.05766444
0.09415344
0.1295413
0.1664177
0.2057733
0.2467052
0.2877254
0.3269193
0.3538882
0.357127
0.3401781
0.3164092
0.2959915
0.2804882
0.2661546
0.2492077
0.2288212
0.2064396
0.1841292
0.1629281
0.1428385
0.1230454
0.1029563
0.08242902
0.06166924
0.04090951
0.02031158
-0.0001630488
-0.02058194
-0.04105668
-0.06155668
-0.08211389
-0.1026134
-0.120733
-0.1327278
-0.1392705
-0.1431719
-0.1465971
-0.1503779
-0.15394
-0.1565794
-0.1586097
-0.1607265
-0.1641165
-0.1701077
-0.1800971
-0.1939369
-0.2094877
-0.2247769
-0.2393141
-0.2525188
-0.2615932
-0.2652586
-0.2647292
-0.2608174
-0.249224
-0.228438
-0.2027165
-0.1764037
-0.1513523
-0.1272106
-0.1026565
-0.07706035
-0.05062306
-0.02384634
0.002881006
0.02908451
0.05481742
0.07830761
0.09376266
0.1008175
0.1046585
0.111434
0.1255377
0.142369
0.1536618
0.1567206
0.1496026
0.1297391
0.1018371
0.07287529
0.04623575
0.021147
-0.002189271
-0.01759529
-0.0233872
-0.02367248
-0.02310172
-0.02407536
-0.02652632
-0.0294698
-0.03257495
-0.03647319
-0.04148128
-0.04766157
-0.05485194
-0.06197923
-0.06781306
-0.07146073
-0.07303858
-0.07267447
-0.07007942
-0.0653008
-0.05710942
-0.04412816
-0.02789976
-0.01089335
0.005571112
0.02146962
0.03737611
0.05374539
0.069881
0.08426288
0.09743378
0.1109756
0.1255152
0.1406452
0.1557375
0.1704574
0.1849149
0.1993221
0.2138287
0.2294404
0.247745
0.2642141
0.274023
0.2766507
0.2703964
0.2461398
0.2048627
0.1564575
0.109639
0.06625582
0.0237041
-0.02043039
-0.05971248
-0.08011084
-0.08269822
-0.07675443
-0.06584953
-0.04889921
-0.03371824
-0.02759183
-0.03126115
-0.04431979
-0.06321783
-0.08332273
-0.1017293
-0.1148448
-0.1206216
-0.1219346
-0.122479
-0.1233851
-0.1243188
-0.1245925
-0.1236205
-0.1215197
-0.1190947
-0.1165628
-0.1136636
-0.1105388
-0.1074153
-0.1041013
-0.09992975
-0.09390792
-0.08392619
-0.06806774
-0.04971069
-0.03489924
-0.02611288
-0.02106612
-0.01554733
-0.007171942
0.00363025
0.01414111
0.02133804
0.02346402
0.02039531
0.01327323
0.005361574
-0.0001323951
-0.00179912
-0.0003259517
0.002689518
0.006054253
0.009304874
0.01321467
0.01913213
0.02944433
0.0460991
0.06366243
0.07462651
0.07740565
0.07444897
0.06474869
0.04787085
0.02729657
0.00641378
-0.0138954
-0.03401725
-0.05463793
-0.07597544
-0.09430377
-0.1044376
-0.106955
-0.1054256
-0.1023962
-0.09816478
-0.09202898
-0.08417778
-0.07549027
-0.06507794
-0.04962984
-0.02904887
-0.006535641
0.01538382
0.03618846
0.05659267
0.07730145
0.09885584
0.1199198
0.1352555
0.1429664
0.1455206
0.146707
0.1487737
0.1520703
0.1557746
0.1585332
0.1593752
0.1574755
0.1478784
0.1277407
0.1013696
0.07445235
0.04959286
0.02603019
0.002137811
-0.02306609
-0.04948492
-0.07537581
-0.09509679
-0.1071357
-0.1157158
-0.125391
-0.1367876
-0.1474834
-0.1549908
-0.1590859
-0.1612738
-0.1630476
-0.1653517
-0.1682863
-0.1718123
-0.1762609
-0.1824704
-0.1911645
-0.2033449
-0.2167507
-0.2258362
-0.2285868
-0.224785
-0.2084087
-0.1789023
-0.1433614
-0.1083697
-0.07581254
-0.0442696
-0.01151203
0.0232456
0.05929026
0.09553301
0.1275969
0.1466698
0.1528702
0.1535989
0.1555437
0.1608593
0.1681615
0.1759033
0.1856903
0.198378
0.2128589
0.2279032
0.2426253
0.2568297
0.2677698
0.2689161
0.2500139
0.21253
0.1678853
0.1254163
0.08715295
0.05016026
0.0111326
-0.02946592
-0.05876617
-0.06811136
-0.05757502
-0.03485319
-0.00975479
0.01111588
0.02190711
0.02277669
0.01960919
0.01745075
0.01801291
0.02028418
0.02267742
0.02427746
0.02500976
0.02484351
0.0234664
0.02053168
0.01566703
0.008743268
6.487749e-05
-0.01087028
-0.02395269
-0.03824086
-0.05214619
-0.0619438
-0.06622363
-0.06668991
-0.06494659
-0.05889875
-0.04512582
-0.02547124
-0.00414263
0.01638387
0.03551593
0.05055399
0.05906579
0.063174
0.06602643
0.06922152
0.07282459
0.07643021
0.07976935
0.08296183
0.08660126
0.09033927
0.09303017
0.09353613
0.08790124
0.07158676
0.04761824
0.02187461
-0.001993091
-0.02368463
-0.04009364
-0.04808846
-0.05086771
-0.0532052
-0.05723947
-0.06268277
-0.06817391
-0.07278876
-0.07668858
-0.08072159
-0.08614779
-0.09447339
-0.1065941
-0.1209389
-0.1355648
-0.1494319
-0.1627195
-0.1749627
-0.1844841
-0.1903251
-0.1929759
-0.1935295
-0.1925757
-0.1893612
-0.1815054
-0.1685456
-0.1528135
-0.1370131
-0.1221211
-0.1078444
-0.09446468
-0.0838245
-0.07617131
-0.06948943
-0.06195925
-0.05258336
-0.04165995
-0.03070394
-0.02067282
-0.01210404
-0.0046884
0.00265714
0.00997362
0.01663514
0.022649
0.02870086
0.03674205
0.04790466
0.06111411
0.074398
0.08604145
0.09469219
0.1007372
0.105932
0.1117296
0.1184515
0.1263476
0.136439
0.1484905
0.1611141
0.1734733
0.184738
0.192894
0.1973437
0.1987849
0.1982087
0.1939106
0.1819828
0.1632796
0.1421132
0.1216797
0.1026599
0.08401536
0.06449273
0.04396787
0.02284344
0.002040187
-0.01458333
-0.02286071
-0.0245669
-0.02399824
-0.02391463
-0.02441295
-0.02468043
-0.02434011
-0.0237728
-0.02367338
-0.02402409
-0.0247873
-0.02553959
-0.0260079
-0.02561215
-0.02396436
-0.0210151
-0.01632553
-0.006334936
0.009824697
0.0290085
0.04546636
0.05435353
0.05724763
0.05819656
0.05955637
0.06101311
0.06050733
0.05328666
0.03724158
0.01604335
-0.005517027
-0.02522095
-0.04354173
-0.0620194
-0.08168256
-0.1024375
-0.1235884
-0.1443189
-0.1612334
-0.1700119
-0.1717553
-0.1705771
-0.1694748
-0.1690925
-0.1682972
-0.1656649
-0.1589538
-0.1461042
-0.1289119
-0.1108179
-0.09389041
-0.0795882
-0.07008103
-0.06470931
-0.06121329
-0.05816671
-0.05566899
-0.05429449
-0.05445071
-0.05584573
-0.05802405
-0.06044962
-0.06277448
-0.06467943
-0.06587331
-0.06625118
-0.06548187
-0.06333615
-0.05940431
-0.04995677
-0.03276709
-0.01103867
0.01097174
0.03139144
0.05088836
0.0680121
0.079046
0.08513928
0.08991683
0.09523705
0.1006588
0.1046077
0.1055478
0.1027608
0.09622098
0.08547108
0.07201467
0.06131353
0.05687669
0.05787131
0.06184551
0.06632276
0.06984075
0.07172275
0.07181424
0.07004621
0.06671032
0.06241334
0.05799217
0.05409463
0.0510611
0.04906948
0.048072
0.04810982
0.04937689
0.05196822
0.05547724
0.05911962
0.06208615
0.06393052
0.06470825
0.06523571
0.06610198
0.06741885
0.06872345
0.0693613
0.06885862
0.06700204
0.06343031
0.05746646
0.04821187
0.0365586
0.02488972
0.01524205
0.007570973
2.631001e-05
-0.008878894
-0.01943724
-0.030839
-0.04030814
-0.04575294
-0.04744244
-0.0472624
-0.04628296
-0.0447086
-0.0427857
-0.04069581
-0.03895373
-0.03784476
-0.0371884
-0.03666219
-0.03671353
-0.03765954
-0.03998436
-0.04521348
-0.05598668
-0.07159554
-0.08892243
-0.1056887
-0.1215351
-0.1370697
-0.1530283
-0.1694192
-0.1825159
-0.1889619
-0.1895804
-0.186209
-0.1752295
-0.1553644
-0.1306637
-0.105654
-0.08204189
-0.05915111
-0.03571413
-0.01104372
0.0141673
0.03458111
0.04562552
0.04961054
0.05125694
0.0533241
0.05573582
0.05719582
0.05691419
0.05487126
0.05186947
0.04883954
0.04637854
0.04485972
0.0450721
0.04765203
0.0527603
0.06095468
0.07080453
0.07906615
0.08406483
0.08601195
0.08608236
0.08529922
0.08403839
0.08235912
0.07979558
0.0758869
0.0707945
0.06541716
0.06084099
0.05775542
0.05606117
0.0556159
0.05642701
0.05870093
0.06234733
0.06698629
0.07194881
0.0764149
0.07923401
0.07940083
0.07683779
0.0712913
0.06221408
0.05093969
0.04092712
0.03372557
0.02865662
0.02418707
0.01902922
0.01290485
0.006179567
-0.0009398517
-0.008845852
-0.0184124
-0.02921652
-0.03905372
-0.0458393
-0.04967696
-0.05185226
-0.05338552
-0.05416613
-0.05378031
-0.05249404
-0.05089416
-0.04965438
-0.04906776
-0.04927988
-0.05014662
-0.05159219
-0.05331224
-0.05494725
-0.05620123
-0.05713784
-0.05806717
-0.05916677
-0.06061568
-0.06219982
-0.06365337
-0.06499153
-0.06580611
-0.06585691
-0.06493287
-0.06276699
-0.05920866
-0.05302656
-0.04345568
-0.03175326
-0.01970648
-0.008210899
0.002875099
0.01403545
0.02472667
0.03457851
0.0438804
0.05244073
0.06027192
0.0682208
0.07688229
0.08606646
0.09431266
0.100592
0.104725
0.1071138
0.1082844
0.1082699
0.1064596
0.102465
0.09598672
0.08710499
0.07724372
0.06837042
0.06094179
0.05442642
0.04852608
0.04280165
0.03725079
0.03167008
0.02595237
0.02060663
0.0158122
0.01158553
0.007673679
0.003729851
-0.0006020546
-0.00562803
-0.01113321
-0.01709086
-0.02455695
-0.03330546
-0.04277141
-0.051644
-0.05826663
-0.06239159
-0.06494807
-0.0667177
-0.06753956
-0.0672265
-0.06613031
-0.06465109
-0.06326065
-0.06236022
-0.06202339
-0.06195136
-0.06177771
-0.06100709
-0.05911313
-0.05630649
-0.05292099
-0.04947521
-0.04631513
-0.04415223
-0.04333092
-0.04378998
-0.04484916
-0.04597049
-0.04698194
-0.04805909
-0.04908107
-0.04987046
-0.05009787
-0.04940809
-0.04775881
-0.04544837
-0.04251247
-0.03937677
-0.03688068
-0.03530096
-0.03467864
-0.03466804
-0.03495242
-0.03544745
-0.03601457
-0.03641283
-0.03664984
-0.03668594
-0.03625698
-0.03493354
-0.03277437
-0.03004152
-0.02709481
-0.02435259
-0.0221663
-0.02072337
-0.01951236
-0.01798213
-0.0158763
-0.01272291
-0.008106593
-0.002077335
0.004777456
0.01138993
0.01758952
0.02361111
0.02954058
0.03472563
0.03860539
0.04091662
0.04131312
0.03956239
0.03650754
0.03319882
0.03051171
0.02895103
0.02860831
0.02970841
0.03208676
0.03564036
0.04005684
0.044706
0.04889555
0.05217993
0.05431669
0.05527911
0.05529413
0.05430847
0.05228261
0.04914495
0.04464305
0.03793622
0.02868216
0.01807349
0.007384625
-0.002506318
-0.01009056
-0.0147565
-0.0169506
-0.0176372
-0.0174746
-0.01615516
-0.01292008
-0.00765286
-0.0005247914
0.007454237
0.01433763
0.01995995
0.02483137
0.02934241
0.03348038
0.03707599
0.03940028
0.03990182
0.03851302
0.03554029
0.03182577
0.02835153
0.02572178
0.02351161
0.02141935
0.01929728
0.01699579
0.0147361
0.01271969
0.01109224
0.00993421
0.00932907
0.009229133
0.009451258
0.009852254
0.01035597
0.0108791
0.01116164
0.01109926
0.01091692
0.0105505
0.009824411
0.008814947
0.007709107
0.006891291
0.006480478
0.006160207
0.005681607
0.004699236
0.003454848
0.001898074
-1.826115e-07
-0.002161017
-0.004396446
-0.00662165
-0.008939458
-0.01099917
-0.01250929
-0.01359798
-0.01412242
-0.01415059
-0.01395743
-0.01384448
-0.01398741
-0.01432677
-0.01475993
-0.01506882
-0.01498359
-0.01424753
-0.01284656
-0.01076623
-0.008323572
-0.006300651
-0.005369627
-0.00537853
-0.005656695
-0.005796991
-0.005744671
-0.005223461
-0.004565592
-0.004014788
-0.003567944
-0.003327171
-0.003178291
-0.002815281
-0.002242889
-0.001359308
-0.0001447602
0.00131375
0.00298504
0.004918507
0.007046692
0.009156627
0.01096101
0.01212939
0.01256384
0.01213182
0.0108202
0.008480789
0.004875527
0.0001538282
-0.005289698
-0.01050842
-0.01480172
-0.01811791
-0.02070961
-0.02317124
-0.02580896
-0.02862238
-0.03149148
-0.03422739
-0.03655563
-0.03855847
-0.04012234
-0.04133584
-0.04218431
-0.04240319
-0.04174751
-0.04038362
-0.0389585
-0.03783977
-0.03679116
-0.03549621
-0.03366637
-0.03136756
-0.0283763
-0.02445033
-0.01949539
-0.01381029
-0.007539352
-0.0005877291
0.006400898
0.01279926
0.01897513
0.02504939
0.03053141
0.03504518
0.03841654
0.04023853
0.04007664
0.0380477
0.03422216
0.02790723
0.01904317
0.008743907
-0.00141482
-0.00914286
-0.01332039
-0.01497925
-0.01542806
-0.01514247
-0.01403171
-0.01144742
-0.00579049
0.003615575
0.01364427
0.0211242
0.02515434
0.02666258
0.02717817
0.02765115
0.02773466
0.02679688
0.02464176
0.02139807
0.01717833
0.01211708
0.006168296
-0.0007055027
-0.007748742
-0.01321679
-0.01628607
-0.0175192
-0.01752826
-0.01630035
-0.01365355
-0.009255539
-0.001894887
0.007953417
0.01701096
0.02300361
0.02594534
0.02700111
0.02730641
0.02707456
0.02594143
0.02378185
0.02117803
0.01866405
0.01641415
0.01454028
0.01282348
0.01087776
0.008239597
0.004321523
-0.0006505349
-0.005970367
-0.0105445
-0.01335475
-0.01431489
-0.0142308
-0.01333537
-0.01177874
-0.009593111
-0.006530733
-0.002299648
0.003207218
0.008985858
0.01439915
0.01963817
0.02488255
0.03032294
0.03601642
0.04157693
0.04628364
0.04984967
0.05222611
0.05354367
0.05377369
0.05277819
0.05028205
0.04634632
0.04155278
0.03681453
0.03319847
0.03107572
0.02988971
0.02909526
0.0284459
0.02759726
0.02637394
0.02476604
0.02274717
0.02051718
0.01826782
0.01598362
0.01370708
0.01102676
0.007391466
0.002174652
-0.004497653
-0.01082863
-0.0157499
-0.0195226
-0.02271837
-0.02598787
-0.02960726
-0.03317102
-0.03602899
-0.03785319
-0.03902221
-0.03935306
-0.03893711
-0.03829183
-0.03766294
-0.03729416
-0.03738332
-0.03790072
-0.03843585
-0.03890089
-0.03937211
-0.03982142
-0.04015375
-0.04028614
-0.04015401
-0.03958211
-0.03840956
-0.03669594
-0.03438159
-0.03153743
-0.0283222
-0.02484968
-0.02093697
-0.01697172
-0.01334088
-0.01040261
-0.008337635
-0.00731406
-0.007293926
-0.007839543
-0.008625099
-0.009440453
-0.009992339
-0.01030942
-0.01042973
-0.01032155
-0.009837671
-0.00907229
-0.008120528
-0.00692088
-0.00516099
-0.003143635
-0.0009749139
0.001101974
0.002873563
0.004491403
0.006205474
0.008252822
0.01070755
0.01370281
0.01682886
0.01954626
0.02177727
0.02405234
0.02654499
0.02936934
0.03247538
0.03565149
0.03867525
0.04113602
0.04259099
0.04295207
0.04229678
0.04090886
0.03889221
0.03600642
0.03214316
0.02760519
0.0226853
0.01808751
0.01452593
0.01200671
0.01013189
0.008403069
0.006965391
0.006006797
0.005582901
0.005500707
0.005639354
0.00599487
0.006158278
0.005693722
0.004724857
0.003068997
0.0004491454
-0.003243114
-0.007772293
-0.01230868
-0.01627108
-0.01941653
-0.0217989
-0.02379695
-0.0259254
-0.02834668
-0.03103414
-0.03390734
-0.03666943
-0.03895237
-0.04058022
-0.04130903
-0.04117614
-0.03997096
-0.03765161
-0.03432652
-0.03034616
-0.02635588
-0.02270389
-0.01982992
-0.01797214
-0.01689226
-0.01630982
-0.01599536
-0.01568061
-0.01521192
-0.01468861
-0.01403692
-0.0135173
-0.01312094
-0.01273436
-0.01251754
-0.01251039
-0.0127074
-0.01301959
-0.01335474
-0.01350971
-0.01348527
-0.01334292
-0.01280483
-0.0118224
-0.01074053
-0.009532565
-0.008089799
-0.006350945
-0.004400359
-0.002156461
0.0002879577
0.002797821
0.004977061
0.006737828
0.007991939
0.008515641
0.008084439
0.006634174
0.004144915
0.0009349191
-0.002323055
-0.005419291
-0.008040038
-0.00995256
-0.01127611
-0.01220845
-0.01282745
-0.01305185
-0.01273612
-0.01216741
-0.01147022
-0.01067367
-0.009693206
-0.008594543
-0.007355689
-0.005936132
-0.004525649
-0.003531375
-0.003013377
-0.002849794
-0.002884509
-0.003314018
-0.00427423
-0.005715125
-0.007399774
-0.008952672
-0.01031649
-0.01141523
-0.01193748
-0.01188166
-0.01111851
-0.009707372
-0.007994293
-0.006381057
-0.004998874
-0.003870789
-0.00280802
-0.001832255
-0.0009583632
-7.76699e-05
0.0009059188
0.002059957
0.003668788
0.005617379
0.00754986
0.009291754
0.01081251
0.01232809
0.01403381
0.01595148
0.01786537
0.01927221
0.01986002
0.01960572
0.01858718
0.016793
0.01476462
0.01292193
0.01144896
0.01044567
0.009636546
0.009035052
0.008719537
0.008810183
0.009447933
0.01064176
0.01224361
0.01408168
0.01579299
0.01709641
0.01791463
0.01842181
0.01854573
0.01827427
0.01797614
0.0178796
0.01767376
0.01729024
0.01669421
0.01621139
0.01604228
0.01614916
0.01665919
0.01723916
0.01743346
0.01710629
0.01641999
0.01538943
0.01415436
0.01290579
0.01181048
0.01084993
0.01005866
0.009340877
0.008524448
0.007713896
0.007070983
0.006504717
0.006049888
0.005916923
0.006393735
0.007380594
0.008895127
0.01085841
0.01315307
0.01546854
0.01732372
0.0182091
0.01781456
0.01645619
0.01465655
0.01288856
0.0110646
0.009225958
0.007588358
0.006317578
0.005296692
0.004599202
0.004058748
0.003566882
0.003078464
0.002378249
0.001534003
0.0003635137
-0.001095747
-0.002814259
-0.004624471
-0.006129162
-0.007331397
-0.008054302
-0.008366728
-0.008250397
-0.007586478
-0.006337589
-0.004551727
-0.00267173
-0.0009742327
0.0004140212
0.001465811
0.001960951
0.001690796
0.0009102683
-0.0001339088
-0.001165609
-0.002115926
-0.002816848
-0.00311036
-0.003113489
-0.00284387
-0.002271165
-0.001492565
-0.0008190322
-0.0004908535
-0.0006292183
-0.001175385
-0.002014268
-0.003190221
-0.004514739
-0.005775244
-0.006864154
-0.007960847
-0.009222291
-0.01070444
-0.01233873
-0.01407633
-0.01599387
-0.01825032
-0.02079684
-0.02326577
-0.0253266
-0.02689127
-0.02824648
-0.02942566
-0.03033239
-0.03085043
-0.03085888
-0.030102
-0.02859222
-0.0264841
-0.02400267
-0.02128024
-0.01839885
-0.01548498
-0.01245033
-0.0090356
-0.005236844
-0.001183905
0.003308643
0.008035063
0.01246886
0.01625023
0.01906487
0.02075526
0.02135072
0.02098838
0.01980164
0.01777239
0.01499252
0.01182734
0.008784181
0.006296768
0.004729679
0.003960526
0.00373409
0.004032465
0.004743861
0.005546188
0.006294275
0.006767548
0.007178587
0.007557953
0.007976349
0.008619656
0.009218404
0.009485273
0.009432877
0.00902681
0.008076742
0.006553356
0.004426373
0.00169755
-0.001181034
-0.003805566
-0.005950675
-0.007368348
-0.008004559
-0.008015142
-0.007386526
-0.006319992
-0.005178844
-0.004213859
-0.003332644
-0.002217349
-0.0008583594
0.0006664711
0.002318444
0.003828886
0.004996351
0.005912999
0.006547928
0.006925223
0.006718755
0.005900442
0.004481374
0.002618232
0.0006815828
-0.0009648333
-0.002165372
-0.002843231
-0.002922018
-0.002171594
-0.0007986796
0.001011626
0.003135868
0.005432478
0.007868797
0.01038353
0.01281235
0.01489449
0.01660774
0.01763727
0.01776684
0.01716688
0.01579089
0.01395035
0.01192532
0.009564284
0.006953045
0.004211834
0.001586232
-0.0009333187
-0.003377652
-0.005524715
-0.007451275
-0.009256447
-0.01086772
-0.01230327
-0.01365886
-0.01491998
-0.01621506
-0.01766021
-0.01932938
-0.02116594
-0.02315181
-0.02491526
-0.02626252
-0.02704767
-0.02742063
-0.02720699
-0.02637422
-0.0248099
-0.02292855
-0.02113469
-0.01951006
-0.01802401
-0.01670072
-0.01575479
-0.01526658
-0.01498538
-0.01445846
-0.01333977
-0.01160448
-0.009328259
-0.006639072
-0.0034945
0.0003080219
0.004601316
0.008781147
0.01242113
0.01529257
0.01741242
0.01896499
0.01995452
0.02038054
0.02021076
0.01947546
0.01823024
0.016283
0.01373596
0.01071061
0.007387946
0.004062705
0.001037738
-0.001456872
-0.00329447
-0.004740407
-0.005917997
-0.007079455
-0.008266489
-0.009466643
-0.01069908
-0.01171328
-0.01250521
-0.01300359
-0.01324024
-0.01302519
-0.01235404
-0.0115028
-0.01076532
-0.01032272
-0.01025929
-0.0105888
-0.01122906
-0.01213189
-0.01306287
-0.01376985
-0.01424128
-0.01426019
-0.01379006
-0.01286341
-0.01143209
-0.009469945
-0.007162679
-0.004667294
-0.00221069
-3.693895e-05
0.001784973
0.003121504
0.003853809
0.004002762
0.003613422
0.002886756
0.001984944
0.0009542107
-5.211753e-05
-0.0007468464
-0.0006493896
0.000336164
0.001993578
0.004473952
0.007893407
0.01186041
0.01611289
0.02032673
0.02383688
0.02635706
0.02769085
0.02807362
0.02813613
0.02792452
0.02737533
0.02634276
0.02489587
0.02293533
0.02038514
0.01717993
0.0134408
0.009534465
0.00590754
0.002809547
0.0004045741
-0.001370327
-0.002513844
-0.00303566
-0.003205663
-0.003309911
-0.003461452
-0.003624067
-0.003727806
-0.003870409
-0.00428916
-0.005162926
-0.006287678
-0.007232973
-0.007985177
-0.008500469
-0.008802904
-0.008959316
-0.008980716
-0.009212641
-0.009626265
-0.01001965
-0.0102193
-0.01021788
-0.0101377
-0.01009107
-0.01008778
-0.009788391
-0.008781434
-0.007343418
-0.006022397
-0.005195889
-0.004688271
-0.004272855
-0.004011857
-0.003888787
-0.00382589
-0.00377032
-0.003666056
-0.003388111
-0.003148986
-0.003406916
-0.004067218
-0.004920866
-0.006062363
-0.007368946
-0.008632187
-0.009521982
-0.009903996
-0.009884638
-0.00934291
-0.008215742
-0.006631753
-0.004791404
-0.002861321
-0.0009489581
0.0006931395
0.001932221
0.002920418
0.00362469
0.00435784
0.005067667
0.00601164
0.00726735
0.008700682
0.01027177
0.01169704
0.01317774
0.01471535
0.01618173
0.01751777
0.018589
0.01916516
0.01940958
0.01963534
0.01995521
0.02016012
0.02012665
0.01971901
0.01884174
0.01770199
0.01646139
0.01532872
0.01439985
0.01393857
0.01388365
0.01395284
0.01391595
0.0135529
0.01290762
0.01223957
0.01157529
0.0111361
0.01071793
0.01023857
0.009926842
0.009704275
0.009400976
0.008990348
0.008723298
0.008413747
0.008085467
0.007905667
0.007802356
0.007535769
0.007100539
0.006702068
0.006409301
0.005789272
0.004585518
0.002864045
0.0005771667
-0.002132152
-0.004975689
-0.007683491
-0.01001004
-0.0120168
-0.0132975
-0.01350764
-0.01265059
-0.01092484
-0.008290076
-0.005046879
-0.001794205
0.001380929
0.004416218
0.006815912
0.008167076
0.008555264
0.0083693
0.007548252
0.006155335
0.004090648
0.0012751
-0.001931332
-0.004976154
-0.007498406
-0.009592323
-0.01132283
-0.0124748
-0.0129709
-0.01292952
-0.01256539
-0.01187851
-0.01099831
-0.01002439
-0.009018211
-0.007928827
-0.00696907
-0.00622203
-0.005621495
-0.005303287
-0.00522622
-0.005235371
-0.005314809
-0.005349559
-0.005329081
-0.005147671
-0.004619872
-0.003611302
-0.001941943
0.0002680056
0.002708474
0.005064133
0.007400452
0.009500857
0.01131178
0.0129228
0.0142849
0.01537641
0.0162052
0.01684762
0.01736461
0.01773407
0.01795775
0.01804484
0.0180605
0.01806736
0.01808754
0.01797409
0.01771663
0.01745921
0.0169673
0.01617515
0.01490598
0.01324513
0.01145322
0.009592287
0.00753922
0.005506144
0.00315623
0.0002168273
-0.003203912
-0.006687565
-0.009808563
-0.0125499
-0.01494115
-0.01701006
-0.01878913
-0.02031844
-0.02151642
-0.02243011
-0.02284465
-0.0225169
-0.02143292
-0.01957991
-0.01681356
-0.01286534
-0.007524683
-0.00145729
0.004077868
0.008405118
0.01150634
0.01346852
0.01461636
0.0152879
0.01567703
0.0158662
0.01577953
0.01560931
0.01574334
0.01632335
0.01694971
0.01731351
0.01743643
0.01737484
0.01691722
0.01591989
0.01462364
0.01337297
0.01205946
0.01065522
0.009343133
0.007973539
0.006388308
0.004666853
0.003169713
0.00194066
0.00101492
0.0004476662
0.0002433897
0.0001666771
-0.0001029605
-0.0005152381
-0.001181936
-0.002069487
-0.003260109
-0.004676651
-0.006510987
-0.008530041
-0.01062319
-0.01285131
-0.01524459
-0.01748347
-0.0195159
-0.0213963
-0.02299834
-0.02433096
-0.02522011
-0.02527175
-0.02434849
-0.02269091
-0.02053426
-0.01791623
-0.01509531
-0.01256632
-0.01058108
-0.009385401
-0.008987405
-0.008993264
-0.009075839
-0.008996607
-0.008661911
-0.008100326
-0.007313202
-0.006286011
-0.005278695
-0.004287827
-0.003100925
-0.001811605
-0.0007315494
-0.0001753843
2.137793e-05
0.0001129481
0.0001894486
0.0001902408
-9.708606e-05
-0.0004914482
-0.0009706779
-0.001533116
-0.001901877
-0.00227404
-0.002769638
-0.003223672
-0.00371919
-0.004211276
-0.004517386
-0.004915003
-0.005475527
-0.006197267
-0.00685972
-0.007290939
-0.007435769
-0.007139841
-0.006201213
-0.004636527
-0.002368245
0.0004476257
0.003454994
0.006327721
0.008740908
0.01047758
0.01140028
0.01164744
0.01132075
0.01051723
0.009618489
0.008603889
0.007499016
0.006482078
0.005733595
0.005485835
0.005967771
0.006987231
0.00854311
0.01042452
0.01272529
0.01531569
0.01768615
0.01947102
0.02045792
0.02043772
0.01940667
0.01747364
0.01474717
0.01154083
0.008158441
0.004847418
0.001996695
-0.0002427827
-0.00182483
-0.002805289
-0.003310481
-0.003592313
-0.003678793
-0.003515393
-0.002931382
-0.001894494
-0.0005664038
0.000903373
0.002146336
0.003058687
0.003623326
0.003884732
0.00375349
0.003347873
0.003088799
0.002856167
0.002251626
0.001368517
0.0007013045
0.0002366534
-0.0001907265
-0.0007871579
-0.001492971
-0.002148189
-0.002786793
-0.003225452
-0.00361112
-0.003964367
-0.004273114
-0.004464394
-0.004526537
-0.004524052
-0.004522086
-0.004648615
-0.005105391
-0.006118582
-0.007541534
-0.009079494
-0.01076596
-0.01230649
-0.01325143
-0.0136502
-0.01347408
-0.01277023
-0.01185117
-0.01085068
-0.009562034
-0.008043599
-0.006649541
-0.005421765
-0.00420475
-0.002820988
-0.001254905
0.0005756348
0.002725268
0.004901372
0.006903079
0.00858292
0.0099903
0.01093072
0.01135117
0.0112838
0.01074333
0.009751792
0.008447909
0.006663093
0.004254117
0.001196487
-0.001894904
-0.004624703
-0.006796747
-0.008249893
-0.009077648
-0.009303288
-0.008888992
-0.007632516
-0.00580539
-0.003804988
-0.0017242
0.0005259314
0.00264855
0.004462522
0.005749701
0.006281505
0.005980045
0.00491626
0.003212205
0.0007219431
-0.002162317
-0.005008644
-0.007880732
-0.01050985
-0.01257109
-0.01432295
-0.01565561
-0.01612132
-0.01545439
-0.01384069
-0.01158031
-0.00887545
-0.006128389
-0.003597744
-0.001543238
-0.0001845671
0.0004814561
0.0006748849
0.0006761193
0.0005637388
0.0004159631
1.227745e-05
-0.0005378499
-0.001177491
-0.001980324
-0.003078735
-0.004560509
-0.00627002
-0.007764499
-0.008914804
-0.009696939
-0.009969485
-0.009455468
-0.008208719
-0.006495309
-0.004209467
-0.001337655
0.002008454
0.005374162
0.008275071
0.01050932
0.01199704
0.01260399
0.01232891
0.01173885
0.0111253
0.01065241
0.01048352
0.01063547
0.01093667
0.01131391
0.01154029
0.01153446
0.01128896
0.01094251
0.01056837
0.01004373
0.009526015
0.009096793
0.008701218
0.008382071
0.008057523
0.007808519
0.007507352
0.006995324
0.00626263
0.005697172
0.005113948
0.004331504
0.003530265
0.00267319
0.001717107
0.0008739467
-0.0001177823
-0.001252337
-0.002328686
-0.003346615
-0.004205948
-0.004965414
-0.005526385
-0.005761352
-0.005691221
-0.005273212
-0.004370717
-0.002956572
-0.001293775
0.0005711242
0.002164472
0.002799771
0.002449774
0.001386394
2.779817e-05
-0.001239236
-0.002377763
-0.003500388
-0.004505471
-0.005402016
-0.006304467
-0.007069789
-0.00755482
-0.007716788
-0.00770379
-0.007680817
-0.007633124
-0.007347257
-0.006757566
-0.00592262
-0.005004061
-0.004018472
-0.002842457
-0.001716847
-0.00080815
-0.0003102716
1.080049e-05
8.422631e-05
-0.0002381824
-0.0006612727
-0.0009133022
-0.001230066
-0.001464758
-0.001537797
-0.00144216
-0.001240795
-0.0007381768
4.841302e-05
0.001017965
0.002148582
0.003306696
0.004435493
0.005621707
0.006898688
0.008151013
0.009358173
0.01057418
0.01184648
0.01313501
0.01428925
0.01507799
0.01557028
0.01580116
0.01585661
0.01568122
0.0152524
0.01474828
0.01401892
0.01291482
0.01148804
0.009825276
0.007940048
0.006275307
0.005122454
0.004340964
0.003657883
0.003059575
0.002571179
0.002009926
0.001467567
0.001040242
0.0007385995
0.0006124616
0.0004301468
0.0001365256
-0.0001543424
-0.0004760211
-0.0006885467
-0.0007643864
-0.00094911
-0.001227825
-0.001414013
-0.001454849
-0.001176942
-0.0005255413
0.0003051471
0.001017136
0.001635495
0.002115771
0.002314125
0.00227328
0.002157494
0.002204242
0.002186636
0.001777317
0.001052325
0.0002404904
-0.0008415938
-0.002032312
-0.0031329
-0.004047013
-0.004695376
-0.005335258
-0.005981941
-0.006508589
-0.007003893
-0.007703088
-0.008597756
-0.009762529
-0.01113272
-0.01230748
-0.0132439
-0.0141009
-0.01482325
-0.01548055
-0.01614346
-0.01666204
-0.01690497
-0.01709876
-0.01744097
-0.01808406
-0.01871014
-0.01916066
-0.01941291
-0.01954341
-0.01949088
-0.01935956
-0.01911439
-0.01890625
-0.01884966
-0.01894841
-0.01941999
-0.02021437
-0.02105946
-0.02155112
-0.02169798
-0.02165663
-0.02127342
-0.02064078
-0.0196934
-0.01840819
-0.01690758
-0.01538159
-0.01388118
-0.0123397
-0.01066182
-0.008692283
-0.00628204
-0.003602308
-0.0009663998
0.001339153
0.003160659
0.004645618
0.006019928
0.007147176
0.008013172
0.008662043
0.009067444
0.009324028
0.009663399
0.01020548
0.01070858
0.01110107
0.01136509
0.01165864
0.01193472
0.0120769
0.01209688
0.0118882
0.01129434
0.01033581
0.009003924
0.007581461
0.006311545
0.005313863
0.004671027
0.004267373
0.004052286
0.004049515
0.004443726
0.005030093
0.005712226
0.006188325
0.006304172
0.006088594
0.005667648
0.00519036
0.004699491
0.004278259
0.003967265
0.003978791
0.00451805
0.005618667
0.006949559
0.008670128
0.01055547
0.0125047
0.01450445
0.01638026
0.01796553
0.01919896
0.01995356
0.02010046
0.01975668
0.01907807
0.01830355
0.01732555
0.01593441
0.01429669
0.01261348
0.01104647
0.009524261
0.007783262
0.006243445
0.004916591
0.003728688
0.002334352
0.0008504444
-0.0006453148
-0.002141823
-0.003726082
-0.005397585
-0.007426521
-0.009642451
-0.01163098
-0.0132138
-0.01438531
-0.01517153
-0.01547836
-0.01546846
-0.01524687
-0.01467852
-0.01360036
-0.01232081
-0.01106319
-0.009756034
-0.008505477
-0.007361065
-0.006340928
-0.005422978
-0.00464149
-0.00404427
-0.003306126
-0.002250951
-0.001012674
0.0003282678
0.00181218
0.003120618
0.004154317
0.005055367
0.005829139
0.006693697
0.007713231
0.008684466
0.009474139
0.01011597
0.01068435
0.01109705
0.01126944
0.01128557
0.01119034
0.01084772
0.0100754
0.008965266
0.007553272
0.005858332
0.004018406
0.001922586
-0.0002695782
-0.002400471
-0.00429275
-0.006016317
-0.007534134
-0.008956546
-0.01010203
-0.01092689
-0.01142469
-0.01153181
-0.01104396
-0.009882005
-0.00831809
-0.006439593
-0.004500979
-0.002654319
-0.001198232
-0.0004419323
-0.0001191704
-0.0001213025
-0.0004405869
-0.0008053463
-0.0007985716
-0.0004273363
-4.357326e-05
0.0004546028
0.0009705316
0.001482023
0.001960258
0.002215259
0.002096572
0.001771655
0.001308178
0.0006500347
-0.0001578816
-0.0009241901
-0.00137341
-0.001456681
-0.00137716
-0.001299025
-0.0009909294
-0.0005239627
-0.0003716098
-0.0006274079
-0.00101676
-0.001640637
-0.002435403
-0.003201993
-0.00373511
-0.004004827
-0.00426767
-0.00448211
-0.004415982
-0.004140134
-0.003762477
-0.003170687
-0.002303534
-0.001286049
5.842528e-05
0.001500746
0.002980358
0.004386284
0.00573993
0.007009547
0.007883768
0.008083142
0.00793796
0.007624764
0.007130904
0.006650667
0.006232595
0.005951326
0.00576704
0.005661339
0.005441137
0.005013524
0.004299827
0.003473838
0.002516157
0.001429977
0.0003899614
-0.0007663008
-0.001728558
-0.002525367
-0.003458656
-0.004323076
-0.005003483
-0.005712572
-0.006310251
-0.006655887
-0.006960389
-0.007190106
-0.007315496
-0.00752048
-0.007795287
-0.00797219
-0.008009266
-0.007945062
-0.007588423
-0.007016046
-0.006498815
-0.005938601
-0.005423728
-0.005043336
-0.004891782
-0.004894744
-0.00491937
-0.004901676
-0.004946521
-0.004950114
-0.00460487
-0.00417894
-0.003801067
-0.003279281
-0.002336692
-0.0008610295
0.0009265227
0.002942792
0.005263971
0.007814863
0.01038532
0.01279413
0.01479474
0.01627483
0.01711572
0.01724862
0.01689934
0.0159645
0.01445913
0.01271925
0.0109597
0.009014603
0.006966099
0.005127235
0.003733158
0.002643452
0.001798529
0.001350353
0.001144773
0.001062365
0.0009505959
0.0006333473
0.0001622823
-0.0001338385
-0.0002651625
-0.0001175744
0.0002402578
0.000480261
0.000487851
0.0001418426
-0.0005363857
-0.001361629
-0.002131537
-0.002987814
-0.003986723
-0.004805853
-0.005524097
-0.00610781
-0.006468066
-0.006455758
-0.005928567
-0.005067708
-0.004162591
-0.00318587
-0.001857505
-0.0003798868
0.000779901
0.001414464
0.001692717
0.001607465
0.001212325
0.0006127453
-0.0001098867
-0.001064911
-0.001982336
-0.002878824
-0.00383882
-0.004611892
-0.005212829
-0.005799823
-0.006362032
-0.006927216
-0.007550713
-0.008199726
-0.008659937
-0.008995186
-0.009194549
-0.00921234
-0.008753524
-0.007759904
-0.006491238
-0.005088546
-0.003590483
-0.002077534
-0.0007629535
0.0001676725
0.0008946618
0.001548016
0.002065727
0.002616645
0.003156989
0.003612813
0.004338496
0.00548524
0.00687233
0.00812944
0.009125916
0.009968534
0.01061934
0.01096329
0.01122185
0.01142275
0.01146258
0.01144393
0.01135884
0.01126593
0.01120887
0.01100959
0.01045781
0.009605616
0.008616997
0.007361184
0.005868659
0.004427253
0.003110313
0.001750601
0.0004509717
-0.0008411098
-0.0021432
-0.003563323
-0.005070669
-0.006735602
-0.008504862
-0.01018808
-0.011617
-0.01261059
-0.01298516
-0.0126954
-0.01195122
-0.01090496
-0.009824627
-0.008781261
-0.007728254
-0.006757064
-0.006029365
-0.005717819
-0.005738866
-0.006084398
-0.006749894
-0.007471275
-0.008330146
-0.009424876
-0.01060653
-0.01159926
-0.01241817
-0.01293274
-0.01282795
-0.01213578
-0.01102555
-0.009639502
-0.007873887
-0.005851131
-0.003839322
-0.002038617
-0.0006889245
0.000117408
0.0003974038
3.470831e-05
-0.0009857956
-0.00235722
-0.003574656
-0.004419869
-0.004778698
-0.004975205
-0.005144916
-0.005288195
-0.005151665
-0.004675811
-0.004283529
-0.004176985
-0.004064138
-0.003635434
-0.002972405
-0.002168493
-0.001438361
-0.0008657425
-0.0005872624
-0.000696456
-0.001078035
-0.001751093
-0.002682012
-0.003882755
-0.005291645
-0.006789137
-0.008132375
-0.009251667
-0.0100892
-0.01045662
-0.01022728
-0.009438245
-0.008380539
-0.007396018
-0.00656748
-0.005661735
-0.004587946
-0.003205592
-0.001600573
-9.187362e-05
0.001091581
0.001749242
0.001895409
0.001830705
0.00181907
0.001928364
0.002081698
0.00220003
0.002348251
0.002441336
0.002330583
0.002123908
0.001801474
0.001313114
0.0008836448
0.0005129875
0.0001606945
-0.0001013252
-0.0001516959
1.997536e-05
0.0002665482
0.00057219
0.0007739103
0.0008051414
0.0007481578
0.0007056239
0.0006523893
0.0004349131
-4.185009e-05
-0.0008609723
-0.001861369
-0.002941983
-0.004117302
-0.005274821
-0.006210401
-0.006804492
-0.007291183
-0.007742391
-0.007992711
-0.007833022
-0.007321418
-0.006807893
-0.005834648
-0.004114799
-0.001598399
0.001350546
0.004359787
0.007294347
0.009554204
0.01074974
0.01107139
0.01057382
0.009266259
0.007309319
0.005057791
0.002770914
0.0004454757
-0.001736931
-0.003795872
-0.005470318
-0.006632758
-0.007176792
-0.006925487
-0.005881742
-0.004270512
-0.002172965
2.085647e-05
0.001852555
0.00320962
0.004058246
0.004639369
0.00518693
0.005798749
0.006578961
0.007270448
0.007936215
0.008382568
0.008466004
0.008114934
0.007379809
0.006498508
0.00564688
0.00490328
0.004494899
0.00443492
0.004676287
0.005100405
0.00553659
0.005836107
0.005899673
0.005831039
0.005777048
0.005823277
0.0061726
0.006666343
0.006891277
0.006847972
0.006587582
0.00618263
0.005742279
0.005332124
0.004915078
0.004531365
0.004222553
0.003892255
0.003606744
0.003574236
0.003955081
0.004712232
0.005697437
0.006849567
0.008206144
0.009652935
0.01075683
0.01141905
0.01155386
0.01129033
0.01065569
0.009621652
0.008317915
0.0068802
0.00537913
0.003840843
0.002495779
0.001369477
0.0006919179
0.000228346
-8.57693e-05
2.293189e-05
0.0004567936
0.001063114
0.001971067
0.003047532
0.004062715
0.005000173
0.005794366
0.006509921
0.007035077
0.007541954
0.008043898
0.008345887
0.008515135
0.008663411
0.008857671
0.008997789
0.008946513
0.00874227
0.008327317
0.00789768
0.007705731
0.007660995
0.007504527
0.007308419
0.007184871
0.007149928
0.007186913
0.007520028
0.008087441
0.00846571
0.008519922
0.00839813
0.008147932
0.007789834
0.007192399
0.006223003
0.004973211
0.003451182
0.001743458
-1.913678e-05
-0.00206629
-0.004161084
-0.006066872
-0.007537194
-0.008775839
-0.009842566
-0.01081359
-0.0117804
-0.01276073
-0.01372597
-0.0144899
-0.01481642
-0.01480884
-0.01472234
-0.01472069
-0.01481189
-0.01492326
-0.01509345
-0.01546111
-0.01595691
-0.01625694
-0.01644576
-0.016617
-0.01663862
-0.01630185
-0.01557019
-0.01451594
-0.01309204
-0.01151712
-0.009865546
-0.007985061
-0.005877817
-0.003772433
-0.001811424
-2.468803e-05
0.001633288
0.003049276
0.003928176
0.004206227
0.004169863
0.003957817
0.003662495
0.003285364
0.002862352
0.002401425
0.001841447
0.001206977
0.0007408883
0.0005845282
0.0006252619
0.0006854059
0.0006736253
0.0005680585
0.0002734088
-2.199251e-05
-0.000338889
-0.000914615
-0.001749637
-0.002632685
-0.003518673
-0.004221056
-0.004693906
-0.005150563
-0.005544327
-0.005932054
-0.006561965
-0.007278774
-0.007985372
-0.008906511
-0.009953531
-0.01068319
-0.01116551
-0.01142363
-0.01137775
-0.01112263
-0.0108625
-0.0105428
-0.01011887
-0.009649947
-0.008983772
-0.008134981
-0.007389089
-0.006811042
-0.006340875
-0.005982658
-0.00545318
-0.004806579
-0.004080504
-0.00353396
-0.00314637
-0.002944936
-0.003226964
-0.003800278
-0.004156888
-0.004030723
-0.003537706
-0.002893738
-0.002215883
-0.001338398
-0.0002008149
0.001092808
0.002302997
0.003280669
0.003942905
0.004286667
0.004478137
0.004685746
0.004956391
0.005183523
0.005451244
0.005668239
0.005962116
0.006439818
0.007006243
0.007681607
0.008144722
0.008258963
0.008275737
0.008333509
0.008258353
0.007848216
0.007033912
0.006037796
0.005183957
0.004454685
0.003558683
0.002640346
0.001681756
0.0009055829
0.0005322558
0.0004270877
0.0006366569
0.001142634
0.00189674
0.002705134
0.003448556
0.003998222
0.004145974
0.003832232
0.003179657
0.002287054
0.001225437
0.0001433581
-0.001066243
-0.002303372
-0.003639214
-0.00506491
-0.006741132
-0.008422356
-0.009577431
-0.01005276
-0.01013627
-0.009781136
-0.008892516
-0.007570758
-0.006088288
-0.004643379
-0.003301387
-0.001873041
-0.0008109605
-0.0004218353
-0.0006472406
-0.001305576
-0.00227986
-0.003264444
-0.00417123
-0.005167558
-0.006155438
-0.006843182
-0.006813994
-0.006018194
-0.00472142
-0.003158501
-0.001602124
-4.501722e-05
0.001619564
0.003188145
0.004792491
0.006186987
0.007265495
0.007943401
0.008587591
0.009158618
0.009806375
0.01038546
0.01092857
0.01152712
0.01218327
0.01285469
0.01352651
0.01414011
0.01457837
0.01491983
0.0150653
0.01474084
0.01408617
0.0131715
0.01202226
0.01075461
0.009376432
0.00806212
0.006632364
0.005293769
0.004168138
0.003213391
0.002178918
0.000909339
-0.0004232404
-0.001757416
-0.003142214
-0.004546667
-0.005625873
-0.006441673
-0.006961956
-0.007157877
-0.007147948
-0.006792697
-0.006104508
-0.005207701
-0.004207686
-0.003168066
-0.002082843
-0.001095977
-0.0002140808
0.0006282403
0.001214478
0.001264809
0.000965495
0.0004581912
-0.0002034215
-0.0007690569
-0.0009905876
-0.0009375961
-0.0007016718
-0.0002597035
0.0004788807
0.001623431
0.002666522
0.003504964
0.003939768
0.003943154
0.003484353
0.002633314
0.001675698
0.0004742482
-0.001048227
-0.00252024
-0.004019477
-0.005689043
-0.007733357
-0.009886484
-0.0117321
-0.01315483
-0.01421689
-0.01489999
-0.01520458
-0.01507716
-0.01440901
-0.01328544
-0.0118759
-0.0101258
-0.007910257
-0.00573211
-0.003735844
-0.00165989
0.0005236184
0.002295646
0.003396449
0.004059559
0.004627578
0.005034758
0.005348541
0.005785532
0.00610744
0.006142294
0.005914501
0.005515202
0.005004692
0.00460332
0.004439079
0.004433992
0.004611721
0.00506183
0.005497471
0.006017706
0.006546803
0.00698571
0.007198998
0.007219172
0.007066962
0.006465224
0.005334485
0.00362926
0.001344438
-0.001247649
-0.003721079
-0.005686682
-0.007023232
-0.007761201
-0.008144853
-0.008154362
-0.007762276
-0.007318332
-0.006690526
-0.00585904
-0.004969701
-0.00405256
-0.002943408
-0.001451694
6.744405e-05
0.001320724
0.00210906
0.002244152
0.002002448
0.001591364
0.0009420713
0.0003619325
-1.287149e-05
-0.0002235124
-0.0001087594
0.0001644262
0.0003637405
0.0005832097
0.0004023888
-0.0004006672
-0.001529648
-0.002673426
-0.003462148
-0.003691573
-0.003455756
-0.002796287
-0.001826297
-0.0006748471
0.000534417
0.00171484
0.002671078
0.003389476
0.004107844
0.004784717
0.005164735
0.005251868
0.005212275
0.005023425
0.004738534
0.004417746
0.003950102
0.003342319
0.002689343
0.002033979
0.001315253
0.0005231151
-0.0001206117
-0.0005424653
-0.00107873
-0.001798993
-0.002538186
-0.003127795
-0.00349376
-0.003262884
-0.002524254
-0.001642497
-0.0006613402
0.0004518565
0.001606881
0.002591148
0.003358036
0.003818781
0.004332721
0.004877983
0.005470207
0.006309795
0.007266088
0.007931613
0.008271033
0.008313726
0.008149974
0.00790033
0.007664583
0.007547098
0.007401726
0.007287613
0.007288566
0.007553782
0.007839493
0.007956296
0.008016017
0.008053927
0.007891657
0.007469043
0.006767744
0.005630805
0.00442114
0.003284726
0.00236681
0.001619461
0.0007046054
-8.295309e-05
-0.0004396698
-0.0002912501
0.0003208493
0.001123343
0.001829908
0.002229579
0.002356294
0.002079054
0.001392778
6.668377e-05
-0.00176921
-0.003643414
-0.005148982
-0.006163802
-0.00680955
-0.007164132
-0.007109198
-0.006414763
-0.005221709
-0.003756033
-0.001988325
6.802742e-05
0.002009998
0.003581894
0.004561537
0.004912241
0.005122596
0.005314128
0.005401104
0.005348554
0.005259515
0.005203688
0.005006375
0.004640415
0.004184771
0.003585153
0.00282901
0.002072546
0.001309605
0.000526618
-6.382694e-05
-0.0003469853
-0.0002982871
-7.378684e-05
9.72111e-05
0.0002123707
0.0003292725
0.0005892143
0.0007382431
0.0006548604
0.0004071941
0.0001199542
-4.561501e-05
-5.171629e-05
-5.232625e-05
-7.905488e-05
-2.39144e-05
0.0003408121
0.001147429
0.002124303
0.003055024
0.004147737
0.005304498
0.006331235
0.006862807
0.006924113
0.006770202
0.006318977
0.005502597
0.004493098
0.003562461
0.003013392
0.002650366
0.002351443
0.002089997
0.001940263
0.002131891
0.002666771
0.00346241
0.004425709
0.0055347
0.006609907
0.007359976
0.007498209
0.007226807
0.006708775
0.005859216
0.0047729
0.003467963
0.0020467
0.0007005251
-0.0006516587
-0.001906513
-0.002843434
-0.003448485
-0.003709718
-0.00376387
-0.003784309
-0.003850815
-0.003910486
-0.003626898
-0.003070945
-0.002419482
-0.001678705
-0.0008465523
-0.0002306896
7.116252e-05
5.839779e-05
-0.0002932409
-0.0008212426
-0.001639641
-0.002712592
-0.003857068
-0.004944114
-0.005719041
-0.006434702
-0.007148438
-0.007583728
-0.007606597
-0.007199178
-0.006595386
-0.005869339
-0.005226298
-0.004704148
-0.004333669
-0.004179899
-0.004052557
-0.004055764
-0.004327867
-0.004667096
-0.005199054
-0.005874494
-0.006459467
-0.006978895
-0.007438164
-0.00758358
-0.007164024
-0.006549971
-0.0057451
-0.004524548
-0.002923626
-0.001083117
0.0009187654
0.002884056
0.00448346
0.005666294
0.006323713
0.006262713
0.005549508
0.004569713
0.003552083
0.002228699
0.00058159
-0.00111236
-0.002807135
-0.004423117
-0.005770219
-0.006837038
-0.007443978
-0.007735552
-0.008000412
-0.008033823
-0.007901515
-0.007691571
-0.007290726
-0.006831186
-0.006587589
-0.006630225
-0.006876003
-0.007115447
-0.007180721
-0.00719142
-0.007004859
-0.006536325
-0.00569662
-0.004442784
-0.002927958
-0.001296801
0.0002668657
0.001517439
0.002201045
0.002154869
0.001688012
0.00102037
0.0001396099
-0.0008384211
-0.001805994
-0.002552167
-0.002885371
-0.002905788
-0.002747613
-0.002394361
-0.001719115
-0.0006864175
0.0005779698
0.001766032
0.002638484
0.003121376
0.003119963
0.002744083
0.002024024
0.001161458
0.0002044385
-0.0008677198
-0.001872419
-0.00271854
-0.003213513
-0.003272549
-0.002921936
-0.002417155
-0.001721678
-0.0008623802
4.496907e-05
0.001103808
0.002224284
0.003320733
0.004314729
0.005321987
0.006384557
0.007176573
0.007467519
0.007304748
0.006910357
0.006525179
0.005967527
0.005131342
0.004113966
0.00284191
0.001576079
0.0001867084
-0.001179122
-0.002467007
-0.003551079
-0.004632952
-0.005570835
-0.006203417
-0.006537923
-0.006646079
-0.006585203
-0.006412752
-0.005930003
-0.00516638
-0.00421493
-0.003079917
-0.001908069
-0.000853389
1.785101e-05
0.0006208651
0.001255411
0.001859863
0.002244841
0.002625942
0.003136654
0.003753664
0.004473324
0.005267657
0.006025864
0.006754855
0.007283193
0.007547512
0.007620008
0.007739801
0.007767621
0.007447925
0.006927792
0.006213843
0.005379367
0.004575788
0.003832222
0.003122558
0.002473085
0.00201186
0.001811657
0.001454986
0.0008675657
0.0001839581
-0.0004988165
-0.0009819426
-0.001492662
-0.001922475
-0.002197914
-0.002252741
-0.001962231
-0.001454954
-0.0006245844
0.0006162657
0.00210171
0.003629608
0.005065221
0.006429572
0.00742283
0.008004509
0.008271406
0.008146647
0.007892304
0.007688175
0.007376893
0.00702881
0.006736619
0.006221855
0.005415465
0.00449538
0.003726565
0.003274328
0.002885261
0.002573901
0.002416932
0.002409771
0.002627585
0.00302021
0.003305713
0.003430535
0.003347656
0.003125667
0.00287504
0.002598119
0.002195796
0.001833544
0.001660098
0.001438796
0.0009888866
0.0005169249
7.810484e-05
-0.0002231864
-0.0003155718
-0.0004008905
-0.0006337113
-0.0008576107
-0.0009618375
-0.0009204161
-0.0006483052
-0.0003776519
-0.0002803292
-0.0003283605
-0.0003952479
-0.0003129968
-0.0002620189
-0.0003120835
-0.0005452803
-0.0009437878
-0.001401299
-0.001663395
-0.00168446
-0.001565181
-0.0011578
-0.0005671218
0.0001142214
0.0008678863
0.001670635
0.002396864
0.003005306
0.003379109
0.003590831
0.003730764
0.003818321
0.003954683
0.004076727
0.004135603
0.004097704
0.003679049
0.003038214
0.002312553
0.001625113
0.0008036814
-0.0001830537
-0.00121451
-0.002325401
-0.00344678
-0.00449051
-0.005319318
-0.005839394
-0.005957603
-0.005673492
-0.005263225
-0.004632001
-0.00372407
-0.002624723
-0.00151844
-0.0005737815
0.000238754
0.0009705255
0.001627796
0.002052624
0.00257691
0.003127901
0.003434528
0.003514272
0.003549407
0.003629462
0.003762298
0.004033545
0.00426508
0.004358224
0.004352281
0.004353835
0.00443851
0.004629089
0.004777866
0.004820249
0.004791052
0.004753372
0.004716429
0.00447944
0.003870359
0.003000666
0.002122787
0.001341241
0.0003371163
-0.0005520722
-0.001095036
-0.001400892
-0.00151892
-0.001549677
-0.001407731
-0.0009970948
-0.0005742919
-0.0003975805
-0.0004217749
-0.0002362425
0.0003013733
0.0008742473
0.001434951
0.001952292
0.00258667
0.003155124
0.0035172
0.003908602
0.004359924
0.004651399
0.004730099
0.00469582
0.00450318
0.004198329
0.004006659
0.003667931
0.003025221
0.002162394
0.001210821
0.0001109178
-0.001031704
-0.002106436
-0.002789703
-0.003251989
-0.003741002
-0.004100048
-0.004259123
-0.004402605
-0.004671198
-0.00486817
-0.004737051
-0.004458594
-0.004290512
-0.004292387
-0.004374158
-0.004491155
-0.004747503
-0.005120786
-0.00555067
-0.006145925
-0.006755892
-0.007340261
-0.007830769
-0.008070503
-0.008070096
-0.007798993
-0.007297558
-0.006869319
-0.006427176
-0.005885826
-0.005172636
-0.004325124
-0.003479771
-0.002680065
-0.002099756
-0.00188317
-0.00179763
-0.001882684
-0.002327184
-0.003134331
-0.004087323
-0.004988386
-0.005770752
-0.006398889
-0.006698764
-0.006736915
-0.006568999
-0.006057907
-0.005293098
-0.004554341
-0.003827531
-0.003187256
-0.002731444
-0.002716715
-0.003137051
-0.003569225
-0.003965286
-0.004259764
-0.004482509
-0.004927533
-0.005196552
-0.005114218
-0.00476962
-0.004427593
-0.004309779
-0.00438013
-0.00436662
-0.004018098
-0.00358875
-0.00344889
-0.003589681
-0.003768284
-0.003879939
-0.004106677
-0.004377134
-0.004708414
-0.004942296
-0.004948041
-0.004671011
-0.004379943
-0.004080205
-0.003659029
-0.003293343
-0.003150463
-0.003176891
-0.003233864
-0.003236541
-0.003186138
-0.003093229
-0.002914913
-0.002773936
-0.002635143
-0.002508253
-0.00231774
-0.002044918
-0.001866013
-0.001828139
-0.001806578
-0.001727406
-0.001561348
-0.001305088
-0.001226373
-0.001492624
-0.001811527
-0.001949431
-0.001908183
-0.001810787
-0.001787387
-0.002046247
-0.002608047
-0.003093364
-0.003253543
-0.003168284
-0.003042106
-0.003006124
-0.003063353
-0.003145954
-0.003195172
-0.003206796
-0.003359266
-0.003804272
-0.004286004
-0.004510642
-0.004484284
-0.004252167
-0.003709345
-0.002998994
-0.002118146
-0.00106748
0.0001401016
0.001415744
0.002613016
0.003759982
0.004892733
0.005798697
0.006545458
0.006968876
0.007083093
0.007009487
0.006843842
0.006585075
0.006210396
0.005690537
0.005077677
0.004682692
0.004377724
0.003925985
0.003391936
0.002935287
0.002459482
0.001934048
0.001567257
0.001457062
0.001499168
0.001678899
0.001840303
0.001936359
0.001979126
0.001968745
0.001785155
0.001389147
0.0009364342
0.0003575754
-0.000238358
-0.0008271942
-0.001416833
-0.001756611
-0.001818576
-0.001640528
-0.00119829
-0.0007278406
-0.0004819146
-0.0001516444
0.0003045371
0.0008037924
0.001437218
0.001935199
0.002481557
0.003219024
0.004260579
0.005332687
0.006243016
0.006862255
0.007047101
0.006795009
0.006316315
0.005645572
0.00475708
0.003773429
0.002863102
0.002090198
0.001616103
0.001263366
0.001040418
0.001290002
0.001808348
0.002261941
0.002701458
0.003051781
0.003004773
0.002503764
0.001823085
0.001277339
0.0008362956
0.0003610448
-0.0001407863
-0.0004539985
-0.0005102191
-0.0002282622
0.0003609307
0.001211581
0.002120647
0.003145149
0.004134669
0.005039407
0.005637942
0.006016424
0.006114459
0.005662921
0.004809582
0.003617334
0.002240788
0.0008238722
-0.0007125202
-0.002293279
-0.003672693
-0.004754808
-0.005343298
-0.005602484
-0.005847757
-0.005880879
-0.005610461
-0.004872863
-0.003840093
-0.002740912
-0.001530537
-0.0003455584
0.0006487632
0.001127825
0.0009416274
0.0002742952
-0.0005363919
-0.001226878
-0.001664981
-0.001810198
-0.001861885
-0.001841463
-0.001776501
-0.001394183
-0.0008269924
-0.0001120834
0.0004942087
0.000937877
0.001176697
0.001186866
0.0009048875
0.0004276911
-0.0002087604
-0.0006653004
-0.001028559
-0.001445846
-0.001753728
-0.00187215
-0.001933874
-0.002076774
-0.002317195
-0.002495434
-0.002349498
-0.001732105
-0.0008156655
0.0003700271
0.001824539
0.003317586
0.004784668
0.006153274
0.007401564
0.008338003
0.008903186
0.009088756
0.008955845
0.008505323
0.007868047
0.00714594
0.006361841
0.005453436
0.004497886
0.003484543
0.002529244
0.001746682
0.0009744693
4.774648e-05
-0.0009418551
-0.001862443
-0.002434559
-0.002792801
-0.003007271
-0.003055379
-0.002686621
-0.002143843
-0.001543391
-0.0009766476
-0.0006601464
-0.000593314
-0.0008863733
-0.001302157
-0.00188602
-0.0027965
-0.003719016
-0.004605623
-0.005317413
-0.005629071
-0.005635064
-0.005573075
-0.00559117
-0.005690005
-0.005795403
-0.005847757
-0.005840362
-0.005801032
-0.00557298
-0.005040078
-0.004369804
-0.003543934
-0.00262868
-0.001817251
-0.001166331
-0.0007851003
-0.0005742972
-0.0004758245
-0.0005915567
-0.0008367907
-0.001133812
-0.00133036
-0.001576557
-0.00185497
-0.00220168
-0.002523885
-0.002898691
-0.003183721
-0.003286311
-0.003360794
-0.003404372
-0.003429046
-0.003367589
-0.003145767
-0.002547286
-0.001624631
-0.0004514629
0.0007340861
0.001857749
0.002911877
0.003806959
0.004370543
0.004836115
0.0052032
0.005311739
0.005279571
0.005148451
0.004825159
0.00454803
0.004464273
0.004515032
0.004578081
0.004584866
0.004525545
0.004272472
0.003911326
0.003438853
0.002847841
0.002219256
0.00161676
0.0009979335
0.000283376
-0.0004540923
-0.001153842
-0.001692918
-0.001920208
-0.00191729
-0.001705829
-0.00124684
-0.0005855616
0.0003681522
0.001402318
0.002351119
0.003287855
0.004037083
0.004437105
0.004450278
0.004218142
0.003754955
0.003058722
0.002253423
0.001564236
0.0009981136
0.0002712803
-0.0003647633
-0.0006480699
-0.0006073471
-0.0002684752
0.0001784316
0.000578042
0.0009980451
0.001400868
0.001536639
0.001294668
0.0006208678
-0.0002714626
-0.001140264
-0.001789284
-0.00239228
-0.002909109
-0.003165087
-0.003315127
-0.003456052
-0.003429324
-0.003301261
-0.00288092
-0.002322383
-0.001812554
-0.001245922
-0.0008765485
-0.0007281259
-0.0004940475
-8.756e-05
0.0003499642
0.0007808814
0.0012855
0.001788709
0.002424361
0.003231338
0.004234771
0.005526097
0.006833586
0.007998975
0.009058322
0.009788678
0.01001271
0.009609566
0.008812388
0.007636048
0.006134532
0.004616739
0.003433832
0.002602149
0.001912663
0.001401007
0.001288078
0.001617708
0.002045139
0.002582757
0.003203289
0.00389048
0.004307528
0.004260409
0.003873494
0.003507883
0.002979928
0.002209739
0.001338834
0.0003167985
-0.0007786573
-0.001893494
-0.002936831
-0.003689028
-0.004192348
-0.004659086
-0.005243198
-0.005660571
-0.00556151
-0.005021984
-0.004584734
-0.004385641
-0.004225436
-0.004150073
-0.004253532
-0.004480117
-0.004676909
-0.004728796
-0.004801296
-0.004916779
-0.004926982
-0.00488582
-0.004795663
-0.004702045
-0.004665721
-0.004678572
-0.004548951
-0.004013239
-0.003312926
-0.002436465
-0.00148614
-0.0005874477
0.0001278904
0.0006408871
0.0009368651
0.0009055932
0.00049564
9.584782e-06
-0.000349478
-0.0006004757
-0.0006881819
-0.0006735815
-0.0006591199
-0.0006901599
-0.0007386017
-0.0005873591
-0.0001200359
0.000382625
0.0008810771
0.001414549
0.001816275
0.002230865
0.002692865
0.002991551
0.003072436
0.003041165
0.003014512
0.003037112
0.003044183
0.002689865
0.002081388
0.001439284
0.0006585318
-0.0003499582
-0.001371608
-0.002391655
-0.003260214
-0.003957981
-0.004637951
-0.00531199
-0.005719535
-0.005826151
-0.005765635
-0.005443947
-0.004921066
-0.004277172
-0.003691416
-0.003396303
-0.003130916
-0.002698607
-0.002309337
-0.002128972
-0.001907075
-0.001328288
-0.0005294263
0.0002614025
0.001031558
0.001575184
0.001844927
0.001963983
0.001922481
0.001780626
0.001710144
0.001744702
0.001713502
0.001488762
0.001128495
0.0007153516
0.0003578693
-8.167431e-05
-0.0006621464
-0.001174401
-0.001602611
-0.002145123
-0.002608705
-0.003026144
-0.003282618
-0.003259376
-0.002777694
-0.002196684
-0.001659484
-0.001036611
-0.0002945075
0.0003036381
0.0009088692
0.00146071
0.001950468
0.002483605
0.002886418
0.00312848
0.003291797
0.003578358
0.003714912
0.003559978
0.003309014
0.003182995
0.003122602
0.003115221
0.003111449
0.002909064
0.002475412
0.0018187
0.001156386
0.000460794
-0.0002139674
-0.0006390137
-0.00074323
-0.0006497804
-0.0002422415
0.000331291
0.0009911602
0.001534526
0.001690479
0.001399021
0.0009447828
0.000190404
-0.0009037655
-0.002125274
-0.003208301
-0.004076979
-0.004822353
-0.005402158
-0.005700245
-0.005730481
-0.005343587
-0.004618301
-0.003819042
-0.003247901
-0.002738068
-0.002397969
-0.002283012
-0.002284592
-0.002281056
-0.002230533
-0.002206447
-0.002255803
-0.002449868
-0.002948746
-0.003379214
-0.0035367
-0.003643065
-0.003832419
-0.004161484
-0.004424452
-0.004522266
-0.004419196
-0.004099036
-0.003835441
-0.003647093
-0.003385754
-0.00291065
-0.00225541
-0.001542095
-0.0008630583
-0.000333324
6.770022e-05
0.00022109
2.789649e-05
-0.0002340497
-0.0005830396
-0.001072296
-0.001488807
-0.001842192
-0.002033269
-0.002069842
-0.002019754
-0.001683257
-0.0011516
-0.0008202444
-0.0006521565
-0.0003307601
9.888685e-05
0.0003775141
0.0004422615
0.0003972648
0.0003533385
0.0002029589
-0.0001511261
-0.0005270415
-0.0009499818
-0.001313085
-0.001652734
-0.001965549
-0.002320077
-0.002923212
-0.003632356
-0.004191116
-0.004753439
-0.005270395
-0.005674553
-0.005857863
-0.00570896
-0.004986209
-0.00363531
-0.001910635
7.261958e-05
0.002147145
0.004039138
0.005820744
0.007486507
0.009025603
0.01009248
0.01046716
0.01027037
0.009745301
0.008969186
0.008006007
0.006872528
0.005535383
0.004083865
0.002785572
0.001790264
0.001058024
0.000521247
0.0003133868
0.000461735
0.001040522
0.001851739
0.002708337
0.003519555
0.00405622
0.004116398
0.003661553
0.002855681
0.002081451
0.001704898
0.001738217
0.001939232
0.002314304
0.002662864
0.002507348
0.001574558
7.233396e-05
-0.001933604
-0.004321403
-0.006716296
-0.008746113
-0.01008301
-0.01056341
-0.01016279
-0.00919776
-0.007971423
-0.006791067
-0.006076806
-0.005767178
-0.005603546
-0.005387883
-0.005099995
-0.004743488
-0.004327059
-0.004071199
-0.004077214
-0.004453376
-0.005091732
-0.005886837
-0.0065165
-0.006657115
-0.006158492
-0.004988237
-0.003309585
-0.001494309
0.0001204311
0.001414683
0.002321142
0.003065699
0.003778543
0.004502458
0.00518344
0.005838135
0.006237989
0.006263556
0.006098544
0.005575301
0.004536965
0.003403925
0.00243636
0.001915224
0.001846626
0.001962427
0.002159416
0.00233762
0.002279505
0.001683677
0.0005885377
-0.0009379885
-0.002575858
-0.004032392
-0.005068614
-0.005768384
-0.005951098
-0.005740885
-0.005135515
-0.004171138
-0.003124405
-0.002228326
-0.001510871
-0.001155054
-0.001099116
-0.001119374
-0.0008524906
-0.0002865071
0.0003380281
0.001060805
0.001851201
0.002748157
0.003669578
0.004474115
0.005116203
0.005422162
0.005458071
0.005288185
0.004991416
0.004660753
0.004150773
0.003700297
0.003173728
0.002502182
0.001946473
0.001574629
0.001266155
0.0009859466
0.0008022165
0.001064851
0.001535151
0.001909996
0.002393414
0.003101317
0.003840564
0.00430904
0.004364272
0.003964626
0.003375015
0.00264082
0.001796485
0.00108651
0.0004703585
-8.016944e-05
-0.0002732956
7.824785e-05
0.0008158063
0.001601422
0.002204781
0.002630591
0.002872583
0.003038595
0.003242549
0.003434516
0.00342457
0.002941871
0.002062764
0.0008976933
-0.0003910936
-0.001633756
-0.002633283
-0.003401576
-0.003761117
-0.003616585
-0.00329244
-0.002789245
-0.002325248
-0.001833724
-0.0013189
-0.0008976232
-0.000410378
3.871012e-05
0.0002018409
-8.805492e-06
-0.0004776789
-0.001134714
-0.001772424
-0.002448418
-0.003231181
-0.004005106
-0.004755593
-0.005256647
-0.005429541
-0.005128148
-0.004757124
-0.004627323
-0.004544356
-0.004218945
-0.003801625
-0.003558409
-0.003523396
-0.003580159
-0.003616556
-0.003596928
-0.00354746
-0.003478927
-0.003209214
-0.002707684
-0.00225602
-0.001847755
-0.001485317
-0.001217243
-0.001061428
-0.0008994284
-0.0006810392
-0.0004162725
-0.0003043362
-0.00043813
-0.0007262513
-0.000949719
-0.0009812786
-0.0006962312
-0.0001956664
0.0001876923
0.0002008229
5.501296e-06
-0.0002285192
-0.0003411377
-0.000306746
-0.0002145699
-0.0001547386
-3.458791e-05
0.000197674
0.0005592138
0.001147055
0.001691513
0.002391819
0.003279011
0.004121005
0.004911463
0.005295313
0.00508456
0.004468924
0.003656435
0.002669639
0.00162715
0.0006652089
-0.0002658546
-0.001004686
-0.001338044
-0.001333882
-0.001072642
-0.0008355373
-0.0006108619
-0.0001680282
0.0002688794
0.0008346506
0.001370791
0.001675458
0.001839241
0.002113351
0.002412035
0.002653528
0.002846969
0.003004976
0.003173156
0.003487161
0.003936594
0.004347968
0.00477253
0.005117547
0.005368924
0.005571117
0.005586169
0.005250754
0.004844001
0.00441621
0.003949121
0.003591907
0.003105275
0.002585782
0.002146658
0.001844483
0.001734528
0.001741713
0.001760822
0.001741352
0.001693901
0.001651791
0.001635741
0.001643333
0.001659209
0.001671219
0.001767287
0.002053629
0.002427473
0.002518355
0.002311031
0.001902355
0.001594922
0.001435654
0.001358509
0.001425165
0.001612505
0.001667922
0.001504161
0.001187624
0.0006553492
-0.0001784802
-0.001310188
-0.002601101
-0.003691641
-0.004484485
-0.004903538
-0.004920139
-0.00472459
-0.004452397
-0.004054049
-0.00362934
-0.00305812
-0.002535109
-0.002300668
-0.002286925
-0.002068856
-0.00150878
-0.001026626
-0.0007244122
-0.0002896889
0.0001601678
0.0006194922
0.001053397
0.001337736
0.001377319
0.001164778
0.0008596486
0.000660437
0.0004882284
0.0002580931
-0.0001397633
-0.0005300304
-0.0008142229
-0.0009158539
-0.0008967309
-0.0008613552
-0.0008666725
-0.0009073407
-0.0009229787
-0.0006201316
0.0001005897
0.001049749
0.001989135
0.002823206
0.00356792
0.004046533
0.004527109
0.005065852
0.00536532
0.00530341
0.004965533
0.004299506
0.003347783
0.002395241
0.001499321
0.000543333
-0.0005170208
-0.001535509
-0.002331594
-0.002683837
-0.002599913
-0.002121834
-0.001243444
-7.216687e-05
0.00118721
0.002377931
0.003160853
0.003384146
0.003304482
0.003141809
0.00259303
0.001478057
6.676154e-05
-0.001212558
-0.002260725
-0.003052283
-0.00361342
-0.004081021
-0.004491379
-0.004881505
-0.005130419
-0.005214826
-0.005136546
-0.004948698
-0.004776243
-0.004387419
-0.003860913
-0.003265973
-0.002590667
-0.001837929
-0.001175544
-0.0005030093
0.0002727185
0.001119064
0.001805427
0.002396083
0.002753267
0.00293373
0.003267074
0.003787849
0.00417897
0.004300266
0.004246235
0.004171452
0.004158903
0.004065513
0.003730148
0.003136695
0.002521465
0.001993181
0.001732638
0.001720384
0.001797259
0.001923108
0.002005024
0.002105711
0.002180134
0.002107772
0.001858409
0.00155475
0.001212421
0.000715259
7.765955e-05
-0.0006999811
-0.001314803
-0.001784751
-0.002309408
-0.002770344
-0.003089691
-0.003323162
-0.0034439
-0.003479717
-0.003487021
-0.003490199
-0.003260997
-0.00271781
-0.002282884
-0.002053533
-0.001666627
-0.001233129
-0.0009967269
-0.0009676083
-0.001018969
-0.001071078
-0.001247808
-0.001459123
-0.001699588
-0.00200255
-0.00219596
-0.00223402
-0.002195356
-0.002162832
-0.001994706
-0.001566049
-0.001208491
-0.001031768
-0.0009964595
-0.001023716
-0.001036842
-0.001009326
-0.0008548074
-0.0004204352
0.0001130011
0.0004401631
0.0005567279
0.0003210794
-0.0001108884
-0.0005165892
-0.0008266176
-0.0009268425
-0.0008749073
-0.0005963912
7.401128e-05
0.001019465
0.001808329
0.002375369
0.002853064
0.003482893
0.004025093
0.004625698
0.005254795
0.005968963
0.006579285
0.007060843
0.007611212
0.008023711
0.008272984
0.008420698
0.008305476
0.007830232
0.007300288
0.006803467
0.0063476
0.005889264
0.005489889
0.005181282
0.005020394
0.005148136
0.00525516
0.005105671
0.004694253
0.004088336
0.003593837
0.003233633
0.002828213
0.002380357
0.001968758
0.00171735
0.001462656
0.001190599
0.0007656162
0.0003052511
-9.336578e-05
-0.0005246447
-0.0008154887
-0.0008956212
-0.0008609179
-0.0008872708
-0.001060551
-0.001332642
-0.001635257
-0.002077928
-0.002667288
-0.003230747
-0.003582022
-0.003717798
-0.003632799
-0.003470858
-0.003226018
-0.00273532
-0.002323271
-0.00219666
-0.002216193
-0.002136509
-0.001887124
-0.001615869
-0.001389225
-0.001309273
-0.001333836
-0.001353404
-0.001249643
-0.001054124
-0.000916596
-0.0008875137
-0.0008909044
-0.0006881018
-0.000384836
-0.0002029221
-0.0001853529
-0.0002456536
-0.0002900284
-0.0002835819
-0.0002453663
-0.0002105799
-0.0001980499
-0.0001546402
-2.041264e-05
0.0001895597
0.0003523005
0.000490442
0.000775791
0.001196794
0.001557603
0.001695552
0.001663064
0.00159658
0.001583216
0.001625986
0.001682182
0.001677628
0.001450513
0.001169255
0.0009152232
0.0007134193
0.0005399731
0.000687143
0.001238793
0.001774218
0.0022334
0.00274516
0.003432119
0.004121615
0.004831111
0.005345465
0.005522568
0.005485326
0.005219801
0.004757766
0.00423171
0.003758129
0.003320552
0.002788235
0.002062051
0.00140016
0.0006737328
-0.0004440262
-0.001547376
-0.002565082
-0.003371448
-0.004089799
-0.004528854
-0.004657923
-0.004643257
-0.004665694
-0.004823596
-0.004913169
-0.004896881
-0.004839615
-0.004659993
-0.004213312
-0.003709191
-0.003457224
-0.003514045
-0.003863115
-0.004233532
-0.004592594
-0.004785984
-0.004788221
-0.00471635
-0.00458126
-0.004145269
-0.003623311
-0.003007051
-0.002435486
-0.001884882
-0.001340513
-0.0009977285
-0.0006941231
-0.0003116108
0.0001021807
0.0003141169
0.0002292858
-3.248188e-05
-0.0002962124
-0.0006639139
-0.001126088
-0.001493538
-0.001900719
-0.002384473
-0.002891465
-0.003290142
-0.003427474
-0.003179224
-0.002630752
-0.00215299
-0.001709161
-0.001255386
-0.001002631
-0.0009660037
-0.0009366146
-0.0004678985
0.0001957916
0.0009428212
0.001723499
0.002530982
0.003361577
0.004040893
0.004513752
0.004663293
0.00437045
0.003801413
0.00298568
0.00184182
0.0004697563
-0.0009065025
-0.002020484
-0.002882019
-0.003508085
-0.003934608
-0.004315899
-0.004665772
-0.004835051
-0.0048082
-0.00443881
-0.0036044
-0.002542607
-0.001435561
-0.0003641107
0.0006795545
0.001422992
0.001703391
0.001536385
0.001117072
0.0004560795
-0.0005378152
-0.001765748
-0.003041202
-0.004062085
-0.004547007
-0.004698045
-0.004837708
-0.004785769
-0.004396756
-0.003676486
-0.002805961
-0.001927947
-0.001081692
-0.000263168
0.0005620874
0.001240608
0.001573661
0.001618719
0.001574073
0.001578961
0.001650899
0.001736244
0.001784211
0.001755897
0.001489062
0.001086566
0.0008458353
0.0008901805
0.001193057
0.001520424
0.001743431
0.001789235
0.001872762
0.002085587
0.002280963
0.002547915
0.002875069
0.003226678
0.00353669
0.003787808
0.003922998
0.003850867
0.003531804
0.003166522
0.002954813
0.002623223
0.00202739
0.001396537
0.0007269155
-3.729635e-05
-0.0008862823
-0.00168651
-0.002481945
-0.00310183
-0.003513853
-0.003964643
-0.004404672
-0.004650611
-0.00476485
-0.004809627
-0.004759172
-0.004681614
-0.004427393
-0.003916222
-0.003267706
-0.002787339
-0.002469838
-0.002300837
-0.002255058
-0.002061585
-0.001487597
-0.0008928586
-0.0002559305
0.0003276417
0.0009574637
0.001485493
0.001852924
0.002017675
0.002054148
0.001995127
0.001859055
0.00173964
0.001635512
0.001597294
0.001614274
0.001626278
0.001695853
0.001768812
0.001918021
0.002221017
0.002673523
0.00301803
0.003117625
0.003160585
0.003220824
0.003112404
0.002740075
0.002343405
0.001920152
0.001477752
0.001010873
0.0004796286
4.993216e-05
-0.0003233702
-0.000608829
-0.0007327181
-0.0007430684
-0.0007280764
-0.0005621781
-5.896625e-05
0.0004539187
0.001026347
0.001535634
0.001959009
0.002499261
0.00290547
0.003049829
0.002947336
0.002584939
0.001966941
0.0011974
0.000218507
-0.000900341
-0.001952122
-0.002751433
-0.003149675
-0.003211307
-0.003166629
-0.00318308
-0.00327925
-0.003199224
-0.002708331
-0.00216029
-0.001536576
-0.001007423
-0.0006226527
-0.0003414536
-0.0002299799
-0.0004201851
-0.000907686
-0.001459395
-0.002058252
-0.00243347
-0.002774764
-0.003090999
-0.003262669
-0.0031765
-0.002747877
-0.002242042
-0.001999171
-0.001992339
-0.001855965
-0.001574191
-0.001159231
-0.0008422882
-0.0006671629
-0.0002447398
0.0006079064
0.00149393
0.002089752
0.002533886
0.002820614
0.002812969
0.002603258
0.002338216
0.001882816
0.001427241
0.001195847
0.000979401
0.0007628617
0.0007808248
0.001059407
0.001429193
0.00175715
0.002193255
0.002744717
0.00306599
0.003005165
0.002887817
0.002788575
0.002658026
0.002343943
0.001918253
0.001500017
0.001095499
0.0005818433
-9.663148e-05
-0.0007241436
-0.001141159
-0.001491864
-0.00159922
-0.001247635
-0.0006714087
-0.0001174629
0.000444843
0.001142417
0.001705105
0.002165086
0.002530503
0.002756295
0.002782172
0.002714225
0.00247925
0.002019268
0.001518026
0.001143366
0.0008108308
0.0003172624
-0.0002870581
-0.0006607327
-0.0007315551
-0.0006547427
-0.0005976031
-0.0006217115
-0.000693216
-0.0007525173
-0.0007037533
-0.0004020282
-7.735603e-05
0.0002214251
0.0004001995
0.0003367233
0.0001006819
-0.0001917386
-0.0005213993
-0.0005933731
-0.0002945635
0.0001087266
0.0002783349
0.0001529136
-4.574701e-05
-0.0001841581
-0.0003114235
-0.0004827517
-0.0007749558
-0.001114516
-0.001418397
-0.001653025
-0.00184607
-0.001926971
-0.001669725
-0.00109472
-0.0006304465
-0.0002155973
0.0001996265
0.0007072722
0.001223403
0.001592208
0.001780224
0.001819892
0.001807772
0.001781008
0.001687795
0.001517867
0.001361452
0.001128757
0.0006724449
0.000197648
-0.0002058453
-0.0005085537
-0.0006248519
-0.0005423726
-0.0003126985
0.0001135763
0.0005389659
0.0009126746
0.001243835
0.001384952
0.001319228
0.001187449
0.0008886516
0.0003790697
-0.0002658442
-0.0008808436
-0.001253715
-0.001553192
-0.001762627
-0.001912698
-0.002184063
-0.002461292
-0.002799499
-0.003233551
-0.003587122
-0.003787693
-0.003825974
-0.003791303
-0.003747288
-0.003572603
-0.003354463
-0.003209274
-0.002851172
-0.002323197
-0.001982686
-0.001924393
-0.002010529
-0.00207771
-0.002062841
-0.001996181
-0.001935245
-0.001912702
-0.001924576
-0.001929955
-0.001721882
-0.001225833
-0.0007577803
-0.0005746757
-0.0006009909
-0.0005966186
-0.000538901
-0.0004759882
-0.0004206798
-0.0004877929
-0.0005961412
-0.000655869
-0.000609352
-0.0004207582
-9.825506e-05
0.0003440959
0.000642197
0.0006990938
0.0006244363
0.0005468766
0.000442557
0.0002838125
-7.348895e-05
-0.0004551321
-0.0006362603
-0.0007258015
-0.001038827
-0.001536603
-0.001884675
-0.001999285
-0.002023574
-0.002030875
-0.001995978
-0.001930004
-0.001839871
-0.001420638
-0.0008754045
-0.0005646845
-0.0004270705
-0.0003118334
-0.0001391172
2.062786e-06
4.639476e-05
-5.59419e-05
-0.0001571436
-0.0002634622
-0.0004292531
-0.0005594994
-0.0005989263
-0.0005793864
-0.0005165582
-0.000364598
-0.0002886679
-0.0004194354
-0.0006315475
-0.0008031352
-0.0009097222
-0.001038204
-0.0009685518
-0.0007198884
-0.0004336706
8.406012e-05
0.0008560169
0.001625139
0.002203786
0.002761225
0.003216084
0.003580164
0.003775055
0.003613742
0.0030764
0.002182252
0.00116532
-1.281089e-05
-0.001174568
-0.002243477
-0.003114717
-0.003715704
-0.004091106
-0.004250136
-0.004141498
-0.003615593
-0.002871085
-0.002053464
-0.001208587
-0.0002665587
0.0007533426
0.00167999
0.002421022
0.002939837
0.003162556
0.003149083
0.002879915
0.002537007
0.002001385
0.001400724
0.0007394478
3.007749e-05
-0.0004013838
-0.0004890216
-0.0004161741
-0.0003697468
-0.0003015931
8.739318e-05
0.000556361
0.0008177435
0.001034779
0.001219343
0.001171485
0.0008365808
0.0002676362
-0.0003130789
-0.0007472709
-0.001245982
-0.0016215
-0.001751485
-0.001732633
-0.001646942
-0.001500027
-0.001293703
-0.0009863132
-0.0005947639
-7.914748e-05
0.0004868148
0.001174042
0.001807791
0.002295989
0.002776037
0.003146046
0.003414135
0.003826171
0.004333635
0.004688323
0.004978247
0.005171423
0.00514076
0.005050784
0.004866955
0.004711841
0.004673664
0.004716374
0.0048207
0.004964226
0.004975081
0.004726094
0.004282345
0.003764009
0.003120643
0.002430516
0.001716776
0.001118525
0.0006265752
0.0001164676
-0.0002598633
-0.0004053357
-0.0004434167
-0.0005601124
-0.0007965312
-0.001018222
-0.001113603
-0.001162025
-0.00120658
-0.001129707
-0.0008725542
-0.0005491423
-0.0001651587
0.0003227763
0.0008141952
0.001242571
0.001420519
0.001161678
0.0005950608
9.280288e-05
-0.0004646616
-0.0008876583
-0.001311268
-0.001857772
-0.00239194
-0.00281417
-0.002994403
-0.002994414
-0.002936334
-0.002736695
-0.002467196
-0.002348548
-0.002595101
-0.003162029
-0.003671629
-0.004041492
-0.0042393
-0.004197175
-0.003693256
-0.002936786
-0.002077762
-0.001124554
-0.0001479278
0.0008421629
0.00165473
0.002010374
0.001960896
0.001584239
0.001168088
0.0007327443
0.0002119502
-0.0002002743
-0.0003277698
-0.0001631324
0.0001185835
0.0004289012
0.0006133179
0.0003871733
-4.081762e-05
-0.0004066279
-0.0005230367
-0.0003975091
-0.000120014
0.0003139687
0.0007537893
0.000939845
0.0008952191
0.0007912011
0.000769647
0.001029224
0.001597788
0.002118604
0.002313908
0.002435635
0.002861806
0.003302009
0.003511508
0.003590808
0.003691466
0.003764083
0.003620757
0.003222269
0.002729987
0.002333244
0.002058522
0.001831482
0.00160673
0.001476775
0.001325782
0.00128276
0.001408008
0.00147054
0.001451343
0.001426267
0.001499566
0.001592191
0.001641189
0.001643127
0.001626427
0.001578318
0.001328685
0.001034041
0.0008124792
0.0004887993
0.0003665617
0.0006178742
0.001008646
0.00158531
0.002107871
0.002539975
0.003037297
0.003394058
0.003612311
0.003698266
0.00351028
0.002980882
0.002234537
0.001557172
0.0007732781
-0.0001719821
-0.001184149
-0.00229359
-0.003291619
-0.003923326
-0.00410632
-0.004147633
-0.004136539
-0.00413109
-0.004162369
-0.003968213
-0.003345855
-0.002418564
-0.001441519
-0.0006739332
-0.0001832952
0.0003222824
0.0006940909
0.0008490284
0.0008423193
0.0006360501
0.0003678661
3.142293e-05
-0.000225058
-0.0002971562
-0.0001412477
0.0001160926
0.0004144724
0.0009290864
0.001621718
0.002317819
0.002948756
0.003371398
0.0034845
0.003225436
0.002675444
0.002042195
0.00133394
0.0005057045
-9.951987e-05
-0.0004664039
-0.0007506886
-0.001015808
-0.001299302
-0.001452163
-0.001301052
-0.00115587
-0.001257975
-0.001485631
-0.001636613
-0.00165287
-0.001593294
-0.001551895
-0.001636614
-0.001676389
-0.001636146
-0.001555488
-0.001280955
-0.0008755892
-0.0006327909
-0.0005720731
-0.0006970932
-0.0008806139
-0.001028462
-0.0008214475
-0.0004166449
-0.000107494
0.0003326554
0.0007983821
0.001083685
0.001261046
0.001536624
0.001725345
0.001666846
0.001335056
0.001041516
0.0009624355
0.001015352
0.0008840453
0.0004992761
7.248552e-05
-0.0002064719
-0.0002276857
-1.009131e-05
0.0002996441
0.0005123712
0.0006739501
0.0008650508
0.0008917624
0.0008371844
0.0005912192
0.0002453976
-6.011882e-05
-0.0002805089
-0.0006172538
-0.001092969
-0.0014297
-0.001494883
-0.001193194
-0.0007039761
-0.0003319573
-0.000190956
-0.0002367175
-0.0002822048
-7.731793e-06
0.0005766064
0.0010571
0.001207734
0.00129635
0.001536676
0.001908858
0.002207051
0.002324968
0.002308152
0.002261388
0.002251213
0.002281005
0.002320147
0.002341392
0.00233882
0.002321971
0.002196591
0.00192378
0.00171003
0.001474673
0.0009785834
0.0003376566
-0.0004359797
-0.001153251
-0.001521268
-0.001595732
-0.001644719
-0.001760095
-0.001739538
-0.001645614
-0.001591119
-0.001596501
-0.001545515
-0.001373152
-0.001111585
-0.0009254743
-0.001007908
-0.001360265
-0.001770644
-0.002251072
-0.002688648
-0.003010367
-0.003417401
-0.003855671
-0.004101265
-0.004195836
-0.0043418
-0.004478713
-0.004617397
-0.00454356
-0.004296906
-0.004113175
-0.004143727
-0.004285051
-0.004414717
-0.004542182
-0.004652652
-0.004689846
-0.004669212
-0.004605298
-0.004378387
-0.004132808
-0.004025026
-0.004044706
-0.004040773
-0.003779344
-0.003404656
-0.002997594
-0.002738105
-0.002436591
-0.001942942
-0.001468819
-0.00096952
-0.0004970496
-0.0001337167
0.0001981724
0.0004773417
0.000700335
0.0009039806
0.001072222
0.001399915
0.001913242
0.002435246
0.002971869
0.003499252
0.003843562
0.004020227
0.004003702
0.003685665
0.003168472
0.00266217
0.002176481
0.001584146
0.000850496
0.0001742238
-0.0003268746
-0.000625179
-0.0009132991
-0.001188396
-0.001426816
-0.001549813
-0.0016152
-0.001784226
-0.002192413
-0.002560475
-0.002690525
-0.002635177
-0.002484761
-0.002223315
-0.001774909
-0.001321981
-0.0008328445
-0.0004525682
-0.0002462902
-0.0002010969
-0.0002174006
-0.0002121248
-0.0001681139
-0.0001133635
-7.889992e-05
-7.373897e-05
-8.642691e-05
-9.991743e-05
-0.0001057858
-0.0002330392
-0.0004871735
-0.0008283372
-0.001307005
-0.001878222
-0.002317618
-0.002459103
-0.00239965
-0.00239273
-0.002691108
-0.003130588
-0.00356282
-0.003856611
-0.004105285
-0.004375006
-0.004538594
-0.004489195
-0.004262496
-0.003791401
-0.003161013
-0.00252556
-0.001846059
-0.001115788
-0.0003915288
0.0003168046
0.0009187718
0.001198549
0.001232104
0.001279027
0.001382722
0.001641018
0.001882692
0.001977827
0.001948538
0.001979769
0.002182932
0.002485699
0.002838278
0.003189303
0.003348259
0.003374496
0.003248863
0.003027608
0.002812396
0.002512133
0.002052491
0.00138404
0.0006158964
8.181845e-06
-0.0003815962
-0.0006916849
-0.0008757253
-0.0008402744
-0.0005008191
-6.956382e-05
0.0001824572
0.0004734825
0.0008534876
0.001024617
0.0009325742
0.0007118885
0.0005788525
0.0004486422
0.0002533587
3.907632e-05
-9.500447e-05
-4.138254e-05
8.830932e-05
0.0001592787
0.0002405801
0.0005923405
0.001004758
0.001207722
0.001193767
0.001016437
0.0007505934
0.0005657103
0.0003371535
-1.620148e-05
-0.0003357795
-0.0006851819
-0.001224832
-0.001758619
-0.00200544
-0.001988273
-0.001877059
-0.001620193
-0.001192948
-0.0008980262
-0.000705553
-0.000341351
-3.782916e-06
0.0001693418
0.0004307525
0.0008460657
0.001175302
0.001540621
0.001941033
0.002166176
0.002187925
0.002122689
0.002080997
0.002095788
0.002132503
0.002077408
0.00192749
0.001740008
0.00156731
0.001325995
0.001077336
0.0007447072
0.000357908
0.0001194798
2.550208e-06
-0.0001441881
-0.0002978471
-0.0004744947
-0.0006432246
-0.0007162069
-0.0007812505
-0.0008312452
-0.0008508062
-0.0008486036
-0.000841064
-0.0008368668
-0.0008418956
-0.0009120816
-0.0009658642
-0.001018123
-0.001057427
-0.0009570045
-0.0008143108
-0.0007184285
-0.0004872582
-0.0001605181
6.018112e-05
0.000148972
8.310497e-05
-6.603468e-05
-0.0002184669
-0.0003102253
-0.0005650516
-0.0009205834
-0.00124827
-0.001562868
-0.001775712
-0.00189334
-0.001965093
-0.002072248
-0.002277135
-0.002512381
-0.002696475
-0.002764527
-0.002732759
-0.002604161
-0.002387154
-0.002125712
-0.001710945
-0.001200984
-0.0007323844
-0.0002971507
0.0001305329
0.0005654867
0.001002601
0.001240769
0.001274897
0.001226811
0.001201215
0.001216402
0.001148412
0.0009415944
0.0006433095
0.0004426442
0.0004200432
0.0006302652
0.0009985278
0.001270821
0.001321161
0.001318176
0.001426715
0.00156052
0.00163549
0.001642234
0.00148692
0.001111665
0.0006679054
0.0002292999
-0.000145263
-0.0005497678
-0.00103403
-0.001531745
-0.001995252
-0.002328854
-0.002495412
-0.002467387
-0.00222017
-0.001819248
-0.001349134
-0.0009518672
-0.0005850537
-0.0002481372
0.000136271
0.000414282
0.0005111019
0.0004980271
0.0004746316
0.0004866162
0.0005245343
0.0005592129
0.0005724309
0.0005662183
0.0006056476
0.0007734033
0.0009872713
0.001150567
0.001232772
0.001234992
0.001204656
0.001141833
0.001101709
0.001095563
0.001153418
0.001190332
0.001077158
0.0008248549
0.0005940417
0.0006286041
0.0008819166
0.001144976
0.001213257
0.001081275
0.0008272585
0.0005027939
0.0002147901
-1.466025e-05
-0.0002523612
-0.0005291546
-0.0007530268
-0.000889193
-0.000957712
-0.0009656366
-0.0009474324
-0.0008962786
-0.0008088093
-0.0007445123
-0.0006706857
-0.0004149235
-0.0001122505
0.0002251274
0.0004831165
0.0006160389
0.0007799071
0.0009499931
0.001030809
0.0009900594
0.000892288
0.0007936493
0.0007489031
0.0007522431
0.0008658919
0.001075941
0.001391573
0.001671958
0.001988215
0.00239015
0.002704129
0.00298173
0.003182504
0.003275318
0.003298887
0.003177849
0.00286895
0.002459566
0.002080173
0.001709275
0.001340815
0.0009731608
0.0006053912
0.0002354308
-8.690544e-05
-0.0002679662
-0.0003024493
-0.0002557373
-8.444255e-05
0.0001186524
0.0002079801
0.0001847895
0.0001290246
0.0001004655
5.20838e-05
-8.463454e-05
-0.000235994
-0.0003053635
-0.000301576
-0.0002995544
-0.0002461926
-8.03436e-05
0.0001603111
0.0004550516
0.0008319673
0.00119591
0.001433435
0.001599053
0.001664431
0.001567476
0.001400007
0.001249934
0.001064095
0.0008947785
0.0007964521
0.0007331434
0.0006102518
0.0004537264
0.000352343
0.0003231708
0.0003304382
0.0003353386
0.000322493
0.000297675
0.0002520849
0.0001818238
5.211504e-05
-7.201195e-05
-0.0001831277
-0.0003125092
-0.0004621734
-0.0006106249
-0.0006912943
-0.0006954931
-0.0006658354
-0.0006425754
-0.0006159186
-0.0005151752
-0.0003903045
-0.0002605787
-0.0001323186
-3.990069e-05
5.168289e-05
0.0001413252
0.0001896929
0.0001941579
0.0001873731
0.0002264971
0.0002832788
0.0003361053
0.0003610555
0.0003558783
0.000332412
0.0003074064
0.000277234
0.000240891
0.0002153021
0.0001887151
0.0001452868
0.0001065546
7.256592e-05
3.377545e-05
-3.676064e-05
-0.000110388
-0.0001574904
-0.0001682608
-0.0001400341
-7.081866e-05
-2.774993e-06
2.072967e-05
4.930519e-06
-1.333048e-05
1.631917e-05
6.725587e-05
0.0001023773
0.0001088694
0.0001027289
9.549709e-05
8.866529e-05
8.206064e-05
7.499752e-05
6.683947e-05
5.735157e-05
3.912328e-05
1.969173e-05
-6.257955e-06
-3.742104e-05
-7.934447e-05
-0.0001150179
-0.0001305716
-0.0001316276
-0.0001431181
-0.0001860701
-0.0002378319
-0.0002787462
-0.0003171726
-0.0003469912
-0.0003756827
-0.0004139152
-0.0004382484
-0.0004397817
-0.0004261797
-0.0003908184
-0.0003435704
-0.0003121811
-0.0002887835
-0.0002655813
-0.0002503818
-0.000248976
-0.0002683708
-0.0002839691
-0.0002902245
-0.0002865123
-0.0002786218
-0.0002722894
-0.0002692768
-0.0002680083
-0.0002662116
-0.0002627901
-0.0002580867
-0.0002530672
-0.0002484586
-0.0002432342
-0.0002286396
-0.0002037892
-0.0001832392
-0.0001757315
-0.0001772989
-0.000180024
-0.0001793952
-0.0001726674
-0.0001522893
-0.0001389598
-0.000139157
-0.0001453653
-0.0001529829
-0.0001557603
-0.0001568285
-0.0001540215
-0.0001470926
-0.000141111
-0.0001397079
-0.0001439973
-0.0001506522
-0.0001577937
-0.0001666221
-0.0001754396
-0.0001830974
-0.0001905489
-0.0001939321
-0.0001917368
-0.0001865791
-0.0001806182
-0.0001747668
-0.0001702294
-0.0001680424
-0.0001667145
-0.0001663601
-0.0001659176
-0.00016315
-0.0001572633
-0.0001486536
-0.0001412613
-0.0001354354
-0.000129202
-0.000123868
-0.0001200602
-0.0001185424
-0.0001188767
-0.0001188521
-0.0001165584
-0.0001138754
-0.0001105142
-0.0001062291
-0.0001014979
-9.702033e-05
-9.073688e-05
-8.419434e-05
-7.808937e-05
-7.215327e-05
-6.800555e-05
-6.419288e-05
-5.972975e-05
-5.518361e-05
-5.039301e-05
-4.6729e-05
-4.374079e-05
-4.126717e-05
-3.994387e-05
-3.957761e-05
-3.949832e-05
-3.924915e-05
-3.894519e-05
-3.899494e-05
-3.972773e-05
-4.051565e-05
-4.079984e-05
-4.032678e-05
-3.944121e-05
-3.894084e-05
-3.885256e-05
-3.898736e-05
-3.887645e-05
-3.811904e-05
-3.689664e-05
-3.558959e-05
-3.456612e-05
-3.368431e-05
-3.288867e-05
-3.19427e-05
-3.087488e-05
-2.963014e-05
-2.835385e-05
-2.711327e-05
-2.60872e-05
-2.522135e-05
-2.444547e-05
-2.34915e-05
-2.242658e-05
-2.12799e-05
-2.01152e-05
-1.905871e-05
-1.830093e-05
-1.757008e-05
-1.664651e-05
-1.55815e-05
-1.459931e-05
-1.362791e-05
-1.241849e-05
-1.106034e-05
-9.824998e-06
-8.713891e-06
-7.59281e-06
-6.505425e-06
-5.398231e-06
-4.383402e-06
-3.498899e-06
-2.68208e-06
-1.882431e-06
-1.126691e-06
-4.221166e-07
2.535078e-07
9.336056e-07
1.619407e-06
2.28205e-06
2.89944e-06
3.493953e-06
4.108343e-06
4.745553e-06
5.364965e-06
5.938589e-06
6.471555e-06
6.980507e-06
7.476489e-06
7.952495e-06
8.398727e-06
8.82617e-06
9.241961e-06
9.640225e-06
1.002642e-05
1.040473e-05
1.077105e-05
1.111724e-05
1.14351e-05
1.172519e-05
1.199318e-05
1.224512e-05
1.248001e-05
1.269267e-05
1.287876e-05
1.304149e-05
1.318629e-05
1.331414e-05
1.342338e-05
1.351224e-05
1.358024e-05
1.362761e-05
1.3655e-05
1.366258e-05
1.365044e-05
1.361842e-05
1.356651e-05
1.349473e-05
1.340323e-05
1.329198e-05
1.316114e-05
1.301072e-05
1.284081e-05
1.265143e-05
1.244267e-05
1.221454e-05
1.196716e-05
1.17006e-05
1.141498e-05
1.111028e-05
1.07866e-05
1.044401e-05
1.008257e-05
9.702349e-06
9.303427e-06
8.88587e-06
8.449767e-06
7.995189e-06
7.522217e-06
7.030927e-06
6.521401e-06
5.99372e-06
5.447964e-06
4.884214e-06
4.302552e-06
3.703061e-06
3.085822e-06
