54431.7 2.44943e+06 2.395e+06 2.28613e+06 2.12284e+06 1.90511e+06 1.63295e+06 1.30636e+06 925339 489886
108863 4.89886e+06 4.78999e+06 4.57227e+06 4.24568e+06 3.81022e+06 3.2659e+06 2.61272e+06 1.85068e+06 979771
163295 7.34828e+06 7.18499e+06 6.8584e+06 6.36851e+06 5.71533e+06 4.89886e+06 3.91908e+06 2.77602e+06 1.46966e+06
217727 9.79771e+06 9.57998e+06 9.14453e+06 8.49135e+06 7.62044e+06 6.53181e+06 5.22545e+06 3.70136e+06 1.95954e+06
272159 1.22471e+07 1.1975e+07 1.14307e+07 1.06142e+07 9.52555e+06 8.16476e+06 6.53181e+06 4.6267e+06 2.44943e+06
326590 1.46966e+07 1.437e+07 1.37168e+07 1.2737e+07 1.14307e+07 9.79771e+06 7.83817e+06 5.55204e+06 2.93931e+06
366127 1.64757e+07 1.61096e+07 1.53773e+07 1.42789e+07 1.28144e+07 1.09838e+07 8.78704e+06 6.22415e+06 3.29514e+06
376023 1.6921e+07 1.6545e+07 1.5793e+07 1.46649e+07 1.31608e+07 1.12807e+07 9.02456e+06 6.3924e+06 3.38421e+06
385920 1.73664e+07 1.69805e+07 1.62086e+07 1.50509e+07 1.35072e+07 1.15776e+07 9.26208e+06 6.56064e+06 3.47328e+06
395817 1.78117e+07 1.74159e+07 1.66243e+07 1.54368e+07 1.38536e+07 1.18745e+07 9.4996e+06 6.72888e+06 3.56235e+06
405713 1.82571e+07 1.78514e+07 1.704e+07 1.58228e+07 1.42e+07 1.21714e+07 9.73712e+06 6.89713e+06 3.65142e+06
415610 1.87024e+07 1.82868e+07 1.74556e+07 1.62088e+07 1.45463e+07 1.24683e+07 9.97464e+06 7.06537e+06 3.74049e+06
425507 1.91478e+07 1.87223e+07 1.78713e+07 1.65948e+07 1.48927e+07 1.27652e+07 1.02122e+07 7.23361e+06 3.82956e+06
435403 1.95932e+07 1.91577e+07 1.82869e+07 1.69807e+07 1.52391e+07 1.30621e+07 1.04497e+07 7.40186e+06 3.91863e+06
445300 2.00385e+07 1.95932e+07 1.87026e+07 1.73667e+07 1.55855e+07 1.3359e+07 1.06872e+07 7.5701e+06 4.0077e+06
455197 2.04839e+07 2.00287e+07 1.91183e+07 1.77527e+07 1.59319e+07 1.36559e+07 1.09247e+07 7.73834e+06 4.09677e+06
465093 2.09292e+07 2.04641e+07 1.95339e+07 1.81386e+07 1.62783e+07 1.39528e+07 1.11622e+07 7.90659e+06 4.18584e+06
474990 2.13746e+07 2.08996e+07 1.99496e+07 1.85246e+07 1.66247e+07 1.42497e+07 1.13998e+07 8.07483e+06 4.27491e+06
484887 2.18199e+07 2.1335e+07 2.03652e+07 1.89106e+07 1.6971e+07 1.45466e+07 1.16373e+07 8.24307e+06 4.36398e+06
494783 2.22653e+07 2.17705e+07 2.07809e+07 1.92966e+07 1.73174e+07 1.48435e+07 1.18748e+07 8.41132e+06 4.45305e+06
504680 2.27106e+07 2.22059e+07 2.11966e+07 1.96825e+07 1.76638e+07 1.51404e+07 1.21123e+07 8.57956e+06 4.54212e+06
514577 2.3156e+07 2.26414e+07 2.16122e+07 2.00685e+07 1.80102e+07 1.54373e+07 1.23498e+07 8.74781e+06 4.63119e+06
524473 2.36013e+07 2.30768e+07 2.20279e+07 2.04545e+07 1.83566e+07 1.57342e+07 1.25874e+07 8.91605e+06 4.72026e+06
534370 2.40467e+07 2.35123e+07 2.24435e+07 2.08404e+07 1.8703e+07 1.60311e+07 1.28249e+07 9.08429e+06 4.80933e+06
544267 2.4492e+07 2.39477e+07 2.28592e+07 2.12264e+07 1.90493e+07 1.6328e+07 1.30624e+07 9.25254e+06 4.8984e+06
554163 2.49374e+07 2.43832e+07 2.32749e+07 2.16124e+07 1.93957e+07 1.66249e+07 1.32999e+07 9.42078e+06 4.98747e+06
564060 2.53827e+07 2.48186e+07 2.36905e+07 2.19983e+07 1.97421e+07 1.69218e+07 1.35374e+07 9.58902e+06 5.07654e+06
573957 2.58281e+07 2.52541e+07 2.41062e+07 2.23843e+07 2.00885e+07 1.72187e+07 1.3775e+07 9.75727e+06 5.16561e+06
583854 2.62734e+07 2.56896e+07 2.45218e+07 2.27703e+07 2.04349e+07 1.75156e+07 1.40125e+07 9.92551e+06 5.25468e+06
593750 2.67188e+07 2.6125e+07 2.49375e+07 2.31563e+07 2.07813e+07 1.78125e+07 1.425e+07 1.00938e+07 5.34375e+06
603647 2.71641e+07 2.65605e+07 2.53532e+07 2.35422e+07 2.11276e+07 1.81094e+07 1.44875e+07 1.0262e+07 5.43282e+06
613544 2.76095e+07 2.69959e+07 2.57688e+07 2.39282e+07 2.1474e+07 1.84063e+07 1.4725e+07 1.04302e+07 5.52189e+06
623440 2.80548e+07 2.74314e+07 2.61845e+07 2.43142e+07 2.18204e+07 1.87032e+07 1.49626e+07 1.05985e+07 5.61096e+06
633337 2.85002e+07 2.78668e+07 2.66002e+07 2.47001e+07 2.21668e+07 1.90001e+07 1.52001e+07 1.07667e+07 5.70003e+06
643234 2.89455e+07 2.83023e+07 2.70158e+07 2.50861e+07 2.25132e+07 1.9297e+07 1.54376e+07 1.0935e+07 5.7891e+06
653130 2.93909e+07 2.87377e+07 2.74315e+07 2.54721e+07 2.28596e+07 1.95939e+07 1.56751e+07 1.11032e+07 5.87817e+06
663027 2.98362e+07 2.91732e+07 2.78471e+07 2.58581e+07 2.32059e+07 1.98908e+07 1.59126e+07 1.12715e+07 5.96724e+06
672924 3.02816e+07 2.96086e+07 2.82628e+07 2.6244e+07 2.35523e+07 2.01877e+07 1.61502e+07 1.14397e+07 6.05631e+06
682820 3.07269e+07 3.00441e+07 2.86785e+07 2.663e+07 2.38987e+07 2.04846e+07 1.63877e+07 1.16079e+07 6.14538e+06
692717 3.11723e+07 3.04795e+07 2.90941e+07 2.7016e+07 2.42451e+07 2.07815e+07 1.66252e+07 1.17762e+07 6.23445e+06
702614 3.16176e+07 3.0915e+07 2.95098e+07 2.74019e+07 2.45915e+07 2.10784e+07 1.68627e+07 1.19444e+07 6.32352e+06
712510 3.2063e+07 3.13505e+07 2.99254e+07 2.77879e+07 2.49379e+07 2.13753e+07 1.71002e+07 1.21127e+07 6.41259e+06
722407 3.25083e+07 3.17859e+07 3.03411e+07 2.81739e+07 2.52842e+07 2.16722e+07 1.73378e+07 1.22809e+07 6.50166e+06
732304 3.29537e+07 3.22214e+07 3.07568e+07 2.85598e+07 2.56306e+07 2.19691e+07 1.75753e+07 1.24492e+07 6.59073e+06
742200 3.3399e+07 3.26568e+07 3.11724e+07 2.89458e+07 2.5977e+07 2.2266e+07 1.78128e+07 1.26174e+07 6.6798e+06
752097 3.38444e+07 3.30923e+07 3.15881e+07 2.93318e+07 2.63234e+07 2.25629e+07 1.80503e+07 1.27856e+07 6.76887e+06
761994 3.42897e+07 3.35277e+07 3.20037e+07 2.97178e+07 2.66698e+07 2.28598e+07 1.82878e+07 1.29539e+07 6.85794e+06
771890 3.47351e+07 3.39632e+07 3.24194e+07 3.01037e+07 2.70162e+07 2.31567e+07 1.85254e+07 1.31221e+07 6.94701e+06
781787 3.51804e+07 3.43986e+07 3.28351e+07 3.04897e+07 2.73625e+07 2.34536e+07 1.87629e+07 1.32904e+07 7.03608e+06
791684 3.56258e+07 3.48341e+07 3.32507e+07 3.08757e+07 2.77089e+07 2.37505e+07 1.90004e+07 1.34586e+07 7.12515e+06
801580 3.60711e+07 3.52695e+07 3.36664e+07 3.12616e+07 2.80553e+07 2.40474e+07 1.92379e+07 1.36269e+07 7.21422e+06
811477 3.65165e+07 3.5705e+07 3.4082e+07 3.16476e+07 2.84017e+07 2.43443e+07 1.94755e+07 1.37951e+07 7.30329e+06
821374 3.69618e+07 3.61404e+07 3.44977e+07 3.20336e+07 2.87481e+07 2.46412e+07 1.9713e+07 1.39634e+07 7.39236e+06
831270 3.74072e+07 3.65759e+07 3.49134e+07 3.24195e+07 2.90945e+07 2.49381e+07 1.99505e+07 1.41316e+07 7.48143e+06
841167 3.78525e+07 3.70114e+07 3.5329e+07 3.28055e+07 2.94409e+07 2.5235e+07 2.0188e+07 1.42998e+07 7.5705e+06
851064 3.82979e+07 3.74468e+07 3.57447e+07 3.31915e+07 2.97872e+07 2.55319e+07 2.04255e+07 1.44681e+07 7.65957e+06
860961 3.87432e+07 3.78823e+07 3.61603e+07 3.35775e+07 3.01336e+07 2.58288e+07 2.06631e+07 1.46363e+07 7.74864e+06
870857 3.91886e+07 3.83177e+07 3.6576e+07 3.39634e+07 3.048e+07 2.61257e+07 2.09006e+07 1.48046e+07 7.83771e+06
880754 3.96339e+07 3.87532e+07 3.69917e+07 3.43494e+07 3.08264e+07 2.64226e+07 2.11381e+07 1.49728e+07 7.92678e+06
890651 4.00793e+07 3.91886e+07 3.74073e+07 3.47354e+07 3.11728e+07 2.67195e+07 2.13756e+07 1.51411e+07 8.01585e+06
900547 4.05246e+07 3.96241e+07 3.7823e+07 3.51213e+07 3.15192e+07 2.70164e+07 2.16131e+07 1.53093e+07 8.10493e+06
910444 4.097e+07 4.00595e+07 3.82386e+07 3.55073e+07 3.18655e+07 2.73133e+07 2.18507e+07 1.54775e+07 8.194e+06
920341 4.14153e+07 4.0495e+07 3.86543e+07 3.58933e+07 3.22119e+07 2.76102e+07 2.20882e+07 1.56458e+07 8.28307e+06
930237 4.18607e+07 4.09304e+07 3.907e+07 3.62793e+07 3.25583e+07 2.79071e+07 2.23257e+07 1.5814e+07 8.37214e+06
940134 4.2306e+07 4.13659e+07 3.94856e+07 3.66652e+07 3.29047e+07 2.8204e+07 2.25632e+07 1.59823e+07 8.46121e+06
950031 4.27514e+07 4.18013e+07 3.99013e+07 3.70512e+07 3.32511e+07 2.85009e+07 2.28007e+07 1.61505e+07 8.55028e+06
959927 4.31967e+07 4.22368e+07 4.03169e+07 3.74372e+07 3.35975e+07 2.87978e+07 2.30383e+07 1.63188e+07 8.63935e+06
969824 4.36421e+07 4.26723e+07 4.07326e+07 3.78231e+07 3.39438e+07 2.90947e+07 2.32758e+07 1.6487e+07 8.72842e+06
979721 4.40874e+07 4.31077e+07 4.11483e+07 3.82091e+07 3.42902e+07 2.93916e+07 2.35133e+07 1.66553e+07 8.81749e+06
989617 4.45328e+07 4.35432e+07 4.15639e+07 3.85951e+07 3.46366e+07 2.96885e+07 2.37508e+07 1.68235e+07 8.90656e+06
999514 4.49781e+07 4.39786e+07 4.19796e+07 3.8981e+07 3.4983e+07 2.99854e+07 2.39883e+07 1.69917e+07 8.99563e+06
1.00941e+06 4.54235e+07 4.44141e+07 4.23952e+07 3.9367e+07 3.53294e+07 3.02823e+07 2.42259e+07 1.716e+07 9.0847e+06
1.01931e+06 4.58688e+07 4.48495e+07 4.28109e+07 3.9753e+07 3.56758e+07 3.05792e+07 2.44634e+07 1.73282e+07 9.17377e+06
1.0292e+06 4.63142e+07 4.5285e+07 4.32266e+07 4.0139e+07 3.60221e+07 3.08761e+07 2.47009e+07 1.74965e+07 9.26284e+06
1.0391e+06 4.67595e+07 4.57204e+07 4.36422e+07 4.05249e+07 3.63685e+07 3.1173e+07 2.49384e+07 1.76647e+07 9.35191e+06
1.049e+06 4.72049e+07 4.61559e+07 4.40579e+07 4.09109e+07 3.67149e+07 3.14699e+07 2.51759e+07 1.7833e+07 9.44098e+06
1.05889e+06 4.76502e+07 4.65913e+07 4.44736e+07 4.12969e+07 3.70613e+07 3.17668e+07 2.54135e+07 1.80012e+07 9.53005e+06
1.06879e+06 4.80956e+07 4.70268e+07 4.48892e+07 4.16828e+07 3.74077e+07 3.20637e+07 2.5651e+07 1.81694e+07 9.61912e+06
1.07869e+06 4.85409e+07 4.74622e+07 4.53049e+07 4.20688e+07 3.77541e+07 3.23606e+07 2.58885e+07 1.83377e+07 9.70819e+06
1.08845e+06 4.89802e+07 4.78918e+07 4.57149e+07 4.24495e+07 3.80957e+07 3.26535e+07 2.61228e+07 1.85036e+07 9.79605e+06
1.08847e+06 4.89812e+07 4.78927e+07 4.57158e+07 4.24504e+07 3.80965e+07 3.26541e+07 2.61233e+07 1.8504e+07 9.79624e+06
1.08849e+06 4.89821e+07 4.78936e+07 4.57167e+07 4.24512e+07 3.80972e+07 3.26548e+07 2.61238e+07 1.85044e+07 9.79643e+06
1.08851e+06 4.89831e+07 4.78946e+07 4.57175e+07 4.2452e+07 3.8098e+07 3.26554e+07 2.61243e+07 1.85047e+07 9.79662e+06
1.08853e+06 4.8984e+07 4.78955e+07 4.57184e+07 4.24528e+07 3.80987e+07 3.2656e+07 2.61248e+07 1.85051e+07 9.79681e+06
1.08856e+06 4.8985e+07 4.78964e+07 4.57193e+07 4.24536e+07 3.80994e+07 3.26567e+07 2.61253e+07 1.85054e+07 9.797e+06
1.08858e+06 4.89859e+07 4.78973e+07 4.57202e+07 4.24545e+07 3.81002e+07 3.26573e+07 2.61258e+07 1.85058e+07 9.79718e+06
1.0886e+06 4.89869e+07 4.78983e+07 4.57211e+07 4.24553e+07 3.81009e+07 3.26579e+07 2.61263e+07 1.85062e+07 9.79737e+06
1.08862e+06 4.89878e+07 4.78992e+07 4.5722e+07 4.24561e+07 3.81016e+07 3.26585e+07 2.61268e+07 1.85065e+07 9.79756e+06
1.08864e+06 4.89888e+07 4.79001e+07 4.57228e+07 4.24569e+07 3.81024e+07 3.26592e+07 2.61273e+07 1.85069e+07 9.79775e+06
1.08866e+06 4.89897e+07 4.79011e+07 4.57237e+07 4.24578e+07 3.81031e+07 3.26598e+07 2.61278e+07 1.85072e+07 9.79794e+06
1.08868e+06 4.89907e+07 4.7902e+07 4.57246e+07 4.24586e+07 3.81038e+07 3.26604e+07 2.61284e+07 1.85076e+07 9.79813e+06
1.0887e+06 4.89916e+07 4.79029e+07 4.57255e+07 4.24594e+07 3.81046e+07 3.26611e+07 2.61289e+07 1.85079e+07 9.79832e+06
1.08872e+06 4.89926e+07 4.79038e+07 4.57264e+07 4.24602e+07 3.81053e+07 3.26617e+07 2.61294e+07 1.85083e+07 9.79851e+06
1.08874e+06 4.89935e+07 4.79048e+07 4.57273e+07 4.2461e+07 3.81061e+07 3.26623e+07 2.61299e+07 1.85087e+07 9.7987e+06
1.08877e+06 4.89945e+07 4.79057e+07 4.57282e+07 4.24619e+07 3.81068e+07 3.2663e+07 2.61304e+07 1.8509e+07 9.79889e+06
1.08879e+06 4.89954e+07 4.79066e+07 4.5729e+07 4.24627e+07 3.81075e+07 3.26636e+07 2.61309e+07 1.85094e+07 9.79908e+06
1.08881e+06 4.89963e+07 4.79075e+07 4.57299e+07 4.24635e+07 3.81083e+07 3.26642e+07 2.61314e+07 1.85097e+07 9.79927e+06
1.08883e+06 4.89973e+07 4.79085e+07 4.57308e+07 4.24643e+07 3.8109e+07 3.26649e+07 2.61319e+07 1.85101e+07 9.79946e+06
1.08885e+06 4.89982e+07 4.79094e+07 4.57317e+07 4.24651e+07 3.81097e+07 3.26655e+07 2.61324e+07 1.85104e+07 9.79965e+06
1.08887e+06 4.89992e+07 4.79103e+07 4.57326e+07 4.2466e+07 3.81105e+07 3.26661e+07 2.61329e+07 1.85108e+07 9.79984e+06
1.08889e+06 4.90001e+07 4.79112e+07 4.57335e+07 4.24668e+07 3.81112e+07 3.26668e+07 2.61334e+07 1.85112e+07 9.80003e+06
1.08891e+06 4.90011e+07 4.79122e+07 4.57343e+07 4.24676e+07 3.8112e+07 3.26674e+07 2.61339e+07 1.85115e+07 9.80022e+06
1.08893e+06 4.9002e+07 4.79131e+07 4.57352e+07 4.24684e+07 3.81127e+07 3.2668e+07 2.61344e+07 1.85119e+07 9.80041e+06
1.08896e+06 4.9003e+07 4.7914e+07 4.57361e+07 4.24692e+07 3.81134e+07 3.26687e+07 2.61349e+07 1.85122e+07 9.8006e+06
1.08898e+06 4.90039e+07 4.7915e+07 4.5737e+07 4.24701e+07 3.81142e+07 3.26693e+07 2.61354e+07 1.85126e+07 9.80079e+06
1.089e+06 4.90049e+07 4.79159e+07 4.57379e+07 4.24709e+07 3.81149e+07 3.26699e+07 2.61359e+07 1.8513e+07 9.80098e+06
1.08902e+06 4.90058e+07 4.79168e+07 4.57388e+07 4.24717e+07 3.81156e+07 3.26705e+07 2.61364e+07 1.85133e+07 9.80116e+06
1.08904e+06 4.90068e+07 4.79177e+07 4.57397e+07 4.24725e+07 3.81164e+07 3.26712e+07 2.61369e+07 1.85137e+07 9.80135e+06
1.08906e+06 4.90077e+07 4.79187e+07 4.57405e+07 4.24734e+07 3.81171e+07 3.26718e+07 2.61374e+07 1.8514e+07 9.80154e+06
1.08908e+06 4.90087e+07 4.79196e+07 4.57414e+07 4.24742e+07 3.81179e+07 3.26724e+07 2.6138e+07 1.85144e+07 9.80173e+06
1.0891e+06 4.90096e+07 4.79205e+07 4.57423e+07 4.2475e+07 3.81186e+07 3.26731e+07 2.61385e+07 1.85147e+07 9.80192e+06
1.08912e+06 4.90106e+07 4.79214e+07 4.57432e+07 4.24758e+07 3.81193e+07 3.26737e+07 2.6139e+07 1.85151e+07 9.80211e+06
1.08914e+06 4.90115e+07 4.79224e+07 4.57441e+07 4.24766e+07 3.81201e+07 3.26743e+07 2.61395e+07 1.85155e+07 9.8023e+06
1.08917e+06 4.90125e+07 4.79233e+07 4.5745e+07 4.24775e+07 3.81208e+07 3.2675e+07 2.614e+07 1.85158e+07 9.80249e+06
1.08919e+06 4.90134e+07 4.79242e+07 4.57458e+07 4.24783e+07 3.81215e+07 3.26756e+07 2.61405e+07 1.85162e+07 9.80268e+06
1.08921e+06 4.90144e+07 4.79251e+07 4.57467e+07 4.24791e+07 3.81223e+07 3.26762e+07 2.6141e+07 1.85165e+07 9.80287e+06
1.08923e+06 4.90153e+07 4.79261e+07 4.57476e+07 4.24799e+07 3.8123e+07 3.26769e+07 2.61415e+07 1.85169e+07 9.80306e+06
1.08925e+06 4.90162e+07 4.7927e+07 4.57485e+07 4.24807e+07 3.81237e+07 3.26775e+07 2.6142e+07 1.85172e+07 9.80325e+06
1.08927e+06 4.90172e+07 4.79279e+07 4.57494e+07 4.24816e+07 3.81245e+07 3.26781e+07 2.61425e+07 1.85176e+07 9.80344e+06
1.08929e+06 4.90181e+07 4.79289e+07 4.57503e+07 4.24824e+07 3.81252e+07 3.26788e+07 2.6143e+07 1.8518e+07 9.80363e+06
1.08931e+06 4.90191e+07 4.79298e+07 4.57512e+07 4.24832e+07 3.8126e+07 3.26794e+07 2.61435e+07 1.85183e+07 9.80382e+06
1.08933e+06 4.902e+07 4.79307e+07 4.5752e+07 4.2484e+07 3.81267e+07 3.268e+07 2.6144e+07 1.85187e+07 9.80401e+06
1.08936e+06 4.9021e+07 4.79316e+07 4.57529e+07 4.24849e+07 3.81274e+07 3.26807e+07 2.61445e+07 1.8519e+07 9.8042e+06
1.08938e+06 4.90219e+07 4.79326e+07 4.57538e+07 4.24857e+07 3.81282e+07 3.26813e+07 2.6145e+07 1.85194e+07 9.80439e+06
1.0894e+06 4.90229e+07 4.79335e+07 4.57547e+07 4.24865e+07 3.81289e+07 3.26819e+07 2.61455e+07 1.85198e+07 9.80458e+06
1.08942e+06 4.90238e+07 4.79344e+07 4.57556e+07 4.24873e+07 3.81296e+07 3.26826e+07 2.6146e+07 1.85201e+07 9.80477e+06
1.08944e+06 4.90248e+07 4.79353e+07 4.57565e+07 4.24881e+07 3.81304e+07 3.26832e+07 2.61465e+07 1.85205e+07 9.80496e+06
1.08946e+06 4.90257e+07 4.79363e+07 4.57573e+07 4.2489e+07 3.81311e+07 3.26838e+07 2.61471e+07 1.85208e+07 9.80514e+06
1.08948e+06 4.90267e+07 4.79372e+07 4.57582e+07 4.24898e+07 3.81319e+07 3.26844e+07 2.61476e+07 1.85212e+07 9.80533e+06
1.0895e+06 4.90276e+07 4.79381e+07 4.57591e+07 4.24906e+07 3.81326e+07 3.26851e+07 2.61481e+07 1.85215e+07 9.80552e+06
1.08952e+06 4.90286e+07 4.7939e+07 4.576e+07 4.24914e+07 3.81333e+07 3.26857e+07 2.61486e+07 1.85219e+07 9.80571e+06
1.08954e+06 4.90295e+07 4.794e+07 4.57609e+07 4.24922e+07 3.81341e+07 3.26863e+07 2.61491e+07 1.85223e+07 9.8059e+06
1.08957e+06 4.90305e+07 4.79409e+07 4.57618e+07 4.24931e+07 3.81348e+07 3.2687e+07 2.61496e+07 1.85226e+07 9.80609e+06
1.08959e+06 4.90314e+07 4.79418e+07 4.57626e+07 4.24939e+07 3.81355e+07 3.26876e+07 2.61501e+07 1.8523e+07 9.80628e+06
1.08961e+06 4.90324e+07 4.79427e+07 4.57635e+07 4.24947e+07 3.81363e+07 3.26882e+07 2.61506e+07 1.85233e+07 9.80647e+06
1.08963e+06 4.90333e+07 4.79437e+07 4.57644e+07 4.24955e+07 3.8137e+07 3.26889e+07 2.61511e+07 1.85237e+07 9.80666e+06
1.08965e+06 4.90343e+07 4.79446e+07 4.57653e+07 4.24964e+07 3.81378e+07 3.26895e+07 2.61516e+07 1.85241e+07 9.80685e+06
1.08967e+06 4.90352e+07 4.79455e+07 4.57662e+07 4.24972e+07 3.81385e+07 3.26901e+07 2.61521e+07 1.85244e+07 9.80704e+06
1.08969e+06 4.90361e+07 4.79465e+07 4.57671e+07 4.2498e+07 3.81392e+07 3.26908e+07 2.61526e+07 1.85248e+07 9.80723e+06
1.08971e+06 4.90371e+07 4.79474e+07 4.5768e+07 4.24988e+07 3.814e+07 3.26914e+07 2.61531e+07 1.85251e+07 9.80742e+06
1.08973e+06 4.9038e+07 4.79483e+07 4.57688e+07 4.24996e+07 3.81407e+07 3.2692e+07 2.61536e+07 1.85255e+07 9.80761e+06
1.08976e+06 4.9039e+07 4.79492e+07 4.57697e+07 4.25005e+07 3.81414e+07 3.26927e+07 2.61541e+07 1.85258e+07 9.8078e+06
1.08978e+06 4.90399e+07 4.79502e+07 4.57706e+07 4.25013e+07 3.81422e+07 3.26933e+07 2.61546e+07 1.85262e+07 9.80799e+06
1.0898e+06 4.90409e+07 4.79511e+07 4.57715e+07 4.25021e+07 3.81429e+07 3.26939e+07 2.61551e+07 1.85266e+07 9.80818e+06
1.08982e+06 4.90418e+07 4.7952e+07 4.57724e+07 4.25029e+07 3.81436e+07 3.26946e+07 2.61556e+07 1.85269e+07 9.80837e+06
1.08984e+06 4.90428e+07 4.79529e+07 4.57733e+07 4.25037e+07 3.81444e+07 3.26952e+07 2.61561e+07 1.85273e+07 9.80856e+06
1.08986e+06 4.90437e+07 4.79539e+07 4.57741e+07 4.25046e+07 3.81451e+07 3.26958e+07 2.61567e+07 1.85276e+07 9.80875e+06
1.08988e+06 4.90447e+07 4.79548e+07 4.5775e+07 4.25054e+07 3.81459e+07 3.26965e+07 2.61572e+07 1.8528e+07 9.80894e+06
1.0899e+06 4.90456e+07 4.79557e+07 4.57759e+07 4.25062e+07 3.81466e+07 3.26971e+07 2.61577e+07 1.85283e+07 9.80912e+06
1.08992e+06 4.90466e+07 4.79566e+07 4.57768e+07 4.2507e+07 3.81473e+07 3.26977e+07 2.61582e+07 1.85287e+07 9.80931e+06
1.08994e+06 4.90475e+07 4.79576e+07 4.57777e+07 4.25078e+07 3.81481e+07 3.26983e+07 2.61587e+07 1.85291e+07 9.8095e+06
1.08997e+06 4.90485e+07 4.79585e+07 4.57786e+07 4.25087e+07 3.81488e+07 3.2699e+07 2.61592e+07 1.85294e+07 9.80969e+06
1.08999e+06 4.90494e+07 4.79594e+07 4.57795e+07 4.25095e+07 3.81495e+07 3.26996e+07 2.61597e+07 1.85298e+07 9.80988e+06
1.09001e+06 4.90504e+07 4.79604e+07 4.57803e+07 4.25103e+07 3.81503e+07 3.27002e+07 2.61602e+07 1.85301e+07 9.81007e+06
1.09003e+06 4.90513e+07 4.79613e+07 4.57812e+07 4.25111e+07 3.8151e+07 3.27009e+07 2.61607e+07 1.85305e+07 9.81026e+06
1.09005e+06 4.90523e+07 4.79622e+07 4.57821e+07 4.2512e+07 3.81518e+07 3.27015e+07 2.61612e+07 1.85309e+07 9.81045e+06
1.09007e+06 4.90532e+07 4.79631e+07 4.5783e+07 4.25128e+07 3.81525e+07 3.27021e+07 2.61617e+07 1.85312e+07 9.81064e+06
1.09009e+06 4.90542e+07 4.79641e+07 4.57839e+07 4.25136e+07 3.81532e+07 3.27028e+07 2.61622e+07 1.85316e+07 9.81083e+06
1.09011e+06 4.90551e+07 4.7965e+07 4.57848e+07 4.25144e+07 3.8154e+07 3.27034e+07 2.61627e+07 1.85319e+07 9.81102e+06
1.09013e+06 4.9056e+07 4.79659e+07 4.57856e+07 4.25152e+07 3.81547e+07 3.2704e+07 2.61632e+07 1.85323e+07 9.81121e+06
1.09016e+06 4.9057e+07 4.79668e+07 4.57865e+07 4.25161e+07 3.81554e+07 3.27047e+07 2.61637e+07 1.85326e+07 9.8114e+06
1.09018e+06 4.90579e+07 4.79678e+07 4.57874e+07 4.25169e+07 3.81562e+07 3.27053e+07 2.61642e+07 1.8533e+07 9.81159e+06
1.0902e+06 4.90589e+07 4.79687e+07 4.57883e+07 4.25177e+07 3.81569e+07 3.27059e+07 2.61647e+07 1.85334e+07 9.81178e+06
1.09022e+06 4.90598e+07 4.79696e+07 4.57892e+07 4.25185e+07 3.81577e+07 3.27066e+07 2.61652e+07 1.85337e+07 9.81197e+06
1.09024e+06 4.90608e+07 4.79705e+07 4.57901e+07 4.25193e+07 3.81584e+07 3.27072e+07 2.61658e+07 1.85341e+07 9.81216e+06
1.09026e+06 4.90617e+07 4.79715e+07 4.5791e+07 4.25202e+07 3.81591e+07 3.27078e+07 2.61663e+07 1.85344e+07 9.81235e+06
1.09028e+06 4.90627e+07 4.79724e+07 4.57918e+07 4.2521e+07 3.81599e+07 3.27085e+07 2.61668e+07 1.85348e+07 9.81254e+06
1.0903e+06 4.90636e+07 4.79733e+07 4.57927e+07 4.25218e+07 3.81606e+07 3.27091e+07 2.61673e+07 1.85351e+07 9.81273e+06
1.09032e+06 4.90646e+07 4.79743e+07 4.57936e+07 4.25226e+07 3.81613e+07 3.27097e+07 2.61678e+07 1.85355e+07 9.81292e+06
1.09034e+06 4.90655e+07 4.79752e+07 4.57945e+07 4.25235e+07 3.81621e+07 3.27103e+07 2.61683e+07 1.85359e+07 9.8131e+06
1.09037e+06 4.90665e+07 4.79761e+07 4.57954e+07 4.25243e+07 3.81628e+07 3.2711e+07 2.61688e+07 1.85362e+07 9.81329e+06
1.09039e+06 4.90674e+07 4.7977e+07 4.57963e+07 4.25251e+07 3.81635e+07 3.27116e+07 2.61693e+07 1.85366e+07 9.81348e+06
1.09041e+06 4.90684e+07 4.7978e+07 4.57971e+07 4.25259e+07 3.81643e+07 3.27122e+07 2.61698e+07 1.85369e+07 9.81367e+06
1.09043e+06 4.90693e+07 4.79789e+07 4.5798e+07 4.25267e+07 3.8165e+07 3.27129e+07 2.61703e+07 1.85373e+07 9.81386e+06
1.09045e+06 4.90703e+07 4.79798e+07 4.57989e+07 4.25276e+07 3.81658e+07 3.27135e+07 2.61708e+07 1.85377e+07 9.81405e+06
1.09047e+06 4.90712e+07 4.79807e+07 4.57998e+07 4.25284e+07 3.81665e+07 3.27141e+07 2.61713e+07 1.8538e+07 9.81424e+06
1.09049e+06 4.90722e+07 4.79817e+07 4.58007e+07 4.25292e+07 3.81672e+07 3.27148e+07 2.61718e+07 1.85384e+07 9.81443e+06
1.09051e+06 4.90731e+07 4.79826e+07 4.58016e+07 4.253e+07 3.8168e+07 3.27154e+07 2.61723e+07 1.85387e+07 9.81462e+06
1.09053e+06 4.90741e+07 4.79835e+07 4.58024e+07 4.25308e+07 3.81687e+07 3.2716e+07 2.61728e+07 1.85391e+07 9.81481e+06
1.09056e+06 4.9075e+07 4.79844e+07 4.58033e+07 4.25317e+07 3.81694e+07 3.27167e+07 2.61733e+07 1.85394e+07 9.815e+06
1.09058e+06 4.90759e+07 4.79854e+07 4.58042e+07 4.25325e+07 3.81702e+07 3.27173e+07 2.61738e+07 1.85398e+07 9.81519e+06
1.0906e+06 4.90769e+07 4.79863e+07 4.58051e+07 4.25333e+07 3.81709e+07 3.27179e+07 2.61743e+07 1.85402e+07 9.81538e+06
1.09062e+06 4.90778e+07 4.79872e+07 4.5806e+07 4.25341e+07 3.81717e+07 3.27186e+07 2.61748e+07 1.85405e+07 9.81557e+06
1.09064e+06 4.90788e+07 4.79882e+07 4.58069e+07 4.2535e+07 3.81724e+07 3.27192e+07 2.61754e+07 1.85409e+07 9.81576e+06
1.09066e+06 4.90797e+07 4.79891e+07 4.58078e+07 4.25358e+07 3.81731e+07 3.27198e+07 2.61759e+07 1.85412e+07 9.81595e+06
1.09068e+06 4.90807e+07 4.799e+07 4.58086e+07 4.25366e+07 3.81739e+07 3.27205e+07 2.61764e+07 1.85416e+07 9.81614e+06
1.0907e+06 4.90816e+07 4.79909e+07 4.58095e+07 4.25374e+07 3.81746e+07 3.27211e+07 2.61769e+07 1.8542e+07 9.81633e+06
1.09072e+06 4.90826e+07 4.79919e+07 4.58104e+07 4.25382e+07 3.81753e+07 3.27217e+07 2.61774e+07 1.85423e+07 9.81652e+06
1.09075e+06 4.90835e+07 4.79928e+07 4.58113e+07 4.25391e+07 3.81761e+07 3.27224e+07 2.61779e+07 1.85427e+07 9.81671e+06
1.09077e+06 4.90845e+07 4.79937e+07 4.58122e+07 4.25399e+07 3.81768e+07 3.2723e+07 2.61784e+07 1.8543e+07 9.8169e+06
1.09079e+06 4.90854e+07 4.79946e+07 4.58131e+07 4.25407e+07 3.81776e+07 3.27236e+07 2.61789e+07 1.85434e+07 9.81708e+06
1.09081e+06 4.90864e+07 4.79956e+07 4.58139e+07 4.25415e+07 3.81783e+07 3.27242e+07 2.61794e+07 1.85437e+07 9.81727e+06
1.09083e+06 4.90873e+07 4.79965e+07 4.58148e+07 4.25423e+07 3.8179e+07 3.27249e+07 2.61799e+07 1.85441e+07 9.81746e+06
1.09085e+06 4.90883e+07 4.79974e+07 4.58157e+07 4.25432e+07 3.81798e+07 3.27255e+07 2.61804e+07 1.85445e+07 9.81765e+06
1.09087e+06 4.90892e+07 4.79983e+07 4.58166e+07 4.2544e+07 3.81805e+07 3.27261e+07 2.61809e+07 1.85448e+07 9.81784e+06
1.09089e+06 4.90902e+07 4.79993e+07 4.58175e+07 4.25448e+07 3.81812e+07 3.27268e+07 2.61814e+07 1.85452e+07 9.81803e+06
1.09091e+06 4.90911e+07 4.80002e+07 4.58184e+07 4.25456e+07 3.8182e+07 3.27274e+07 2.61819e+07 1.85455e+07 9.81822e+06
1.09093e+06 4.90921e+07 4.80011e+07 4.58193e+07 4.25464e+07 3.81827e+07 3.2728e+07 2.61824e+07 1.85459e+07 9.81841e+06
1.09096e+06 4.9093e+07 4.8002e+07 4.58201e+07 4.25473e+07 3.81834e+07 3.27287e+07 2.61829e+07 1.85462e+07 9.8186e+06
1.09098e+06 4.9094e+07 4.8003e+07 4.5821e+07 4.25481e+07 3.81842e+07 3.27293e+07 2.61834e+07 1.85466e+07 9.81879e+06
1.091e+06 4.90949e+07 4.80039e+07 4.58219e+07 4.25489e+07 3.81849e+07 3.27299e+07 2.61839e+07 1.8547e+07 9.81898e+06
1.09102e+06 4.90958e+07 4.80048e+07 4.58228e+07 4.25497e+07 3.81857e+07 3.27306e+07 2.61845e+07 1.85473e+07 9.81917e+06
1.09104e+06 4.90968e+07 4.80058e+07 4.58237e+07 4.25506e+07 3.81864e+07 3.27312e+07 2.6185e+07 1.85477e+07 9.81936e+06
1.09106e+06 4.90977e+07 4.80067e+07 4.58246e+07 4.25514e+07 3.81871e+07 3.27318e+07 2.61855e+07 1.8548e+07 9.81955e+06
1.09108e+06 4.90987e+07 4.80076e+07 4.58254e+07 4.25522e+07 3.81879e+07 3.27325e+07 2.6186e+07 1.85484e+07 9.81974e+06
1.0911e+06 4.90996e+07 4.80085e+07 4.58263e+07 4.2553e+07 3.81886e+07 3.27331e+07 2.61865e+07 1.85488e+07 9.81993e+06
1.09112e+06 4.91006e+07 4.80095e+07 4.58272e+07 4.25538e+07 3.81893e+07 3.27337e+07 2.6187e+07 1.85491e+07 9.82012e+06
1.09115e+06 4.91015e+07 4.80104e+07 4.58281e+07 4.25547e+07 3.81901e+07 3.27344e+07 2.61875e+07 1.85495e+07 9.82031e+06
1.09117e+06 4.91025e+07 4.80113e+07 4.5829e+07 4.25555e+07 3.81908e+07 3.2735e+07 2.6188e+07 1.85498e+07 9.8205e+06
1.09119e+06 4.91034e+07 4.80122e+07 4.58299e+07 4.25563e+07 3.81916e+07 3.27356e+07 2.61885e+07 1.85502e+07 9.82069e+06
1.09121e+06 4.91044e+07 4.80132e+07 4.58308e+07 4.25571e+07 3.81923e+07 3.27363e+07 2.6189e+07 1.85505e+07 9.82088e+06
1.09123e+06 4.91053e+07 4.80141e+07 4.58316e+07 4.25579e+07 3.8193e+07 3.27369e+07 2.61895e+07 1.85509e+07 9.82106e+06
1.09125e+06 4.91063e+07 4.8015e+07 4.58325e+07 4.25588e+07 3.81938e+07 3.27375e+07 2.619e+07 1.85513e+07 9.82125e+06
1.09127e+06 4.91072e+07 4.80159e+07 4.58334e+07 4.25596e+07 3.81945e+07 3.27381e+07 2.61905e+07 1.85516e+07 9.82144e+06
1.09129e+06 4.91082e+07 4.80169e+07 4.58343e+07 4.25604e+07 3.81952e+07 3.27388e+07 2.6191e+07 1.8552e+07 9.82163e+06
1.09131e+06 4.91091e+07 4.80178e+07 4.58352e+07 4.25612e+07 3.8196e+07 3.27394e+07 2.61915e+07 1.85523e+07 9.82182e+06
1.09133e+06 4.91101e+07 4.80187e+07 4.58361e+07 4.25621e+07 3.81967e+07 3.274e+07 2.6192e+07 1.85527e+07 9.82201e+06
1.09136e+06 4.9111e+07 4.80197e+07 4.58369e+07 4.25629e+07 3.81975e+07 3.27407e+07 2.61925e+07 1.8553e+07 9.8222e+06
1.09138e+06 4.9112e+07 4.80206e+07 4.58378e+07 4.25637e+07 3.81982e+07 3.27413e+07 2.6193e+07 1.85534e+07 9.82239e+06
1.0914e+06 4.91129e+07 4.80215e+07 4.58387e+07 4.25645e+07 3.81989e+07 3.27419e+07 2.61935e+07 1.85538e+07 9.82258e+06
1.09142e+06 4.91139e+07 4.80224e+07 4.58396e+07 4.25653e+07 3.81997e+07 3.27426e+07 2.61941e+07 1.85541e+07 9.82277e+06
1.09144e+06 4.91148e+07 4.80234e+07 4.58405e+07 4.25662e+07 3.82004e+07 3.27432e+07 2.61946e+07 1.85545e+07 9.82296e+06
1.09146e+06 4.91157e+07 4.80243e+07 4.58414e+07 4.2567e+07 3.82011e+07 3.27438e+07 2.61951e+07 1.85548e+07 9.82315e+06
1.09148e+06 4.91167e+07 4.80252e+07 4.58422e+07 4.25678e+07 3.82019e+07 3.27445e+07 2.61956e+07 1.85552e+07 9.82334e+06
1.0915e+06 4.91176e+07 4.80261e+07 4.58431e+07 4.25686e+07 3.82026e+07 3.27451e+07 2.61961e+07 1.85556e+07 9.82353e+06
1.09152e+06 4.91186e+07 4.80271e+07 4.5844e+07 4.25694e+07 3.82033e+07 3.27457e+07 2.61966e+07 1.85559e+07 9.82372e+06
1.09155e+06 4.91195e+07 4.8028e+07 4.58449e+07 4.25703e+07 3.82041e+07 3.27464e+07 2.61971e+07 1.85563e+07 9.82391e+06
1.09157e+06 4.91205e+07 4.80289e+07 4.58458e+07 4.25711e+07 3.82048e+07 3.2747e+07 2.61976e+07 1.85566e+07 9.8241e+06
1.09159e+06 4.91214e+07 4.80298e+07 4.58467e+07 4.25719e+07 3.82056e+07 3.27476e+07 2.61981e+07 1.8557e+07 9.82429e+06
1.09161e+06 4.91224e+07 4.80308e+07 4.58476e+07 4.25727e+07 3.82063e+07 3.27483e+07 2.61986e+07 1.85573e+07 9.82448e+06
1.09163e+06 4.91233e+07 4.80317e+07 4.58484e+07 4.25736e+07 3.8207e+07 3.27489e+07 2.61991e+07 1.85577e+07 9.82467e+06
1.09165e+06 4.91243e+07 4.80326e+07 4.58493e+07 4.25744e+07 3.82078e+07 3.27495e+07 2.61996e+07 1.85581e+07 9.82486e+06
1.09167e+06 4.91252e+07 4.80336e+07 4.58502e+07 4.25752e+07 3.82085e+07 3.27501e+07 2.62001e+07 1.85584e+07 9.82504e+06
1.09169e+06 4.91262e+07 4.80345e+07 4.58511e+07 4.2576e+07 3.82092e+07 3.27508e+07 2.62006e+07 1.85588e+07 9.82523e+06
1.09171e+06 4.91271e+07 4.80354e+07 4.5852e+07 4.25768e+07 3.821e+07 3.27514e+07 2.62011e+07 1.85591e+07 9.82542e+06
1.09173e+06 4.91281e+07 4.80363e+07 4.58529e+07 4.25777e+07 3.82107e+07 3.2752e+07 2.62016e+07 1.85595e+07 9.82561e+06
1.09176e+06 4.9129e+07 4.80373e+07 4.58537e+07 4.25785e+07 3.82115e+07 3.27527e+07 2.62021e+07 1.85599e+07 9.8258e+06
1.09178e+06 4.913e+07 4.80382e+07 4.58546e+07 4.25793e+07 3.82122e+07 3.27533e+07 2.62026e+07 1.85602e+07 9.82599e+06
1.0918e+06 4.91309e+07 4.80391e+07 4.58555e+07 4.25801e+07 3.82129e+07 3.27539e+07 2.62032e+07 1.85606e+07 9.82618e+06
1.09182e+06 4.91319e+07 4.804e+07 4.58564e+07 4.25809e+07 3.82137e+07 3.27546e+07 2.62037e+07 1.85609e+07 9.82637e+06
1.09184e+06 4.91328e+07 4.8041e+07 4.58573e+07 4.25818e+07 3.82144e+07 3.27552e+07 2.62042e+07 1.85613e+07 9.82656e+06
1.09186e+06 4.91338e+07 4.80419e+07 4.58582e+07 4.25826e+07 3.82151e+07 3.27558e+07 2.62047e+07 1.85616e+07 9.82675e+06
1.09188e+06 4.91347e+07 4.80428e+07 4.58591e+07 4.25834e+07 3.82159e+07 3.27565e+07 2.62052e+07 1.8562e+07 9.82694e+06
1.0919e+06 4.91356e+07 4.80437e+07 4.58599e+07 4.25842e+07 3.82166e+07 3.27571e+07 2.62057e+07 1.85624e+07 9.82713e+06
1.09192e+06 4.91366e+07 4.80447e+07 4.58608e+07 4.2585e+07 3.82174e+07 3.27577e+07 2.62062e+07 1.85627e+07 9.82732e+06
1.09195e+06 4.91375e+07 4.80456e+07 4.58617e+07 4.25859e+07 3.82181e+07 3.27584e+07 2.62067e+07 1.85631e+07 9.82751e+06
1.09197e+06 4.91385e+07 4.80465e+07 4.58626e+07 4.25867e+07 3.82188e+07 3.2759e+07 2.62072e+07 1.85634e+07 9.8277e+06
1.09199e+06 4.91394e+07 4.80475e+07 4.58635e+07 4.25875e+07 3.82196e+07 3.27596e+07 2.62077e+07 1.85638e+07 9.82789e+06
1.09201e+06 4.91404e+07 4.80484e+07 4.58644e+07 4.25883e+07 3.82203e+07 3.27603e+07 2.62082e+07 1.85641e+07 9.82808e+06
1.09203e+06 4.91413e+07 4.80493e+07 4.58652e+07 4.25892e+07 3.8221e+07 3.27609e+07 2.62087e+07 1.85645e+07 9.82827e+06
1.09205e+06 4.91423e+07 4.80502e+07 4.58661e+07 4.259e+07 3.82218e+07 3.27615e+07 2.62092e+07 1.85649e+07 9.82846e+06
1.09207e+06 4.91432e+07 4.80512e+07 4.5867e+07 4.25908e+07 3.82225e+07 3.27622e+07 2.62097e+07 1.85652e+07 9.82865e+06
1.09209e+06 4.91442e+07 4.80521e+07 4.58679e+07 4.25916e+07 3.82232e+07 3.27628e+07 2.62102e+07 1.85656e+07 9.82884e+06
1.09211e+06 4.91451e+07 4.8053e+07 4.58688e+07 4.25924e+07 3.8224e+07 3.27634e+07 2.62107e+07 1.85659e+07 9.82902e+06
1.09213e+06 4.91461e+07 4.80539e+07 4.58697e+07 4.25933e+07 3.82247e+07 3.2764e+07 2.62112e+07 1.85663e+07 9.82921e+06
1.09216e+06 4.9147e+07 4.80549e+07 4.58706e+07 4.25941e+07 3.82255e+07 3.27647e+07 2.62117e+07 1.85667e+07 9.8294e+06
1.09218e+06 4.9148e+07 4.80558e+07 4.58714e+07 4.25949e+07 3.82262e+07 3.27653e+07 2.62122e+07 1.8567e+07 9.82959e+06
1.0922e+06 4.91489e+07 4.80567e+07 4.58723e+07 4.25957e+07 3.82269e+07 3.27659e+07 2.62128e+07 1.85674e+07 9.82978e+06
1.09222e+06 4.91499e+07 4.80576e+07 4.58732e+07 4.25965e+07 3.82277e+07 3.27666e+07 2.62133e+07 1.85677e+07 9.82997e+06
