54431.7 0.00157895 0.00154386 0.00147368 0.00136842 0.00122807 0.00105263 0.000842105 0.000596491 0.000315789
108863 0.00315789 0.00308772 0.00294737 0.00273684 0.00245614 0.00210526 0.00168421 0.00119298 0.000631579
163295 0.00473684 0.00463158 0.00442105 0.00410526 0.00368421 0.00315789 0.00252632 0.00178947 0.000947368
217727 0.00631579 0.00617544 0.00589474 0.00547368 0.00491228 0.00421053 0.00336842 0.00238596 0.00126316
272159 0.00789474 0.0077193 0.00736842 0.00684211 0.00614035 0.00526316 0.00421053 0.00298246 0.00157895
326590 0.00947368 0.00926316 0.00884211 0.00821053 0.00736842 0.00631579 0.00505263 0.00357895 0.00189474
366127 0.0110526 0.010807 0.0103158 0.00957895 0.00859649 0.00736842 0.00589474 0.00417544 0.00221053
376023 0.0126316 0.0123509 0.0117895 0.0109474 0.00982456 0.00842105 0.00673684 0.00477193 0.00252632
385920 0.0142105 0.0138947 0.0132632 0.0123158 0.0110526 0.00947368 0.00757895 0.00536842 0.00284211
395817 0.0157895 0.0154386 0.0147368 0.0136842 0.0122807 0.0105263 0.00842105 0.00596491 0.00315789
405713 0.0173684 0.0169825 0.0162105 0.0150526 0.0135088 0.0115789 0.00926316 0.0065614 0.00347368
415610 0.0189474 0.0185263 0.0176842 0.0164211 0.0147368 0.0126316 0.0101053 0.00715789 0.00378947
425507 0.0205263 0.0200702 0.0191579 0.0177895 0.0159649 0.0136842 0.0109474 0.00775439 0.00410526
435403 0.0221053 0.021614 0.0206316 0.0191579 0.017193 0.0147368 0.0117895 0.00835088 0.00442105
445300 0.0236842 0.0231579 0.0221053 0.0205263 0.0184211 0.0157895 0.0126316 0.00894737 0.00473684
455197 0.0252632 0.0247018 0.0235789 0.0218947 0.0196491 0.0168421 0.0134737 0.00954386 0.00505263
465093 0.0268421 0.0262456 0.0250526 0.0232632 0.0208772 0.0178947 0.0143158 0.0101404 0.00536842
474990 0.0284211 0.0277895 0.0265263 0.0246316 0.0221053 0.0189474 0.0151579 0.0107368 0.00568421
484887 0.03 0.0293333 0.028 0.026 0.0233333 0.02 0.016 0.0113333 0.006
494783 0.0315789 0.0308772 0.0294737 0.0273684 0.0245614 0.0210526 0.0168421 0.0119298 0.00631579
504680 0.0331579 0.0324211 0.0309474 0.0287368 0.0257895 0.0221053 0.0176842 0.0125263 0.00663158
514577 0.0347368 0.0339649 0.0324211 0.0301053 0.0270175 0.0231579 0.0185263 0.0131228 0.00694737
524473 0.0363158 0.0355088 0.0338947 0.0314737 0.0282456 0.0242105 0.0193684 0.0137193 0.00726316
534370 0.0378947 0.0370526 0.0353684 0.0328421 0.0294737 0.0252632 0.0202105 0.0143158 0.00757895
544267 0.0394737 0.0385965 0.0368421 0.0342105 0.0307018 0.0263158 0.0210526 0.0149123 0.00789474
554163 0.0410526 0.0401404 0.0383158 0.0355789 0.0319298 0.0273684 0.0218947 0.0155088 0.00821053
564060 0.0426316 0.0416842 0.0397895 0.0369474 0.0331579 0.0284211 0.0227368 0.0161053 0.00852632
573957 0.0442105 0.0432281 0.0412632 0.0383158 0.034386 0.0294737 0.0235789 0.0167018 0.00884211
583854 0.0457895 0.0447719 0.0427368 0.0396842 0.035614 0.0305263 0.0244211 0.0172982 0.00915789
593750 0.0473684 0.0463158 0.0442105 0.0410526 0.0368421 0.0315789 0.0252632 0.0178947 0.00947368
603647 0.0489474 0.0478596 0.0456842 0.0424211 0.0380702 0.0326316 0.0261053 0.0184912 0.00978947
613544 0.0505263 0.0494035 0.0471579 0.0437895 0.0392982 0.0336842 0.0269474 0.0190877 0.0101053
623440 0.0521053 0.0509474 0.0486316 0.0451579 0.0405263 0.0347368 0.0277895 0.0196842 0.0104211
633337 0.0536842 0.0524912 0.0501053 0.0465263 0.0417544 0.0357895 0.0286316 0.0202807 0.0107368
643234 0.0552632 0.0540351 0.0515789 0.0478947 0.0429825 0.0368421 0.0294737 0.0208772 0.0110526
653130 0.0568421 0.0555789 0.0530526 0.0492632 0.0442105 0.0378947 0.0303158 0.0214737 0.0113684
663027 0.0584211 0.0571228 0.0545263 0.0506316 0.0454386 0.0389474 0.0311579 0.0220702 0.0116842
672924 0.06 0.0586667 0.056 0.052 0.0466667 0.04 0.032 0.0226667 0.012
682820 0.0615789 0.0602105 0.0574737 0.0533684 0.0478947 0.0410526 0.0328421 0.0232632 0.0123158
692717 0.0631579 0.0617544 0.0589474 0.0547368 0.0491228 0.0421053 0.0336842 0.0238596 0.0126316
702614 0.0647368 0.0632982 0.0604211 0.0561053 0.0503509 0.0431579 0.0345263 0.0244561 0.0129474
712510 0.0663158 0.0648421 0.0618947 0.0574737 0.0515789 0.0442105 0.0353684 0.0250526 0.0132632
722407 0.0678947 0.066386 0.0633684 0.0588421 0.052807 0.0452632 0.0362105 0.0256491 0.0135789
732304 0.0694737 0.0679298 0.0648421 0.0602105 0.0540351 0.0463158 0.0370526 0.0262456 0.0138947
742200 0.0710526 0.0694737 0.0663158 0.0615789 0.0552632 0.0473684 0.0378947 0.0268421 0.0142105
752097 0.0726316 0.0710175 0.0677895 0.0629474 0.0564912 0.0484211 0.0387368 0.0274386 0.0145263
761994 0.0742105 0.0725614 0.0692632 0.0643158 0.0577193 0.0494737 0.0395789 0.0280351 0.0148421
771890 0.0757895 0.0741053 0.0707368 0.0656842 0.0589474 0.0505263 0.0404211 0.0286316 0.0151579
781787 0.0773684 0.0756491 0.0722105 0.0670526 0.0601754 0.0515789 0.0412632 0.0292281 0.0154737
791684 0.0789474 0.077193 0.0736842 0.0684211 0.0614035 0.0526316 0.0421053 0.0298246 0.0157895
801580 0.0805263 0.0787368 0.0751579 0.0697895 0.0626316 0.0536842 0.0429474 0.0304211 0.0161053
811477 0.0821053 0.0802807 0.0766316 0.0711579 0.0638596 0.0547368 0.0437895 0.0310175 0.0164211
821374 0.0836842 0.0818246 0.0781053 0.0725263 0.0650877 0.0557895 0.0446316 0.031614 0.0167368
831270 0.0852632 0.0833684 0.0795789 0.0738947 0.0663158 0.0568421 0.0454737 0.0322105 0.0170526
841167 0.0868421 0.0849123 0.0810526 0.0752632 0.0675439 0.0578947 0.0463158 0.032807 0.0173684
851064 0.0884211 0.0864561 0.0825263 0.0766316 0.0687719 0.0589474 0.0471579 0.0334035 0.0176842
860961 0.09 0.088 0.084 0.078 0.07 0.06 0.048 0.034 0.018
870857 0.0915789 0.0895439 0.0854737 0.0793684 0.0712281 0.0610526 0.0488421 0.0345965 0.0183158
880754 0.0931579 0.0910877 0.0869474 0.0807368 0.0724561 0.0621053 0.0496842 0.035193 0.0186316
890651 0.0947368 0.0926316 0.0884211 0.0821053 0.0736842 0.0631579 0.0505263 0.0357895 0.0189474
900547 0.0963158 0.0941754 0.0898947 0.0834737 0.0749123 0.0642105 0.0513684 0.036386 0.0192632
910444 0.0978947 0.0957193 0.0913684 0.0848421 0.0761404 0.0652632 0.0522105 0.0369825 0.0195789
920341 0.0994737 0.0972632 0.0928421 0.0862105 0.0773684 0.0663158 0.0530526 0.0375789 0.0198947
930237 0.101053 0.098807 0.0943158 0.0875789 0.0785965 0.0673684 0.0538947 0.0381754 0.0202105
940134 0.102632 0.100351 0.0957895 0.0889474 0.0798246 0.0684211 0.0547368 0.0387719 0.0205263
950031 0.104211 0.101895 0.0972632 0.0903158 0.0810526 0.0694737 0.0555789 0.0393684 0.0208421
959927 0.105789 0.103439 0.0987368 0.0916842 0.0822807 0.0705263 0.0564211 0.0399649 0.0211579
969824 0.107368 0.104982 0.100211 0.0930526 0.0835088 0.0715789 0.0572632 0.0405614 0.0214737
979721 0.108947 0.106526 0.101684 0.0944211 0.0847368 0.0726316 0.0581053 0.0411579 0.0217895
989617 0.110526 0.10807 0.103158 0.0957895 0.0859649 0.0736842 0.0589474 0.0417544 0.0221053
999514 0.112105 0.109614 0.104632 0.0971579 0.087193 0.0747368 0.0597895 0.0423509 0.0224211
1.00941e+06 0.113684 0.111158 0.106105 0.0985263 0.0884211 0.0757895 0.0606316 0.0429474 0.0227368
1.01931e+06 0.115263 0.112702 0.107579 0.0998947 0.0896491 0.0768421 0.0614737 0.0435439 0.0230526
1.0292e+06 0.116842 0.114246 0.109053 0.101263 0.0908772 0.0778947 0.0623158 0.0441404 0.0233684
1.0391e+06 0.118421 0.115789 0.110526 0.102632 0.0921053 0.0789474 0.0631579 0.0447368 0.0236842
1.049e+06 0.12 0.117333 0.112 0.104 0.0933333 0.08 0.064 0.0453333 0.024
1.05889e+06 0.121579 0.118877 0.113474 0.105368 0.0945614 0.0810526 0.0648421 0.0459298 0.0243158
1.06879e+06 0.123158 0.120421 0.114947 0.106737 0.0957895 0.0821053 0.0656842 0.0465263 0.0246316
1.07869e+06 0.124737 0.121965 0.116421 0.108105 0.0970175 0.0831579 0.0665263 0.0471228 0.0249474
1.08845e+06 0.1263 0.123494 0.117882 0.109465 0.0982416 0.0842126 0.0673777 0.0477371 0.0252907
1.08847e+06 0.126687 0.123935 0.118432 0.110178 0.0991717 0.0854142 0.0689051 0.0496446 0.0276326
1.08849e+06 0.127074 0.124377 0.118982 0.110891 0.100102 0.0866158 0.0704325 0.0515521 0.0299745
1.08851e+06 0.127461 0.124818 0.119532 0.111604 0.101032 0.0878174 0.0719599 0.0534596 0.0323164
1.08853e+06 0.127848 0.125259 0.120082 0.112316 0.101962 0.089019 0.0734873 0.0553671 0.0346582
1.08856e+06 0.128235 0.125701 0.120632 0.113029 0.102892 0.0902206 0.0750147 0.0572746 0.0370001
1.08858e+06 0.128622 0.126142 0.121182 0.113742 0.103822 0.0914222 0.0765421 0.0591821 0.039342
1.0886e+06 0.129009 0.126584 0.121732 0.114455 0.104752 0.0926238 0.0780695 0.0610896 0.0416839
1.08862e+06 0.129397 0.127025 0.122282 0.115168 0.105682 0.0938254 0.0795969 0.0629971 0.0440258
1.08864e+06 0.129784 0.127467 0.122832 0.115881 0.106613 0.095027 0.0811243 0.0649045 0.0463676
1.08866e+06 0.130171 0.127908 0.123382 0.116594 0.107543 0.0962286 0.0826517 0.066812 0.0487095
1.08868e+06 0.130558 0.128349 0.123932 0.117307 0.108473 0.0974302 0.0841791 0.0687195 0.0510514
1.0887e+06 0.130945 0.128791 0.124482 0.11802 0.109403 0.0986319 0.0857065 0.070627 0.0533933
1.08872e+06 0.131332 0.129232 0.125033 0.118733 0.110333 0.0998335 0.0872339 0.0725345 0.0557351
1.08874e+06 0.131719 0.129674 0.125583 0.119446 0.111263 0.101035 0.0887613 0.074442 0.058077
1.08877e+06 0.132107 0.130115 0.126133 0.120159 0.112193 0.102237 0.0902887 0.0763495 0.0604189
1.08879e+06 0.132494 0.130557 0.126683 0.120872 0.113123 0.103438 0.0918161 0.078257 0.0627608
1.08881e+06 0.132881 0.130998 0.127233 0.121584 0.114054 0.10464 0.0933435 0.0801645 0.0651027
1.08883e+06 0.133268 0.131439 0.127783 0.122297 0.114984 0.105842 0.0948709 0.082072 0.0674445
1.08885e+06 0.133655 0.131881 0.128333 0.12301 0.115914 0.107043 0.0963983 0.0839794 0.0697864
1.08887e+06 0.134042 0.132322 0.128883 0.123723 0.116844 0.108245 0.0979257 0.0858869 0.0721283
1.08889e+06 0.134429 0.132764 0.129433 0.124436 0.117774 0.109446 0.0994531 0.0877944 0.0744702
1.08891e+06 0.134816 0.133205 0.129983 0.125149 0.118704 0.110648 0.100981 0.0897019 0.076812
1.08893e+06 0.135204 0.133647 0.130533 0.125862 0.119634 0.11185 0.102508 0.0916094 0.0791539
1.08896e+06 0.135591 0.134088 0.131083 0.126575 0.120564 0.113051 0.104035 0.0935169 0.0814958
1.08898e+06 0.135978 0.134529 0.131633 0.127288 0.121494 0.114253 0.105563 0.0954244 0.0838377
1.089e+06 0.136365 0.134971 0.132183 0.128001 0.122425 0.115454 0.10709 0.0973319 0.0861796
1.08902e+06 0.136752 0.135412 0.132733 0.128714 0.123355 0.116656 0.108618 0.0992394 0.0885214
1.08904e+06 0.137139 0.135854 0.133283 0.129427 0.124285 0.117858 0.110145 0.101147 0.0908633
1.08906e+06 0.137526 0.136295 0.133833 0.130139 0.125215 0.119059 0.111672 0.103054 0.0932052
1.08908e+06 0.137913 0.136737 0.134383 0.130852 0.126145 0.120261 0.1132 0.104962 0.0955471
1.0891e+06 0.138301 0.137178 0.134933 0.131565 0.127075 0.121462 0.114727 0.106869 0.0978889
1.08912e+06 0.138688 0.13762 0.135483 0.132278 0.128005 0.122664 0.116255 0.108777 0.100231
1.08914e+06 0.139075 0.138061 0.136033 0.132991 0.128935 0.123866 0.117782 0.110684 0.102573
1.08917e+06 0.139462 0.138502 0.136583 0.133704 0.129866 0.125067 0.119309 0.112592 0.104915
1.08919e+06 0.139849 0.138944 0.137133 0.134417 0.130796 0.126269 0.120837 0.114499 0.107256
1.08921e+06 0.140236 0.139385 0.137683 0.13513 0.131726 0.12747 0.122364 0.116407 0.109598
1.08923e+06 0.140623 0.139827 0.138233 0.135843 0.132656 0.128672 0.123892 0.118314 0.11194
1.08925e+06 0.141011 0.140268 0.138783 0.136556 0.133586 0.129874 0.125419 0.120222 0.114282
1.08927e+06 0.141398 0.14071 0.139333 0.137269 0.134516 0.131075 0.126946 0.122129 0.116624
1.08929e+06 0.141785 0.141151 0.139883 0.137982 0.135446 0.132277 0.128474 0.124037 0.118966
1.08931e+06 0.142172 0.141592 0.140433 0.138695 0.136376 0.133479 0.130001 0.125944 0.121308
1.08933e+06 0.142559 0.142034 0.140983 0.139407 0.137306 0.13468 0.131529 0.127852 0.12365
1.08936e+06 0.142946 0.142475 0.141533 0.14012 0.138237 0.135882 0.133056 0.129759 0.125991
1.08938e+06 0.143333 0.142917 0.142083 0.140833 0.139167 0.137083 0.134583 0.131667 0.128333
1.0894e+06 0.14372 0.143358 0.142633 0.141546 0.140097 0.138285 0.136111 0.133574 0.130675
1.08942e+06 0.144108 0.1438 0.143183 0.142259 0.141027 0.139487 0.137638 0.135482 0.133017
1.08944e+06 0.144495 0.144241 0.143733 0.142972 0.141957 0.140688 0.139166 0.137389 0.135359
1.08946e+06 0.144882 0.144682 0.144283 0.143685 0.142887 0.14189 0.140693 0.139297 0.137701
1.08948e+06 0.145269 0.145124 0.144833 0.144398 0.143817 0.143091 0.14222 0.141204 0.140043
1.0895e+06 0.145656 0.145565 0.145383 0.145111 0.144747 0.144293 0.143748 0.143112 0.142385
1.08952e+06 0.146043 0.146007 0.145934 0.145824 0.145677 0.145495 0.145275 0.145019 0.144727
1.08954e+06 0.14643 0.146448 0.146484 0.146537 0.146608 0.146696 0.146803 0.146927 0.147068
1.08957e+06 0.146817 0.14689 0.147034 0.14725 0.147538 0.147898 0.14833 0.148834 0.14941
1.08959e+06 0.147205 0.147331 0.147584 0.147963 0.148468 0.149099 0.149857 0.150742 0.151752
1.08961e+06 0.147592 0.147772 0.148134 0.148675 0.149398 0.150301 0.151385 0.152649 0.154094
1.08963e+06 0.147979 0.148214 0.148684 0.149388 0.150328 0.151503 0.152912 0.154557 0.156436
1.08965e+06 0.148366 0.148655 0.149234 0.150101 0.151258 0.152704 0.15444 0.156464 0.158778
1.08967e+06 0.148753 0.149097 0.149784 0.150814 0.152188 0.153906 0.155967 0.158372 0.16112
1.08969e+06 0.14914 0.149538 0.150334 0.151527 0.153118 0.155107 0.157494 0.160279 0.163462
1.08971e+06 0.149527 0.14998 0.150884 0.15224 0.154049 0.156309 0.159022 0.162187 0.165803
1.08973e+06 0.149915 0.150421 0.151434 0.152953 0.154979 0.157511 0.160549 0.164094 0.168145
1.08976e+06 0.150302 0.150862 0.151984 0.153666 0.155909 0.158712 0.162077 0.166002 0.170487
1.08978e+06 0.150689 0.151304 0.152534 0.154379 0.156839 0.159914 0.163604 0.167909 0.172829
1.0898e+06 0.151076 0.151745 0.153084 0.155092 0.157769 0.161116 0.165131 0.169816 0.175171
1.08982e+06 0.151463 0.152187 0.153634 0.155805 0.158699 0.162317 0.166659 0.171724 0.177513
1.08984e+06 0.15185 0.152628 0.154184 0.156518 0.159629 0.163519 0.168186 0.173631 0.179855
1.08986e+06 0.152237 0.15307 0.154734 0.157231 0.160559 0.16472 0.169714 0.175539 0.182197
1.08988e+06 0.152624 0.153511 0.155284 0.157943 0.161489 0.165922 0.171241 0.177446 0.184538
1.0899e+06 0.153012 0.153952 0.155834 0.158656 0.16242 0.167124 0.172768 0.179354 0.18688
1.08992e+06 0.153399 0.154394 0.156384 0.159369 0.16335 0.168325 0.174296 0.181261 0.189222
1.08994e+06 0.153786 0.154835 0.156934 0.160082 0.16428 0.169527 0.175823 0.183169 0.191564
1.08997e+06 0.154173 0.155277 0.157484 0.160795 0.16521 0.170728 0.177351 0.185076 0.193906
1.08999e+06 0.15456 0.155718 0.158034 0.161508 0.16614 0.17193 0.178878 0.186984 0.196248
1.09001e+06 0.154947 0.15616 0.158584 0.162221 0.16707 0.173132 0.180405 0.188891 0.19859
1.09003e+06 0.155334 0.156601 0.159134 0.162934 0.168 0.174333 0.181933 0.190799 0.200932
1.09005e+06 0.155721 0.157042 0.159684 0.163647 0.16893 0.175535 0.18346 0.192706 0.203273
1.09007e+06 0.156109 0.157484 0.160234 0.16436 0.16986 0.176736 0.184988 0.194614 0.205615
1.09009e+06 0.156496 0.157925 0.160784 0.165073 0.170791 0.177938 0.186515 0.196521 0.207957
1.09011e+06 0.156883 0.158367 0.161334 0.165786 0.171721 0.17914 0.188042 0.198429 0.210299
1.09013e+06 0.15727 0.158808 0.161884 0.166499 0.172651 0.180341 0.18957 0.200336 0.212641
1.09016e+06 0.157657 0.15925 0.162434 0.167211 0.173581 0.181543 0.191097 0.202244 0.214983
1.09018e+06 0.158044 0.159691 0.162984 0.167924 0.174511 0.182744 0.192625 0.204151 0.217325
1.0902e+06 0.158431 0.160132 0.163534 0.168637 0.175441 0.183946 0.194152 0.206059 0.219667
1.09022e+06 0.158819 0.160574 0.164084 0.16935 0.176371 0.185148 0.195679 0.207966 0.222008
1.09024e+06 0.159206 0.161015 0.164634 0.170063 0.177301 0.186349 0.197207 0.209874 0.22435
1.09026e+06 0.159593 0.161457 0.165184 0.170776 0.178232 0.187551 0.198734 0.211781 0.226692
1.09028e+06 0.15998 0.161898 0.165734 0.171489 0.179162 0.188753 0.200262 0.213689 0.229034
1.0903e+06 0.160367 0.16234 0.166284 0.172202 0.180092 0.189954 0.201789 0.215596 0.231376
1.09032e+06 0.160754 0.162781 0.166834 0.172915 0.181022 0.191156 0.203316 0.217504 0.233718
1.09034e+06 0.161141 0.163222 0.167385 0.173628 0.181952 0.192357 0.204844 0.219411 0.23606
1.09037e+06 0.161528 0.163664 0.167935 0.174341 0.182882 0.193559 0.206371 0.221319 0.238402
1.09039e+06 0.161916 0.164105 0.168485 0.175054 0.183812 0.194761 0.207899 0.223226 0.240744
1.09041e+06 0.162303 0.164547 0.169035 0.175766 0.184742 0.195962 0.209426 0.225134 0.243085
1.09043e+06 0.16269 0.164988 0.169585 0.176479 0.185672 0.197164 0.210953 0.227041 0.245427
1.09045e+06 0.163077 0.16543 0.170135 0.177192 0.186603 0.198365 0.212481 0.228949 0.247769
1.09047e+06 0.163464 0.165871 0.170685 0.177905 0.187533 0.199567 0.214008 0.230856 0.250111
1.09049e+06 0.163851 0.166312 0.171235 0.178618 0.188463 0.200769 0.215536 0.232764 0.252453
1.09051e+06 0.164238 0.166754 0.171785 0.179331 0.189393 0.20197 0.217063 0.234671 0.254795
1.09053e+06 0.164625 0.167195 0.172335 0.180044 0.190323 0.203172 0.21859 0.236579 0.257137
1.09056e+06 0.165013 0.167637 0.172885 0.180757 0.191253 0.204373 0.220118 0.238486 0.259479
1.09058e+06 0.1654 0.168078 0.173435 0.18147 0.192183 0.205575 0.221645 0.240394 0.26182
1.0906e+06 0.165787 0.16852 0.173985 0.182183 0.193113 0.206777 0.223173 0.242301 0.264162
1.09062e+06 0.166174 0.168961 0.174535 0.182896 0.194044 0.207978 0.2247 0.244209 0.266504
1.09064e+06 0.166561 0.169402 0.175085 0.183609 0.194974 0.20918 0.226227 0.246116 0.268846
1.09066e+06 0.166948 0.169844 0.175635 0.184322 0.195904 0.210381 0.227755 0.248024 0.271188
1.09068e+06 0.167335 0.170285 0.176185 0.185034 0.196834 0.211583 0.229282 0.249931 0.27353
1.0907e+06 0.167723 0.170727 0.176735 0.185747 0.197764 0.212785 0.23081 0.251839 0.275872
1.09072e+06 0.16811 0.171168 0.177285 0.18646 0.198694 0.213986 0.232337 0.253746 0.278214
1.09075e+06 0.168497 0.17161 0.177835 0.187173 0.199624 0.215188 0.233864 0.255654 0.280555
1.09077e+06 0.168884 0.172051 0.178385 0.187886 0.200554 0.21639 0.235392 0.257561 0.282897
1.09079e+06 0.169271 0.172492 0.178935 0.188599 0.201484 0.217591 0.236919 0.259468 0.285239
1.09081e+06 0.169658 0.172934 0.179485 0.189312 0.202415 0.218793 0.238447 0.261376 0.287581
1.09083e+06 0.170045 0.173375 0.180035 0.190025 0.203345 0.219994 0.239974 0.263283 0.289923
1.09085e+06 0.170432 0.173817 0.180585 0.190738 0.204275 0.221196 0.241501 0.265191 0.292265
1.09087e+06 0.17082 0.174258 0.181135 0.191451 0.205205 0.222398 0.243029 0.267098 0.294607
1.09089e+06 0.171207 0.1747 0.181685 0.192164 0.206135 0.223599 0.244556 0.269006 0.296949
1.09091e+06 0.171594 0.175141 0.182235 0.192877 0.207065 0.224801 0.246084 0.270913 0.29929
1.09093e+06 0.171981 0.175582 0.182785 0.19359 0.207995 0.226002 0.247611 0.272821 0.301632
1.09096e+06 0.172368 0.176024 0.183335 0.194302 0.208925 0.227204 0.249138 0.274728 0.303974
1.09098e+06 0.172755 0.176465 0.183885 0.195015 0.209855 0.228406 0.250666 0.276636 0.306316
1.091e+06 0.173142 0.176907 0.184435 0.195728 0.210786 0.229607 0.252193 0.278543 0.308658
1.09102e+06 0.173529 0.177348 0.184985 0.196441 0.211716 0.230809 0.253721 0.280451 0.311
1.09104e+06 0.173917 0.17779 0.185535 0.197154 0.212646 0.23201 0.255248 0.282358 0.313342
1.09106e+06 0.174304 0.178231 0.186085 0.197867 0.213576 0.233212 0.256775 0.284266 0.315684
1.09108e+06 0.174691 0.178672 0.186635 0.19858 0.214506 0.234414 0.258303 0.286173 0.318025
1.0911e+06 0.175078 0.179114 0.187185 0.199293 0.215436 0.235615 0.25983 0.288081 0.320367
1.09112e+06 0.175465 0.179555 0.187735 0.200006 0.216366 0.236817 0.261358 0.289988 0.322709
1.09115e+06 0.175852 0.179997 0.188286 0.200719 0.217296 0.238018 0.262885 0.291896 0.325051
1.09117e+06 0.176239 0.180438 0.188836 0.201432 0.218227 0.23922 0.264412 0.293803 0.327393
1.09119e+06 0.176627 0.18088 0.189386 0.202145 0.219157 0.240422 0.26594 0.295711 0.329735
1.09121e+06 0.177014 0.181321 0.189936 0.202858 0.220087 0.241623 0.267467 0.297618 0.332077
1.09123e+06 0.177401 0.181762 0.190486 0.20357 0.221017 0.242825 0.268995 0.299526 0.334419
1.09125e+06 0.177788 0.182204 0.191036 0.204283 0.221947 0.244027 0.270522 0.301433 0.336761
1.09127e+06 0.178175 0.182645 0.191586 0.204996 0.222877 0.245228 0.272049 0.303341 0.339102
1.09129e+06 0.178562 0.183087 0.192136 0.205709 0.223807 0.24643 0.273577 0.305248 0.341444
1.09131e+06 0.178949 0.183528 0.192686 0.206422 0.224737 0.247631 0.275104 0.307156 0.343786
1.09133e+06 0.179336 0.18397 0.193236 0.207135 0.225667 0.248833 0.276632 0.309063 0.346128
1.09136e+06 0.179724 0.184411 0.193786 0.207848 0.226598 0.250035 0.278159 0.310971 0.34847
1.09138e+06 0.180111 0.184852 0.194336 0.208561 0.227528 0.251236 0.279686 0.312878 0.350812
1.0914e+06 0.180498 0.185294 0.194886 0.209274 0.228458 0.252438 0.281214 0.314786 0.353154
1.09142e+06 0.180885 0.185735 0.195436 0.209987 0.229388 0.253639 0.282741 0.316693 0.355496
1.09144e+06 0.181272 0.186177 0.195986 0.2107 0.230318 0.254841 0.284269 0.318601 0.357837
1.09146e+06 0.181659 0.186618 0.196536 0.211413 0.231248 0.256043 0.285796 0.320508 0.360179
1.09148e+06 0.182046 0.18706 0.197086 0.212126 0.232178 0.257244 0.287323 0.322416 0.362521
1.0915e+06 0.182434 0.187501 0.197636 0.212838 0.233108 0.258446 0.288851 0.324323 0.364863
1.09152e+06 0.182821 0.187942 0.198186 0.213551 0.234038 0.259647 0.290378 0.326231 0.367205
1.09155e+06 0.183208 0.188384 0.198736 0.214264 0.234969 0.260849 0.291906 0.328138 0.369547
1.09157e+06 0.183595 0.188825 0.199286 0.214977 0.235899 0.262051 0.293433 0.330046 0.371889
1.09159e+06 0.183982 0.189267 0.199836 0.21569 0.236829 0.263252 0.29496 0.331953 0.374231
1.09161e+06 0.184369 0.189708 0.200386 0.216403 0.237759 0.264454 0.296488 0.333861 0.376572
1.09163e+06 0.184756 0.19015 0.200936 0.217116 0.238689 0.265655 0.298015 0.335768 0.378914
1.09165e+06 0.185143 0.190591 0.201486 0.217829 0.239619 0.266857 0.299543 0.337676 0.381256
1.09167e+06 0.185531 0.191032 0.202036 0.218542 0.240549 0.268059 0.30107 0.339583 0.383598
1.09169e+06 0.185918 0.191474 0.202586 0.219255 0.241479 0.26926 0.302597 0.341491 0.38594
1.09171e+06 0.186305 0.191915 0.203136 0.219968 0.24241 0.270462 0.304125 0.343398 0.388282
1.09173e+06 0.186692 0.192357 0.203686 0.220681 0.24334 0.271664 0.305652 0.345306 0.390624
1.09176e+06 0.187079 0.192798 0.204236 0.221393 0.24427 0.272865 0.30718 0.347213 0.392966
1.09178e+06 0.187466 0.19324 0.204786 0.222106 0.2452 0.274067 0.308707 0.349121 0.395307
1.0918e+06 0.187853 0.193681 0.205336 0.222819 0.24613 0.275268 0.310234 0.351028 0.397649
1.09182e+06 0.18824 0.194122 0.205886 0.223532 0.24706 0.27647 0.311762 0.352935 0.399991
1.09184e+06 0.188628 0.194564 0.206436 0.224245 0.24799 0.277672 0.313289 0.354843 0.402333
1.09186e+06 0.189015 0.195005 0.206986 0.224958 0.24892 0.278873 0.314817 0.35675 0.404675
1.09188e+06 0.189402 0.195447 0.207536 0.225671 0.24985 0.280075 0.316344 0.358658 0.407017
1.0919e+06 0.189789 0.195888 0.208086 0.226384 0.250781 0.281276 0.317871 0.360565 0.409359
1.09192e+06 0.190176 0.19633 0.208636 0.227097 0.251711 0.282478 0.319399 0.362473 0.411701
1.09195e+06 0.190563 0.196771 0.209187 0.22781 0.252641 0.28368 0.320926 0.36438 0.414042
1.09197e+06 0.19095 0.197212 0.209737 0.228523 0.253571 0.284881 0.322454 0.366288 0.416384
1.09199e+06 0.191338 0.197654 0.210287 0.229236 0.254501 0.286083 0.323981 0.368195 0.418726
1.09201e+06 0.191725 0.198095 0.210837 0.229949 0.255431 0.287284 0.325508 0.370103 0.421068
1.09203e+06 0.192112 0.198537 0.211387 0.230661 0.256361 0.288486 0.327036 0.37201 0.42341
1.09205e+06 0.192499 0.198978 0.211937 0.231374 0.257291 0.289688 0.328563 0.373918 0.425752
1.09207e+06 0.192886 0.19942 0.212487 0.232087 0.258222 0.290889 0.330091 0.375825 0.428094
1.09209e+06 0.193273 0.199861 0.213037 0.2328 0.259152 0.292091 0.331618 0.377733 0.430436
1.09211e+06 0.19366 0.200302 0.213587 0.233513 0.260082 0.293292 0.333145 0.37964 0.432778
1.09213e+06 0.194047 0.200744 0.214137 0.234226 0.261012 0.294494 0.334673 0.381548 0.435119
1.09216e+06 0.194435 0.201185 0.214687 0.234939 0.261942 0.295696 0.3362 0.383455 0.437461
1.09218e+06 0.194822 0.201627 0.215237 0.235652 0.262872 0.296897 0.337728 0.385363 0.439803
1.0922e+06 0.195209 0.202068 0.215787 0.236365 0.263802 0.298099 0.339255 0.38727 0.442145
1.09222e+06 0.195596 0.20251 0.216337 0.237078 0.264732 0.299301 0.340782 0.389178 0.444487
