54431.7 0.00157895 0.00312281 0.00459649 0.00596491 0.00719298 0.00824561 0.00908772 0.00968421 0.01
108863 0.00315789 0.00624561 0.00919298 0.0119298 0.014386 0.0164912 0.0181754 0.0193684 0.02
163295 0.00473684 0.00936842 0.0137895 0.0178947 0.0215789 0.0247368 0.0272632 0.0290526 0.03
217727 0.00631579 0.0124912 0.018386 0.0238596 0.0287719 0.0329825 0.0363509 0.0387368 0.04
272159 0.00789474 0.015614 0.0229825 0.0298246 0.0359649 0.0412281 0.0454386 0.0484211 0.05
326590 0.00947368 0.0187368 0.0275789 0.0357895 0.0431579 0.0494737 0.0545263 0.0581053 0.06
366127 0.0110526 0.0218596 0.0321754 0.0417544 0.0503509 0.0577193 0.063614 0.0677895 0.07
376023 0.0126316 0.0249825 0.0367719 0.0477193 0.0575439 0.0659649 0.0727018 0.0774737 0.08
385920 0.0142105 0.0281053 0.0413684 0.0536842 0.0647368 0.0742105 0.0817895 0.0871579 0.09
395817 0.0157895 0.0312281 0.0459649 0.0596491 0.0719298 0.0824561 0.0908772 0.0968421 0.1
405713 0.0173684 0.0343509 0.0505614 0.065614 0.0791228 0.0907018 0.0999649 0.106526 0.11
415610 0.0189474 0.0374737 0.0551579 0.0715789 0.0863158 0.0989474 0.109053 0.116211 0.12
425507 0.0205263 0.0405965 0.0597544 0.0775439 0.0935088 0.107193 0.11814 0.125895 0.13
435403 0.0221053 0.0437193 0.0643509 0.0835088 0.100702 0.115439 0.127228 0.135579 0.14
445300 0.0236842 0.0468421 0.0689474 0.0894737 0.107895 0.123684 0.136316 0.145263 0.15
455197 0.0252632 0.0499649 0.0735439 0.0954386 0.115088 0.13193 0.145404 0.154947 0.16
465093 0.0268421 0.0530877 0.0781404 0.101404 0.122281 0.140175 0.154491 0.164632 0.17
474990 0.0284211 0.0562105 0.0827368 0.107368 0.129474 0.148421 0.163579 0.174316 0.18
484887 0.03 0.0593333 0.0873333 0.113333 0.136667 0.156667 0.172667 0.184 0.19
494783 0.0315789 0.0624561 0.0919298 0.119298 0.14386 0.164912 0.181754 0.193684 0.2
504680 0.0331579 0.0655789 0.0965263 0.125263 0.151053 0.173158 0.190842 0.203368 0.21
514577 0.0347368 0.0687018 0.101123 0.131228 0.158246 0.181404 0.19993 0.213053 0.22
524473 0.0363158 0.0718246 0.105719 0.137193 0.165439 0.189649 0.209018 0.222737 0.23
534370 0.0378947 0.0749474 0.110316 0.143158 0.172632 0.197895 0.218105 0.232421 0.24
544267 0.0394737 0.0780702 0.114912 0.149123 0.179825 0.20614 0.227193 0.242105 0.25
554163 0.0410526 0.081193 0.119509 0.155088 0.187018 0.214386 0.236281 0.251789 0.26
564060 0.0426316 0.0843158 0.124105 0.161053 0.194211 0.222632 0.245368 0.261474 0.27
573957 0.0442105 0.0874386 0.128702 0.167018 0.201404 0.230877 0.254456 0.271158 0.28
583854 0.0457895 0.0905614 0.133298 0.172982 0.208596 0.239123 0.263544 0.280842 0.29
593750 0.0473684 0.0936842 0.137895 0.178947 0.215789 0.247368 0.272632 0.290526 0.3
603647 0.0489474 0.096807 0.142491 0.184912 0.222982 0.255614 0.281719 0.300211 0.31
613544 0.0505263 0.0999298 0.147088 0.190877 0.230175 0.26386 0.290807 0.309895 0.32
623440 0.0521053 0.103053 0.151684 0.196842 0.237368 0.272105 0.299895 0.319579 0.33
633337 0.0536842 0.106175 0.156281 0.202807 0.244561 0.280351 0.308982 0.329263 0.34
643234 0.0552632 0.109298 0.160877 0.208772 0.251754 0.288596 0.31807 0.338947 0.35
653130 0.0568421 0.112421 0.165474 0.214737 0.258947 0.296842 0.327158 0.348632 0.36
663027 0.0584211 0.115544 0.17007 0.220702 0.26614 0.305088 0.336246 0.358316 0.37
672924 0.06 0.118667 0.174667 0.226667 0.273333 0.313333 0.345333 0.368 0.38
682820 0.0615789 0.121789 0.179263 0.232632 0.280526 0.321579 0.354421 0.377684 0.39
692717 0.0631579 0.124912 0.18386 0.238596 0.287719 0.329825 0.363509 0.387368 0.4
702614 0.0647368 0.128035 0.188456 0.244561 0.294912 0.33807 0.372596 0.397053 0.41
712510 0.0663158 0.131158 0.193053 0.250526 0.302105 0.346316 0.381684 0.406737 0.42
722407 0.0678947 0.134281 0.197649 0.256491 0.309298 0.354561 0.390772 0.416421 0.43
732304 0.0694737 0.137404 0.202246 0.262456 0.316491 0.362807 0.39986 0.426105 0.44
742200 0.0710526 0.140526 0.206842 0.268421 0.323684 0.371053 0.408947 0.435789 0.45
752097 0.0726316 0.143649 0.211439 0.274386 0.330877 0.379298 0.418035 0.445474 0.46
761994 0.0742105 0.146772 0.216035 0.280351 0.33807 0.387544 0.427123 0.455158 0.47
771890 0.0757895 0.149895 0.220632 0.286316 0.345263 0.395789 0.436211 0.464842 0.48
781787 0.0773684 0.153018 0.225228 0.292281 0.352456 0.404035 0.445298 0.474526 0.49
791684 0.0789474 0.15614 0.229825 0.298246 0.359649 0.412281 0.454386 0.484211 0.5
801580 0.0805263 0.159263 0.234421 0.304211 0.366842 0.420526 0.463474 0.493895 0.51
811477 0.0821053 0.162386 0.239018 0.310175 0.374035 0.428772 0.472561 0.503579 0.52
821374 0.0836842 0.165509 0.243614 0.31614 0.381228 0.437018 0.481649 0.513263 0.53
831270 0.0852632 0.168632 0.248211 0.322105 0.388421 0.445263 0.490737 0.522947 0.54
841167 0.0868421 0.171754 0.252807 0.32807 0.395614 0.453509 0.499825 0.532632 0.55
851064 0.0884211 0.174877 0.257404 0.334035 0.402807 0.461754 0.508912 0.542316 0.56
860961 0.09 0.178 0.262 0.34 0.41 0.47 0.518 0.552 0.57
870857 0.0915789 0.181123 0.266596 0.345965 0.417193 0.478246 0.527088 0.561684 0.58
880754 0.0931579 0.184246 0.271193 0.35193 0.424386 0.486491 0.536175 0.571368 0.59
890651 0.0947368 0.187368 0.275789 0.357895 0.431579 0.494737 0.545263 0.581053 0.6
900547 0.0963158 0.190491 0.280386 0.36386 0.438772 0.502982 0.554351 0.590737 0.61
910444 0.0978947 0.193614 0.284982 0.369825 0.445965 0.511228 0.563439 0.600421 0.62
920341 0.0994737 0.196737 0.289579 0.375789 0.453158 0.519474 0.572526 0.610105 0.63
930237 0.101053 0.19986 0.294175 0.381754 0.460351 0.527719 0.581614 0.619789 0.64
940134 0.102632 0.202982 0.298772 0.387719 0.467544 0.535965 0.590702 0.629474 0.65
950031 0.104211 0.206105 0.303368 0.393684 0.474737 0.544211 0.599789 0.639158 0.66
959927 0.105789 0.209228 0.307965 0.399649 0.48193 0.552456 0.608877 0.648842 0.67
969824 0.107368 0.212351 0.312561 0.405614 0.489123 0.560702 0.617965 0.658526 0.68
979721 0.108947 0.215474 0.317158 0.411579 0.496316 0.568947 0.627053 0.668211 0.69
989617 0.110526 0.218596 0.321754 0.417544 0.503509 0.577193 0.63614 0.677895 0.7
999514 0.112105 0.221719 0.326351 0.423509 0.510702 0.585439 0.645228 0.687579 0.71
1.00941e+06 0.113684 0.224842 0.330947 0.429474 0.517895 0.593684 0.654316 0.697263 0.72
1.01931e+06 0.115263 0.227965 0.335544 0.435439 0.525088 0.60193 0.663404 0.706947 0.73
1.0292e+06 0.116842 0.231088 0.34014 0.441404 0.532281 0.610175 0.672491 0.716632 0.74
1.0391e+06 0.118421 0.234211 0.344737 0.447368 0.539474 0.618421 0.681579 0.726316 0.75
1.049e+06 0.12 0.237333 0.349333 0.453333 0.546667 0.626667 0.690667 0.736 0.76
1.05889e+06 0.121579 0.240456 0.35393 0.459298 0.55386 0.634912 0.699754 0.745684 0.77
1.06879e+06 0.123158 0.243579 0.358526 0.465263 0.561053 0.643158 0.708842 0.755368 0.78
1.07869e+06 0.124737 0.246702 0.363123 0.471228 0.568246 0.651404 0.71793 0.765053 0.79
1.08845e+06 0.1263 0.249793 0.367676 0.47714 0.575382 0.659594 0.726972 0.774709 0.8
1.08847e+06 0.126687 0.250622 0.369054 0.479232 0.578403 0.663818 0.732723 0.782367 0.81
1.08849e+06 0.127074 0.25145 0.370433 0.481323 0.581425 0.668041 0.738473 0.790026 0.82
1.08851e+06 0.127461 0.252279 0.371811 0.483415 0.584447 0.672264 0.744224 0.797684 0.83
1.08853e+06 0.127848 0.253108 0.37319 0.485506 0.587468 0.676487 0.749975 0.805342 0.84
1.08856e+06 0.128235 0.253936 0.374568 0.487598 0.59049 0.680711 0.755725 0.813 0.85
1.08858e+06 0.128622 0.254765 0.375947 0.489689 0.593512 0.684934 0.761476 0.820658 0.86
1.0886e+06 0.129009 0.255593 0.377326 0.491781 0.596533 0.689157 0.767227 0.828316 0.87
1.08862e+06 0.129397 0.256422 0.378704 0.493872 0.599555 0.69338 0.772977 0.835974 0.88
1.08864e+06 0.129784 0.25725 0.380083 0.495964 0.602576 0.697603 0.778728 0.843632 0.89
1.08866e+06 0.130171 0.258079 0.381461 0.498055 0.605598 0.701827 0.784478 0.85129 0.9
1.08868e+06 0.130558 0.258907 0.38284 0.500147 0.60862 0.70605 0.790229 0.858949 0.91
1.0887e+06 0.130945 0.259736 0.384219 0.502238 0.611641 0.710273 0.79598 0.866607 0.92
1.08872e+06 0.131332 0.260565 0.385597 0.50433 0.614663 0.714496 0.80173 0.874265 0.93
1.08874e+06 0.131719 0.261393 0.386976 0.506421 0.617685 0.71872 0.807481 0.881923 0.94
1.08877e+06 0.132107 0.262222 0.388354 0.508513 0.620706 0.722943 0.813232 0.889581 0.95
1.08879e+06 0.132494 0.26305 0.389733 0.510604 0.623728 0.727166 0.818982 0.897239 0.96
1.08881e+06 0.132881 0.263879 0.391111 0.512696 0.626749 0.731389 0.824733 0.904897 0.97
1.08883e+06 0.133268 0.264707 0.39249 0.514787 0.629771 0.735613 0.830484 0.912555 0.98
1.08885e+06 0.133655 0.265536 0.393869 0.516879 0.632793 0.739836 0.836234 0.920214 0.99
1.08887e+06 0.134042 0.266365 0.395247 0.51897 0.635814 0.744059 0.841985 0.927872 1
1.08889e+06 0.134429 0.267193 0.396626 0.521062 0.638836 0.748282 0.847735 0.93553 1.01
1.08891e+06 0.134816 0.268022 0.398004 0.523153 0.641858 0.752505 0.853486 0.943188 1.02
1.08893e+06 0.135204 0.26885 0.399383 0.525245 0.644879 0.756729 0.859237 0.950846 1.03
1.08896e+06 0.135591 0.269679 0.400762 0.527336 0.647901 0.760952 0.864987 0.958504 1.04
1.08898e+06 0.135978 0.270507 0.40214 0.529428 0.650922 0.765175 0.870738 0.966162 1.05
1.089e+06 0.136365 0.271336 0.403519 0.531519 0.653944 0.769398 0.876489 0.97382 1.06
1.08902e+06 0.136752 0.272164 0.404897 0.533611 0.656966 0.773622 0.882239 0.981479 1.07
1.08904e+06 0.137139 0.272993 0.406276 0.535702 0.659987 0.777845 0.88799 0.989137 1.08
1.08906e+06 0.137526 0.273822 0.407654 0.537794 0.663009 0.782068 0.89374 0.996795 1.09
1.08908e+06 0.137913 0.27465 0.409033 0.539885 0.666031 0.786291 0.899491 1.00445 1.1
1.0891e+06 0.138301 0.275479 0.410412 0.541977 0.669052 0.790515 0.905242 1.01211 1.11
1.08912e+06 0.138688 0.276307 0.41179 0.544069 0.672074 0.794738 0.910992 1.01977 1.12
1.08914e+06 0.139075 0.277136 0.413169 0.54616 0.675095 0.798961 0.916743 1.02743 1.13
1.08917e+06 0.139462 0.277964 0.414547 0.548252 0.678117 0.803184 0.922494 1.03509 1.14
1.08919e+06 0.139849 0.278793 0.415926 0.550343 0.681139 0.807408 0.928244 1.04274 1.15
1.08921e+06 0.140236 0.279621 0.417305 0.552435 0.68416 0.811631 0.933995 1.0504 1.16
1.08923e+06 0.140623 0.28045 0.418683 0.554526 0.687182 0.815854 0.939746 1.05806 1.17
1.08925e+06 0.141011 0.281279 0.420062 0.556618 0.690204 0.820077 0.945496 1.06572 1.18
1.08927e+06 0.141398 0.282107 0.42144 0.558709 0.693225 0.8243 0.951247 1.07338 1.19
1.08929e+06 0.141785 0.282936 0.422819 0.560801 0.696247 0.828524 0.956997 1.08103 1.2
1.08931e+06 0.142172 0.283764 0.424198 0.562892 0.699268 0.832747 0.962748 1.08869 1.21
1.08933e+06 0.142559 0.284593 0.425576 0.564984 0.70229 0.83697 0.968499 1.09635 1.22
1.08936e+06 0.142946 0.285421 0.426955 0.567075 0.705312 0.841193 0.974249 1.10401 1.23
1.08938e+06 0.143333 0.28625 0.428333 0.569167 0.708333 0.845417 0.98 1.11167 1.24
1.0894e+06 0.14372 0.287079 0.429712 0.571258 0.711355 0.84964 0.985751 1.11932 1.25
1.08942e+06 0.144108 0.287907 0.43109 0.57335 0.714377 0.853863 0.991501 1.12698 1.26
1.08944e+06 0.144495 0.288736 0.432469 0.575441 0.717398 0.858086 0.997252 1.13464 1.27
1.08946e+06 0.144882 0.289564 0.433848 0.577533 0.72042 0.86231 1.003 1.1423 1.28
1.08948e+06 0.145269 0.290393 0.435226 0.579624 0.723441 0.866533 1.00875 1.14996 1.29
1.0895e+06 0.145656 0.291221 0.436605 0.581716 0.726463 0.870756 1.0145 1.15762 1.3
1.08952e+06 0.146043 0.29205 0.437983 0.583807 0.729485 0.874979 1.02025 1.16527 1.31
1.08954e+06 0.14643 0.292878 0.439362 0.585899 0.732506 0.879202 1.02601 1.17293 1.32
1.08957e+06 0.146817 0.293707 0.440741 0.58799 0.735528 0.883426 1.03176 1.18059 1.33
1.08959e+06 0.147205 0.294536 0.442119 0.590082 0.73855 0.887649 1.03751 1.18825 1.34
1.08961e+06 0.147592 0.295364 0.443498 0.592173 0.741571 0.891872 1.04326 1.19591 1.35
1.08963e+06 0.147979 0.296193 0.444876 0.594265 0.744593 0.896095 1.04901 1.20356 1.36
1.08965e+06 0.148366 0.297021 0.446255 0.596356 0.747614 0.900319 1.05476 1.21122 1.37
1.08967e+06 0.148753 0.29785 0.447633 0.598448 0.750636 0.904542 1.06051 1.21888 1.38
1.08969e+06 0.14914 0.298678 0.449012 0.600539 0.753658 0.908765 1.06626 1.22654 1.39
1.08971e+06 0.149527 0.299507 0.450391 0.602631 0.756679 0.912988 1.07201 1.2342 1.4
1.08973e+06 0.149915 0.300335 0.451769 0.604722 0.759701 0.917212 1.07776 1.24185 1.41
1.08976e+06 0.150302 0.301164 0.453148 0.606814 0.762722 0.921435 1.08351 1.24951 1.42
1.08978e+06 0.150689 0.301993 0.454526 0.608905 0.765744 0.925658 1.08926 1.25717 1.43
1.0898e+06 0.151076 0.302821 0.455905 0.610997 0.768766 0.929881 1.09501 1.26483 1.44
1.08982e+06 0.151463 0.30365 0.457284 0.613088 0.771787 0.934104 1.10076 1.27249 1.45
1.08984e+06 0.15185 0.304478 0.458662 0.61518 0.774809 0.938328 1.10651 1.28015 1.46
1.08986e+06 0.152237 0.305307 0.460041 0.617271 0.777831 0.942551 1.11226 1.2878 1.47
1.08988e+06 0.152624 0.306135 0.461419 0.619363 0.780852 0.946774 1.11802 1.29546 1.48
1.0899e+06 0.153012 0.306964 0.462798 0.621454 0.783874 0.950997 1.12377 1.30312 1.49
1.08992e+06 0.153399 0.307793 0.464177 0.623546 0.786895 0.955221 1.12952 1.31078 1.5
1.08994e+06 0.153786 0.308621 0.465555 0.625637 0.789917 0.959444 1.13527 1.31844 1.51
1.08997e+06 0.154173 0.30945 0.466934 0.627729 0.792939 0.963667 1.14102 1.32609 1.52
1.08999e+06 0.15456 0.310278 0.468312 0.62982 0.79596 0.96789 1.14677 1.33375 1.53
1.09001e+06 0.154947 0.311107 0.469691 0.631912 0.798982 0.972114 1.15252 1.34141 1.54
1.09003e+06 0.155334 0.311935 0.471069 0.634003 0.802004 0.976337 1.15827 1.34907 1.55
1.09005e+06 0.155721 0.312764 0.472448 0.636095 0.805025 0.98056 1.16402 1.35673 1.56
1.09007e+06 0.156109 0.313592 0.473827 0.638186 0.808047 0.984783 1.16977 1.36438 1.57
1.09009e+06 0.156496 0.314421 0.475205 0.640278 0.811068 0.989007 1.17552 1.37204 1.58
1.09011e+06 0.156883 0.31525 0.476584 0.642369 0.81409 0.99323 1.18127 1.3797 1.59
1.09013e+06 0.15727 0.316078 0.477962 0.644461 0.817112 0.997453 1.18702 1.38736 1.6
1.09016e+06 0.157657 0.316907 0.479341 0.646552 0.820133 1.00168 1.19277 1.39502 1.61
1.09018e+06 0.158044 0.317735 0.48072 0.648644 0.823155 1.0059 1.19852 1.40268 1.62
1.0902e+06 0.158431 0.318564 0.482098 0.650735 0.826177 1.01012 1.20427 1.41033 1.63
1.09022e+06 0.158819 0.319392 0.483477 0.652827 0.829198 1.01435 1.21003 1.41799 1.64
1.09024e+06 0.159206 0.320221 0.484855 0.654918 0.83222 1.01857 1.21578 1.42565 1.65
1.09026e+06 0.159593 0.321049 0.486234 0.65701 0.835241 1.02279 1.22153 1.43331 1.66
1.09028e+06 0.15998 0.321878 0.487612 0.659101 0.838263 1.02702 1.22728 1.44097 1.67
1.0903e+06 0.160367 0.322707 0.488991 0.661193 0.841285 1.03124 1.23303 1.44862 1.68
1.09032e+06 0.160754 0.323535 0.49037 0.663284 0.844306 1.03546 1.23878 1.45628 1.69
1.09034e+06 0.161141 0.324364 0.491748 0.665376 0.847328 1.03969 1.24453 1.46394 1.7
1.09037e+06 0.161528 0.325192 0.493127 0.667467 0.85035 1.04391 1.25028 1.4716 1.71
1.09039e+06 0.161916 0.326021 0.494505 0.669559 0.853371 1.04813 1.25603 1.47926 1.72
1.09041e+06 0.162303 0.326849 0.495884 0.67165 0.856393 1.05235 1.26178 1.48691 1.73
1.09043e+06 0.16269 0.327678 0.497263 0.673742 0.859414 1.05658 1.26753 1.49457 1.74
1.09045e+06 0.163077 0.328507 0.498641 0.675833 0.862436 1.0608 1.27328 1.50223 1.75
1.09047e+06 0.163464 0.329335 0.50002 0.677925 0.865458 1.06502 1.27903 1.50989 1.76
1.09049e+06 0.163851 0.330164 0.501398 0.680017 0.868479 1.06925 1.28478 1.51755 1.77
1.09051e+06 0.164238 0.330992 0.502777 0.682108 0.871501 1.07347 1.29053 1.52521 1.78
1.09053e+06 0.164625 0.331821 0.504156 0.6842 0.874523 1.07769 1.29628 1.53286 1.79
1.09056e+06 0.165013 0.332649 0.505534 0.686291 0.877544 1.08192 1.30204 1.54052 1.8
1.09058e+06 0.1654 0.333478 0.506913 0.688383 0.880566 1.08614 1.30779 1.54818 1.81
1.0906e+06 0.165787 0.334306 0.508291 0.690474 0.883587 1.09036 1.31354 1.55584 1.82
1.09062e+06 0.166174 0.335135 0.50967 0.692566 0.886609 1.09459 1.31929 1.5635 1.83
1.09064e+06 0.166561 0.335964 0.511048 0.694657 0.889631 1.09881 1.32504 1.57115 1.84
1.09066e+06 0.166948 0.336792 0.512427 0.696749 0.892652 1.10303 1.33079 1.57881 1.85
1.09068e+06 0.167335 0.337621 0.513806 0.69884 0.895674 1.10726 1.33654 1.58647 1.86
1.0907e+06 0.167723 0.338449 0.515184 0.700932 0.898696 1.11148 1.34229 1.59413 1.87
1.09072e+06 0.16811 0.339278 0.516563 0.703023 0.901717 1.1157 1.34804 1.60179 1.88
1.09075e+06 0.168497 0.340106 0.517941 0.705115 0.904739 1.11993 1.35379 1.60944 1.89
1.09077e+06 0.168884 0.340935 0.51932 0.707206 0.90776 1.12415 1.35954 1.6171 1.9
1.09079e+06 0.169271 0.341763 0.520699 0.709298 0.910782 1.12837 1.36529 1.62476 1.91
1.09081e+06 0.169658 0.342592 0.522077 0.711389 0.913804 1.1326 1.37104 1.63242 1.92
1.09083e+06 0.170045 0.343421 0.523456 0.713481 0.916825 1.13682 1.37679 1.64008 1.93
1.09085e+06 0.170432 0.344249 0.524834 0.715572 0.919847 1.14104 1.38254 1.64774 1.94
1.09087e+06 0.17082 0.345078 0.526213 0.717664 0.922869 1.14527 1.38829 1.65539 1.95
1.09089e+06 0.171207 0.345906 0.527591 0.719755 0.92589 1.14949 1.39405 1.66305 1.96
1.09091e+06 0.171594 0.346735 0.52897 0.721847 0.928912 1.15371 1.3998 1.67071 1.97
1.09093e+06 0.171981 0.347563 0.530349 0.723938 0.931933 1.15794 1.40555 1.67837 1.98
1.09096e+06 0.172368 0.348392 0.531727 0.72603 0.934955 1.16216 1.4113 1.68603 1.99
1.09098e+06 0.172755 0.34922 0.533106 0.728121 0.937977 1.16638 1.41705 1.69368 2
1.091e+06 0.173142 0.350049 0.534484 0.730213 0.940998 1.17061 1.4228 1.70134 2.01
1.09102e+06 0.173529 0.350878 0.535863 0.732304 0.94402 1.17483 1.42855 1.709 2.02
1.09104e+06 0.173917 0.351706 0.537242 0.734396 0.947042 1.17905 1.4343 1.71666 2.03
1.09106e+06 0.174304 0.352535 0.53862 0.736487 0.950063 1.18328 1.44005 1.72432 2.04
1.09108e+06 0.174691 0.353363 0.539999 0.738579 0.953085 1.1875 1.4458 1.73197 2.05
1.0911e+06 0.175078 0.354192 0.541377 0.74067 0.956106 1.19172 1.45155 1.73963 2.06
1.09112e+06 0.175465 0.35502 0.542756 0.742762 0.959128 1.19594 1.4573 1.74729 2.07
1.09115e+06 0.175852 0.355849 0.544134 0.744853 0.96215 1.20017 1.46305 1.75495 2.08
1.09117e+06 0.176239 0.356678 0.545513 0.746945 0.965171 1.20439 1.4688 1.76261 2.09
1.09119e+06 0.176627 0.357506 0.546892 0.749036 0.968193 1.20861 1.47455 1.77027 2.1
1.09121e+06 0.177014 0.358335 0.54827 0.751128 0.971215 1.21284 1.4803 1.77792 2.11
1.09123e+06 0.177401 0.359163 0.549649 0.753219 0.974236 1.21706 1.48606 1.78558 2.12
1.09125e+06 0.177788 0.359992 0.551027 0.755311 0.977258 1.22128 1.49181 1.79324 2.13
1.09127e+06 0.178175 0.36082 0.552406 0.757402 0.980279 1.22551 1.49756 1.8009 2.14
1.09129e+06 0.178562 0.361649 0.553785 0.759494 0.983301 1.22973 1.50331 1.80856 2.15
1.09131e+06 0.178949 0.362477 0.555163 0.761585 0.986323 1.23395 1.50906 1.81621 2.16
1.09133e+06 0.179336 0.363306 0.556542 0.763677 0.989344 1.23818 1.51481 1.82387 2.17
1.09136e+06 0.179724 0.364135 0.55792 0.765768 0.992366 1.2424 1.52056 1.83153 2.18
1.09138e+06 0.180111 0.364963 0.559299 0.76786 0.995388 1.24662 1.52631 1.83919 2.19
1.0914e+06 0.180498 0.365792 0.560678 0.769951 0.998409 1.25085 1.53206 1.84685 2.2
1.09142e+06 0.180885 0.36662 0.562056 0.772043 1.00143 1.25507 1.53781 1.8545 2.21
1.09144e+06 0.181272 0.367449 0.563435 0.774134 1.00445 1.25929 1.54356 1.86216 2.22
1.09146e+06 0.181659 0.368277 0.564813 0.776226 1.00747 1.26352 1.54931 1.86982 2.23
1.09148e+06 0.182046 0.369106 0.566192 0.778317 1.0105 1.26774 1.55506 1.87748 2.24
1.0915e+06 0.182434 0.369934 0.56757 0.780409 1.01352 1.27196 1.56081 1.88514 2.25
1.09152e+06 0.182821 0.370763 0.568949 0.7825 1.01654 1.27619 1.56656 1.8928 2.26
1.09155e+06 0.183208 0.371592 0.570328 0.784592 1.01956 1.28041 1.57232 1.90045 2.27
1.09157e+06 0.183595 0.37242 0.571706 0.786683 1.02258 1.28463 1.57807 1.90811 2.28
1.09159e+06 0.183982 0.373249 0.573085 0.788775 1.0256 1.28886 1.58382 1.91577 2.29
1.09161e+06 0.184369 0.374077 0.574463 0.790866 1.02863 1.29308 1.58957 1.92343 2.3
1.09163e+06 0.184756 0.374906 0.575842 0.792958 1.03165 1.2973 1.59532 1.93109 2.31
1.09165e+06 0.185143 0.375734 0.577221 0.795049 1.03467 1.30153 1.60107 1.93874 2.32
1.09167e+06 0.185531 0.376563 0.578599 0.797141 1.03769 1.30575 1.60682 1.9464 2.33
1.09169e+06 0.185918 0.377392 0.579978 0.799232 1.04071 1.30997 1.61257 1.95406 2.34
1.09171e+06 0.186305 0.37822 0.581356 0.801324 1.04373 1.3142 1.61832 1.96172 2.35
1.09173e+06 0.186692 0.379049 0.582735 0.803415 1.04676 1.31842 1.62407 1.96938 2.36
1.09176e+06 0.187079 0.379877 0.584113 0.805507 1.04978 1.32264 1.62982 1.97703 2.37
1.09178e+06 0.187466 0.380706 0.585492 0.807598 1.0528 1.32687 1.63557 1.98469 2.38
1.0918e+06 0.187853 0.381534 0.586871 0.80969 1.05582 1.33109 1.64132 1.99235 2.39
1.09182e+06 0.18824 0.382363 0.588249 0.811781 1.05884 1.33531 1.64707 2.00001 2.4
1.09184e+06 0.188628 0.383191 0.589628 0.813873 1.06186 1.33953 1.65282 2.00767 2.41
1.09186e+06 0.189015 0.38402 0.591006 0.815965 1.06488 1.34376 1.65857 2.01533 2.42
1.09188e+06 0.189402 0.384849 0.592385 0.818056 1.06791 1.34798 1.66433 2.02298 2.43
1.0919e+06 0.189789 0.385677 0.593764 0.820148 1.07093 1.3522 1.67008 2.03064 2.44
1.09192e+06 0.190176 0.386506 0.595142 0.822239 1.07395 1.35643 1.67583 2.0383 2.45
1.09195e+06 0.190563 0.387334 0.596521 0.824331 1.07697 1.36065 1.68158 2.04596 2.46
1.09197e+06 0.19095 0.388163 0.597899 0.826422 1.07999 1.36487 1.68733 2.05362 2.47
1.09199e+06 0.191338 0.388991 0.599278 0.828514 1.08301 1.3691 1.69308 2.06127 2.48
1.09201e+06 0.191725 0.38982 0.600657 0.830605 1.08604 1.37332 1.69883 2.06893 2.49
1.09203e+06 0.192112 0.390648 0.602035 0.832697 1.08906 1.37754 1.70458 2.07659 2.5
1.09205e+06 0.192499 0.391477 0.603414 0.834788 1.09208 1.38177 1.71033 2.08425 2.51
1.09207e+06 0.192886 0.392306 0.604792 0.83688 1.0951 1.38599 1.71608 2.09191 2.52
1.09209e+06 0.193273 0.393134 0.606171 0.838971 1.09812 1.39021 1.72183 2.09956 2.53
1.09211e+06 0.19366 0.393963 0.607549 0.841063 1.10114 1.39444 1.72758 2.10722 2.54
1.09213e+06 0.194047 0.394791 0.608928 0.843154 1.10417 1.39866 1.73333 2.11488 2.55
1.09216e+06 0.194435 0.39562 0.610307 0.845246 1.10719 1.40288 1.73908 2.12254 2.56
1.09218e+06 0.194822 0.396448 0.611685 0.847337 1.11021 1.40711 1.74483 2.1302 2.57
1.0922e+06 0.195209 0.397277 0.613064 0.849429 1.11323 1.41133 1.75058 2.13785 2.58
1.09222e+06 0.195596 0.398106 0.614442 0.85152 1.11625 1.41555 1.75634 2.14551 2.59
