0.1 -390216 -181752 -82097.5 -31592.1
0.2 -3.20491e+06 -1.73887e+06 -885732 -369476
0.3 -6.78768e+06 -5.09052e+06 -3.19415e+06 -1.50725e+06
0.4 -4.31637e+06 -5.40175e+06 -4.58392e+06 -2.55087e+06
0.5 1.63138e+06 662949 -506241 -677743
0.6 5.0861e+06 6.15664e+06 5.62157e+06 3.26322e+06
0.7 5.32202e+06 5.16879e+06 4.76276e+06 3.06333e+06
0.8 -1.72374e+06 -1.18605e+06 -1.78895e+06 -1.42363e+06
0.9 -1.31858e+07 -1.03809e+07 -6.9916e+06 -3.69472e+06
1 -1.81408e+07 -1.51869e+07 -9.99453e+06 -4.47267e+06
1.1 -1.04188e+07 -9.86522e+06 -8.49845e+06 -5.12256e+06
1.2 3.4425e+06 1.97995e+06 766710 -84433
1.3 9.49974e+06 1.09535e+07 9.84093e+06 6.24425e+06
1.4 5.29977e+06 7.16133e+06 6.61579e+06 3.66918e+06
1.5 -3.63528e+06 -5.4715e+06 -5.36863e+06 -3.3499e+06
1.6 -1.57242e+07 -1.35652e+07 -1.06554e+07 -5.63665e+06
1.7 -2.13905e+07 -1.50949e+07 -8.62788e+06 -4.12311e+06
1.8 -1.26116e+07 -1.13456e+07 -8.07286e+06 -3.78651e+06
1.9 -2.05391e+06 -2.41205e+06 -3.70434e+06 -2.75689e+06
2 462815 3.30408e+06 4.43129e+06 2.49199e+06
2.1 483525 1.71629e+06 3.16292e+06 3.19212e+06
2.2 2.1159e+06 -921169 -3.36263e+06 -3.09977e+06
2.3 -2.11787e+06 -1.86464e+06 -2.10584e+06 -1.93522e+06
2.4 -2.58283e+06 -1.05267e+06 1.88464e+06 2.97987e+06
2.5 2.41267e+07 1.21048e+07 5.18575e+06 1.28289e+06
2.6 5.42512e+07 3.94845e+07 2.21354e+07 8.89645e+06
2.7 5.26946e+07 5.13683e+07 4.1901e+07 2.40015e+07
2.8 2.92041e+07 2.85212e+07 2.63764e+07 1.60969e+07
2.9 -9.25996e+06 -1.2213e+07 -1.57063e+07 -1.09004e+07
3 -6.0189e+07 -4.95651e+07 -3.59724e+07 -1.9634e+07
3.1 -6.97305e+07 -5.55217e+07 -3.45048e+07 -1.48741e+07
3.2 -7.58826e+07 -5.23031e+07 -3.47631e+07 -1.81717e+07
3.3 -7.1326e+07 -5.52397e+07 -3.83611e+07 -2.02659e+07
3.4 -4.29763e+07 -4.45878e+07 -3.20628e+07 -1.51847e+07
3.5 -1.41373e+07 -3.97948e+06 -5.69167e+06 -5.06246e+06
3.6 3.92215e+06 1.09033e+07 1.58356e+07 9.86688e+06
3.7 2.263e+07 1.22512e+07 8.35949e+06 7.40977e+06
3.8 1.16109e+07 1.22904e+07 1.26541e+06 -4.80685e+06
3.9 3.09472e+06 -522581 5.08759e+06 4.10734e+06
4 -3.3083e+06 -1.52509e+06 34235.8 4.65816e+06
4.1 -7.67053e+06 -2.35486e+06 -5.77183e+06 -9.37644e+06
4.2 -8.60852e+06 -1.34016e+07 -7.30788e+06 -1.57493e+06
4.3 -3.63971e+06 -3.18127e+06 -2.80639e+06 2.03189e+06
4.4 1.61939e+07 1.45729e+07 8.28158e+06 -2.45609e+06
4.5 3.53242e+07 2.37805e+07 1.64829e+07 1.23214e+07
4.6 1.64532e+07 2.30457e+07 1.994e+07 1.24901e+07
4.7 -5.51384e+06 -2.40953e+06 814950 -3.7917e+06
4.8 -1.62446e+07 -2.49835e+07 -2.48688e+07 -9.42441e+06
4.9 -2.55841e+07 -1.9482e+07 -1.38651e+07 -1.01206e+07
5 -3.03381e+07 -1.24487e+07 -1.30958e+06 -394746
5.1 -1.42904e+07 -1.73388e+07 -1.32636e+07 -1.04785e+06
5.2 -31731.8 -6.36608e+06 -1.08925e+07 -1.33688e+07
5.3 1.05881e+07 1.23545e+07 9.74129e+06 5.91351e+06
5.4 2.59293e+07 2.32236e+07 2.26713e+07 1.86953e+07
5.5 2.73505e+07 2.37876e+07 1.42248e+07 433694
5.6 1.73451e+06 1.47316e+06 -2.63419e+06 -229038
5.7 -1.6374e+07 -1.85022e+07 -7.87952e+06 237735
5.8 -2.78498e+07 -1.66777e+07 -1.35239e+07 -1.23165e+07
5.9 -2.91295e+07 -2.29588e+07 -1.84367e+07 -7.3e+06
6 -8.5668e+06 -1.77412e+07 -8.81893e+06 -2.67334e+06
6.1 1.02825e+07 1.61071e+07 6.09831e+06 -1.4219e+06
6.2 3.88259e+07 2.95963e+07 2.22601e+07 1.40537e+07
6.3 4.04312e+07 3.11861e+07 2.70172e+07 1.59066e+07
6.4 2.35314e+07 2.61685e+07 1.28159e+07 3.05392e+06
6.5 2.00735e+07 3.06522e+06 1.93605e+06 1.99885e+06
6.6 2.41993e+07 1.39292e+07 7.31946e+06 4.04463e+06
6.7 3.37765e+07 3.63771e+07 2.33163e+07 8.95881e+06
6.8 3.7828e+07 2.7249e+07 2.6144e+07 1.70411e+07
6.9 8.07502e+06 1.08429e+07 5.60907e+06 3.79228e+06
7 -1.59514e+07 -1.42757e+07 -1.36067e+07 -1.17897e+07
7.1 -2.96294e+07 -3.20164e+07 -2.00351e+07 -6.86525e+06
7.2 -3.36823e+07 -1.9465e+07 -1.49363e+07 -7.28371e+06
7.3 2.06084e+06 -4.18902e+06 -3.30659e+06 -5.75045e+06
7.4 3.90686e+07 2.35773e+07 1.34358e+07 1.03402e+07
7.5 -3.67104e+06 2.77889e+07 2.68256e+07 1.37466e+07
7.6 -3.81552e+07 -3.41261e+07 -1.22694e+07 -4.1228e+06
7.7 -7.27401e+07 -6.12565e+07 -5.05366e+07 -2.56353e+07
7.8 -7.86991e+07 -6.62883e+07 -5.51454e+07 -2.99754e+07
7.9 -5.73535e+07 -5.8259e+07 -3.40519e+07 -2.17503e+07
8 -9.99395e+06 -6.18788e+06 -1.0764e+07 -1.1273e+06
8.1 5.02309e+07 3.91407e+07 2.01828e+07 1.01232e+07
8.2 6.76249e+07 5.69999e+07 5.14974e+07 2.24451e+07
8.3 6.81625e+07 6.19516e+07 4.95721e+07 2.81105e+07
8.4 3.90509e+07 4.10998e+07 1.91411e+07 1.73257e+07
8.5 -1.06742e+07 -1.02134e+07 5.2108e+06 -6.25481e+06
8.6 -5.54939e+07 -4.26289e+07 -2.54708e+07 -1.15752e+07
8.7 -7.97671e+07 -6.51714e+07 -6.00522e+07 -2.1827e+07
8.8 -7.81141e+07 -7.19236e+07 -4.9213e+07 -3.48147e+07
8.9 -6.01963e+07 -5.08738e+07 -3.05161e+07 -2.01847e+07
9 -1.75659e+07 -1.17366e+07 -1.82525e+07 -327174
9.1 -7.42968e+06 -1.40353e+06 924589 1.45695e+06
9.2 2.96626e+06 5.3451e+06 1.9835e+07 866905
9.3 1.81519e+07 1.62659e+07 1.03689e+06 1.06573e+07
9.4 2.97671e+07 1.88443e+07 7.39365e+06 1.59052e+06
9.5 3.2162e+06 7.83134e+06 1.82925e+07 1.07535e+06
9.6 -7.29871e+06 1.58964e+06 60318.2 1.21119e+07
9.7 -2.10469e+07 -1.3573e+07 -1.05113e+07 -5.29634e+06
9.8 -4.79333e+07 -3.56788e+07 -1.82428e+07 -1.825e+07
9.9 -6.84849e+07 -5.84899e+07 -4.32764e+07 -1.61387e+07
10 -4.1259e+07 -5.05971e+07 -4.78056e+07 -2.20892e+07
10.1 -1.31423e+07 -1.22314e+07 -9.18016e+06 -1.80038e+07
10.2 6.63763e+06 1.15829e+07 9.86289e+06 9.86941e+06
10.3 6.29614e+07 4.71887e+07 3.65696e+07 2.96719e+07
10.4 8.41774e+07 6.80225e+07 5.17723e+07 1.51107e+07
10.5 8.25925e+07 7.32266e+07 4.20031e+07 2.30493e+07
10.6 1.6335e+07 2.63821e+07 2.86444e+07 2.35921e+07
10.7 -6.94923e+06 -6.04379e+06 3.58186e+06 -3.07986e+06
10.8 -4.87501e+07 -3.6497e+07 -2.77497e+07 -1.49313e+07
10.9 -6.98551e+07 -6.90882e+07 -6.11014e+07 -2.8036e+07
11 -3.23264e+07 -5.52905e+07 -4.21716e+07 -3.06747e+07
11.1 -1.44659e+07 -480149 -8.07403e+06 -4.4511e+06
11.2 2.61388e+06 2.15129e+07 2.50727e+07 1.94285e+07
11.3 4.21903e+07 2.63339e+07 3.79722e+07 2.13784e+07
11.4 6.88532e+07 5.12768e+07 1.13559e+07 2.87902e+06
11.5 3.37596e+07 3.96965e+07 2.63602e+07 7.04372e+06
11.6 2.20643e+07 9.23659e+06 2.98726e+07 2.37679e+07
11.7 4.35984e+07 2.04076e+07 -500219 4.38987e+06
11.8 4.40244e+07 4.07279e+07 8.67987e+06 -9.27972e+06
11.9 1.09986e+07 1.51782e+07 3.20863e+07 1.24752e+07
12 -4.50506e+07 -5.66504e+06 6.27584e+06 2.88939e+07
12.1 -9.08292e+07 -6.13161e+07 -2.57705e+07 -1.96502e+07
12.2 -9.46646e+07 -9.19693e+07 -7.73543e+07 -4.7699e+07
12.3 -4.24808e+07 -8.71348e+07 -8.34761e+07 -4.76991e+07
12.4 -1.72215e+07 -1.18019e+07 -2.15648e+07 -9.41479e+06
12.5 -1.45211e+07 1.24577e+07 -1.09019e+06 -3.2448e+06
12.6 1.31608e+07 1.57217e+07 5.76568e+07 2.83334e+07
12.7 5.63571e+07 4.39354e+07 2.96484e+07 3.42387e+07
12.8 2.43264e+07 5.03867e+07 1.01545e+07 -1.42751e+06
12.9 -1.63731e+07 -1.88678e+07 1.12978e+07 -1.07286e+07
13 -9.46648e+07 -5.65934e+07 -1.96097e+07 4.72264e+06
13.1 -1.19266e+08 -9.4745e+07 -7.02294e+07 -1.25819e+07
13.2 -1.19299e+08 -1.06679e+08 -8.34793e+07 -4.77037e+07
13.3 -1.19331e+08 -1.05678e+08 -7.50371e+07 -4.77113e+07
13.4 -1.19355e+08 -7.83775e+07 -6.20909e+07 -4.77137e+07
13.5 -1.02514e+08 -8.23716e+07 -5.20636e+07 -1.62744e+07
13.6 -2.78667e+07 -4.60151e+07 -2.96007e+07 -1.17887e+07
13.7 -2.24023e+07 -1.21154e+07 -1.87962e+07 -1.62731e+07
13.8 5.85525e+07 1.85744e+07 -9.38952e+06 -1.14972e+07
13.9 1.19261e+08 7.87274e+07 4.01586e+07 -9.33443e+06
14 5.68705e+07 9.43123e+07 7.68439e+07 3.74654e+07
14.1 -8.72246e+06 2.28287e+07 5.95559e+07 4.77108e+07
14.2 -4.33248e+07 -8.43352e+06 6.45482e+06 4.77154e+07
14.3 -6.54983e+07 -5.09834e+07 -2.22489e+07 1.01255e+07
14.4 -6.73825e+07 -8.37381e+07 -3.6919e+07 -1.78726e+07
14.5 -2.94517e+07 -2.38293e+07 -6.88133e+07 -4.77173e+07
14.6 -5.0807e+07 -3.49453e+07 -3.15965e+07 -4.77279e+07
14.7 -1.19381e+08 -9.38193e+07 -3.63239e+07 -3.74814e+07
14.8 -1.11226e+08 -9.49342e+07 -8.34818e+07 -1.1325e+07
14.9 -2.43105e+07 -4.51786e+07 -4.92905e+07 -1.44755e+07
15 -5.35691e+06 -1.32127e+07 -1.03498e+07 -3.6008e+07
15.1 1.19275e+08 3.87793e+07 1.51254e+07 -1.13367e+07
15.2 1.19319e+08 1.07336e+08 4.54332e+07 -8.8092e+06
15.3 1.19326e+08 1.07357e+08 7.58413e+07 2.06441e+07
15.4 5.41161e+07 9.6052e+07 7.70785e+07 4.77333e+07
15.5 2.84643e+07 2.38917e+07 3.18758e+07 4.77571e+07
15.6 2.54584e+07 1.5413e+07 2.208e+07 4.77675e+07
15.7 -2.28142e+07 4.66237e+06 2.65038e+07 1.26361e+07
15.8 -4.48616e+07 -1.95501e+07 7.75572e+06 1.14319e+07
15.9 -9.06258e+07 -5.48423e+07 -2.69806e+07 1.06015e+07
16 -1.19435e+08 -9.50333e+07 -6.07368e+07 8.95843e+06
16.1 -1.19516e+08 -1.07322e+08 -5.86823e+07 5.37586e+06
16.2 -1.19569e+08 -6.56439e+07 -3.30373e+07 -4.7728e+07
16.3 -2.87693e+07 -4.25778e+07 -6.24158e+07 -4.77597e+07
16.4 -2.20489e+07 -4.46269e+07 -5.16103e+07 -4.77801e+07
16.5 2.64681e+07 -1.71507e+07 -2.01152e+07 -4.77886e+07
16.6 1.19405e+08 2.76514e+07 -1.47023e+07 -1.18662e+07
16.7 1.19568e+08 8.41402e+07 1.85665e+07 -1.13219e+07
16.8 1.19686e+08 1.07385e+08 8.3476e+07 -1.02456e+07
16.9 1.19739e+08 1.07409e+08 8.20291e+07 -8.2298e+06
17 8.22634e+07 1.0741e+08 1.35037e+07 1.83078e+07
17.1 2.93244e+07 2.33201e+07 3.02598e+07 4.52291e+07
17.2 2.80627e+07 1.83464e+07 8.29916e+07 4.77991e+07
17.3 2.67238e+07 1.72572e+07 1.37484e+07 4.78224e+07
17.4 2.63101e+07 2.72533e+07 6.99791e+06 4.78301e+07
17.5 3.63911e+07 2.65393e+07 2.92264e+07 1.17623e+07
17.6 7.35343e+07 2.96642e+07 5.343e+07 1.14249e+07
17.7 1.19799e+08 4.103e+07 1.12384e+07 1.12273e+07
17.8 1.19851e+08 1.0743e+08 1.36445e+07 1.1042e+07
17.9 1.19892e+08 1.07454e+08 8.34802e+07 1.09398e+07
18 1.19943e+08 1.07461e+08 8.34907e+07 1.42371e+07
18.1 1.19998e+08 9.65038e+07 5.20177e+07 2.50956e+07
18.2 1.20056e+08 6.36488e+07 4.26626e+07 4.78398e+07
18.3 1.2012e+08 9.99787e+07 8.34918e+07 4.78474e+07
18.4 1.20173e+08 1.07469e+08 8.34936e+07 4.78497e+07
18.5 1.20177e+08 1.0747e+08 6.65842e+07 3.87476e+07
18.6 2.92671e+07 3.2156e+07 3.54036e+07 1.19466e+07
18.7 2.79417e+07 2.56416e+07 1.93259e+07 1.19081e+07
18.8 2.68575e+07 2.42565e+07 1.67976e+07 1.18635e+07
18.9 2.58395e+07 2.26411e+07 1.12768e+07 1.17622e+07
19 2.4604e+07 2.07079e+07 9.1191e+06 1.1579e+07
19.1 2.33811e+07 1.86101e+07 1.75284e+07 1.13192e+07
19.2 2.2388e+07 1.67568e+07 1.87337e+07 1.10228e+07
19.3 2.13776e+07 1.53848e+07 1.50277e+07 1.07104e+07
19.4 1.99826e+07 1.44102e+07 1.09186e+07 1.0368e+07
19.5 1.81233e+07 1.36292e+07 8.18852e+06 9.97438e+06
19.6 1.5928e+07 1.28905e+07 9.05991e+06 9.52214e+06
19.7 -126851 1.10044e+07 1.30148e+07 9.02789e+06
19.8 -5.87394e+07 -3.86088e+06 1.06485e+07 8.51448e+06
19.9 -9.56768e+07 -7.13032e+07 -1.73212e+07 7.93534e+06
20 -1.19626e+08 -9.98705e+07 -4.79698e+07 7.13109e+06
20.1 -1.1977e+08 -1.01249e+08 -8.34865e+07 -1.78675e+07
20.2 -1.19878e+08 -8.51466e+07 -6.4173e+07 -2.20163e+07
20.3 -1.19946e+08 -8.24191e+07 -2.59009e+07 -4.34618e+07
20.4 -1.1999e+08 -8.69568e+07 -8.34885e+07 -4.78103e+07
20.5 -1.20011e+08 -1.07004e+08 -8.34946e+07 -4.78326e+07
20.6 -1.20016e+08 -1.07325e+08 -7.8908e+07 -4.78506e+07
20.7 -7.8693e+07 -7.22992e+07 -5.79991e+07 -4.78629e+07
20.8 -3.76491e+07 -2.6972e+07 -3.97489e+07 -4.78665e+07
20.9 -1.05789e+08 -5.92985e+07 -3.00716e+07 -1.18876e+07
21 -1.20037e+08 -1.07326e+08 -5.47828e+07 -1.17561e+07
21.1 -1.20065e+08 -8.98979e+07 -6.99933e+07 -1.37218e+07
21.2 -1.20071e+08 -7.08593e+07 -3.87573e+07 -3.35943e+07
21.3 -2.98699e+07 -5.82959e+07 -4.69271e+07 -4.78675e+07
21.4 -2.9652e+07 -2.28999e+07 -4.64317e+07 -1.19169e+07
21.5 -2.96224e+07 -2.1767e+07 -1.87988e+07 -1.18183e+07
21.6 -3.01465e+07 -2.8531e+07 -1.02174e+07 -1.17256e+07
21.7 -3.43573e+07 -2.1014e+07 -2.17591e+06 -1.15615e+07
21.8 -4.05734e+07 -1.80416e+07 -1.16358e+07 -1.131e+07
21.9 -2.99154e+07 -1.97825e+07 -1.76586e+07 -1.10049e+07
22 -2.93735e+07 -2.88904e+07 -2.22923e+07 -1.06918e+07
22.1 -2.84444e+07 -3.23427e+07 -2.41257e+07 -1.04005e+07
22.2 -2.71836e+07 -2.0771e+07 -1.80681e+07 -1.01362e+07
22.3 -2.568e+07 -1.9231e+07 -1.53974e+07 -9.88112e+06
22.4 -2.41831e+07 -1.85413e+07 -1.23461e+07 -9.61631e+06
22.5 -2.29143e+07 -1.78453e+07 -1.06909e+07 -9.3301e+06
22.6 -2.19734e+07 -1.68509e+07 -1.26027e+07 -9.02071e+06
22.7 -2.13235e+07 -1.61524e+07 -1.38999e+07 -8.69842e+06
22.8 -2.07677e+07 -1.66168e+07 -1.34096e+07 -8.37385e+06
22.9 -2.0058e+07 -1.76315e+07 -1.25273e+07 -8.05014e+06
23 2.54647e+07 -1.33866e+07 -1.1437e+07 -7.72612e+06
23.1 4.09772e+07 1.9607e+07 -4.43477e+06 -7.39076e+06
23.2 4.13897e+07 3.16261e+07 1.90996e+07 1.66452e+07
23.3 4.17456e+07 3.36915e+07 3.05491e+07 1.70603e+07
23.4 4.20772e+07 3.58117e+07 3.47791e+07 1.72863e+07
23.5 4.23252e+07 3.80929e+07 3.78782e+07 1.74971e+07
23.6 4.2502e+07 4.01598e+07 2.03616e+07 1.76806e+07
23.7 4.27426e+07 4.13201e+07 2.09205e+07 1.77901e+07
23.8 4.31245e+07 4.13849e+07 2.91406e+07 1.7817e+07
23.9 4.36845e+07 2.84963e+07 3.90917e+07 1.52298e+07
24 4.44353e+07 4.1438e+07 2.0717e+07 1.49075e+07
24.1 4.53264e+07 3.64094e+07 2.03165e+07 1.19092e+07
24.2 4.6198e+07 2.66159e+07 2.3007e+07 1.18433e+07
24.3 4.67976e+07 2.78003e+07 2.08461e+07 1.17646e+07
24.4 4.70778e+07 3.10826e+07 2.05304e+07 1.16712e+07
24.5 4.71508e+07 3.52036e+07 2.04149e+07 1.1559e+07
24.6 2.98109e+07 3.78702e+07 2.35944e+07 1.14372e+07
24.7 2.9462e+07 3.06836e+07 2.61799e+07 1.13285e+07
24.8 2.90457e+07 2.62227e+07 2.06601e+07 1.12404e+07
24.9 2.85995e+07 2.53599e+07 1.98339e+07 1.11522e+07
25 2.80721e+07 2.44014e+07 1.87562e+07 1.1047e+07
25.1 2.73157e+07 2.33606e+07 1.67863e+07 1.09166e+07
25.2 2.63253e+07 2.21876e+07 1.30417e+07 1.07454e+07
25.3 2.52219e+07 2.08083e+07 1.17539e+07 1.0515e+07
25.4 2.39385e+07 1.93093e+07 1.61517e+07 5.9184e+06
25.5 2.23028e+07 1.78329e+07 1.04543e+07 -1.00562e+07
25.6 -3.91043e+07 1.53261e+07 5.33981e+06 -7.3969e+06
25.7 -4.06556e+07 -9.63726e+06 -1.09073e+07 6.75651e+06
25.8 -4.19001e+07 -1.06561e+08 -2.30016e+07 5.22114e+06
25.9 -4.29724e+07 -5.28508e+07 -3.4876e+07 -1.22578e+07
26 -4.3724e+07 -1.16078e+07 -6.1031e+07 -1.27952e+07
26.1 -4.39753e+07 -1.62968e+07 -1.84375e+07 -1.34997e+07
26.2 -2.98519e+07 -3.79099e+07 3.00572e+06 -1.41221e+07
26.3 -2.97764e+07 -3.10982e+07 3.01159e+06 -1.44172e+07
26.4 -2.96981e+07 -1.36397e+07 -2.58347e+07 -1.44203e+07
26.5 -2.93721e+07 -9.24677e+06 -3.15435e+07 -1.18703e+07
26.6 -2.86648e+07 -2.8664e+07 -2.04624e+07 -1.18278e+07
26.7 -2.77587e+07 -4.46318e+07 -1.91675e+07 -1.1781e+07
26.8 -2.67793e+07 -2.05044e+07 -1.81995e+07 -1.16961e+07
26.9 -2.56096e+07 -1.562e+07 -1.7303e+07 -1.15672e+07
27 -1.37187e+07 -1.35622e+07 -1.41673e+07 -1.13858e+07
27.1 3.66555e+07 -2.80511e+06 -9.30363e+06 -1.11299e+07
27.2 3.78261e+07 2.12683e+07 2.92358e+06 -1.07493e+07
27.3 3.8983e+07 3.19365e+07 1.97097e+07 -1.01495e+07
27.4 4.01968e+07 3.34887e+07 2.21346e+07 1.4492e+07
27.5 4.11981e+07 3.45198e+07 2.36173e+07 1.5281e+07
27.6 4.17446e+07 3.52477e+07 2.58567e+07 1.59541e+07
27.7 4.17744e+07 3.57515e+07 2.77725e+07 1.65247e+07
27.8 2.94742e+07 3.59168e+07 2.84355e+07 1.70047e+07
27.9 2.85961e+07 2.63933e+07 2.18191e+07 1.73828e+07
28 2.7282e+07 2.50565e+07 1.8444e+07 1.76203e+07
28.1 2.56928e+07 2.35267e+07 2.34125e+07 1.77019e+07
28.2 2.32697e+07 2.2005e+07 1.80367e+07 1.19245e+07
28.3 -3.7182e+07 1.77957e+07 1.60485e+07 1.18388e+07
28.4 -3.82176e+07 -1.77718e+07 1.06816e+07 1.16944e+07
28.5 -3.9032e+07 -7.26971e+07 -1.99882e+07 1.14153e+07
28.6 -4.00032e+07 -3.06879e+07 -3.20812e+07 1.08651e+07
28.7 -4.07955e+07 -1.56833e+07 -3.23131e+07 9.96564e+06
28.8 -4.09992e+07 -2.67994e+07 -1.08665e+07 -1.44429e+07
28.9 -2.95521e+07 -3.45951e+07 7.03266e+06 -1.59798e+07
29 -2.89142e+07 -1.72688e+07 -1.686e+07 -1.66922e+07
29.1 -2.80627e+07 -1.33002e+07 -2.88221e+07 -1.72104e+07
29.2 -2.70178e+07 -2.32951e+07 -2.99872e+07 -1.76318e+07
29.3 -2.59767e+07 -3.67318e+07 -2.02647e+07 -1.79652e+07
29.4 1.15439e+07 -2.06656e+07 -1.91711e+07 -1.81744e+07
29.5 3.25672e+07 482911 -1.74181e+07 -1.82386e+07
29.6 3.54226e+07 2.65609e+07 -8.87816e+06 -1.18825e+07
29.7 3.57565e+07 3.25789e+07 2.23259e+07 -1.16305e+07
29.8 3.59647e+07 3.33268e+07 2.99672e+07 -1.10895e+07
29.9 3.60789e+07 3.36707e+07 1.58404e+07 -1.02244e+07
30 3.62597e+07 2.62684e+07 6.45195e+06 -9.12757e+06
30.1 3.65142e+07 2.34811e+07 -6.34109e+06 1.58362e+07
30.2 3.67487e+07 1.52907e+07 1.76492e+07 1.67504e+07
30.3 3.04211e+07 1.34069e+07 2.87367e+07 1.74581e+07
30.4 2.93828e+07 2.77942e+07 2.95135e+07 1.80523e+07
30.5 2.86867e+07 2.99717e+07 1.94935e+07 1.85362e+07
30.6 2.75079e+07 3.1014e+07 1.86729e+07 1.88709e+07
30.7 -4.5999e+06 2.60512e+07 2.30476e+07 1.90471e+07
30.8 -2.80859e+07 1.90059e+07 2.50211e+07 1.90914e+07
30.9 -3.35477e+07 -2.57353e+07 1.78545e+07 1.19137e+07
31 -3.37667e+07 -5.8604e+07 -1.72221e+07 1.17554e+07
31.1 -3.40481e+07 -1.80895e+07 -3.25618e+07 1.13567e+07
31.2 -3.40521e+07 -1.72996e+07 -3.26422e+07 1.06235e+07
31.3 -2.83709e+07 -3.27929e+07 -7.31434e+06 9.6051e+06
31.4 7.93176e+06 -1.81643e+07 2.25999e+07 -9.06221e+06
31.5 3.11069e+07 2.16941e+07 8.92648e+06 -1.61388e+07
31.6 3.25751e+07 3.31606e+07 -1.84734e+07 -1.6671e+07
31.7 3.32592e+07 3.3634e+07 -7.8134e+06 -1.69976e+07
31.8 3.38577e+07 2.32174e+07 2.20276e+07 -1.70858e+07
31.9 3.41379e+07 1.46886e+07 2.45006e+07 -1.16246e+07
32 2.96724e+07 1.38017e+07 679771 -1.09215e+07
32.1 2.91173e+07 1.64849e+07 -2.16259e+07 -1.00536e+07
32.2 2.81979e+07 8.90809e+06 -8.94476e+06 1.45612e+07
32.3 1.29819e+07 4.81599e+06 2.5355e+07 1.50885e+07
32.4 -3.40948e+07 9.66654e+06 3.17274e+07 1.54728e+07
32.5 -3.53912e+07 1.01319e+06 1.89636e+07 1.57953e+07
32.6 -3.65311e+07 -2.77984e+07 788287 1.59682e+07
32.7 -3.74902e+07 -3.25031e+07 -2.77949e+07 1.18118e+07
32.8 -3.81744e+07 -3.63643e+07 -3.15706e+07 1.12618e+07
32.9 -3.86417e+07 -3.24336e+07 -1.37901e+07 5.59198e+06
33 -3.8804e+07 -1.60379e+07 -2.01764e+06 -1.45705e+07
33.1 -2.96178e+07 -1.49011e+07 -2.94497e+06 -1.54211e+07
33.2 -2.90631e+07 -1.82784e+07 -1.86368e+07 -1.5996e+07
33.3 -2.83721e+07 -2.71935e+07 -2.78223e+07 -1.63972e+07
33.4 -2.7589e+07 -3.56677e+07 -2.96252e+07 -1.67101e+07
33.5 -2.67964e+07 -3.32209e+07 -2.90843e+07 -1.69628e+07
33.6 -2.60393e+07 -1.93894e+07 -2.02514e+07 -1.71362e+07
33.7 -1.31674e+07 -1.69548e+07 -1.65679e+07 -1.71824e+07
33.8 2.77778e+07 -9.84607e+06 -1.21514e+07 -1.18672e+07
33.9 3.42313e+07 2.12066e+07 -5.45314e+06 -1.16678e+07
34 3.44025e+07 3.11653e+07 2.03191e+07 -1.12985e+07
34.1 3.53136e+07 3.2877e+07 2.35778e+07 -1.06522e+07
34.2 3.55582e+07 3.32139e+07 1.09744e+07 -9.71771e+06
34.3 3.5896e+07 2.5541e+07 4.80736e+06 1.17545e+07
34.4 3.62149e+07 2.12512e+07 1.42853e+07 1.61089e+07
34.5 3.63462e+07 1.75091e+07 2.27627e+07 1.68455e+07
34.6 2.96564e+07 2.58135e+07 2.75247e+07 1.74383e+07
34.7 2.91729e+07 2.8528e+07 2.47386e+07 1.79177e+07
34.8 2.7717e+07 2.93891e+07 1.92962e+07 1.8271e+07
34.9 -1.06508e+07 2.58404e+07 2.07601e+07 1.84758e+07
35 -3.29722e+07 1.23802e+07 2.21367e+07 1.85364e+07
35.1 -3.35711e+07 -3.39212e+07 1.38602e+07 1.19042e+07
35.2 -3.42494e+07 -6.48674e+07 -2.25309e+07 1.17074e+07
35.3 -3.5152e+07 -1.4637e+07 -3.68129e+07 1.12273e+07
35.4 -3.58462e+07 -8.80718e+06 -2.06658e+07 1.04001e+07
35.5 -3.60684e+07 -2.75881e+07 -7.93348e+06 9.31672e+06
35.6 -2.9758e+07 -3.34412e+07 2.03813e+07 -1.56214e+07
35.7 -2.94854e+07 -1.35178e+07 -1.38878e+07 -1.64652e+07
35.8 -2.89972e+07 -44680.5 -2.88675e+07 -1.70791e+07
35.9 -2.82496e+07 -2.82592e+07 -3.03249e+07 -1.75894e+07
36 -2.74206e+07 -5.82092e+07 -2.0807e+07 -1.80107e+07
36.1 -1.42836e+07 -1.94087e+07 -2.42108e+07 -1.83167e+07
36.2 2.37545e+07 2.06937e+06 -2.53188e+07 -1.85075e+07
36.3 3.05824e+07 1.99171e+07 -1.51693e+07 -1.85794e+07
36.4 2.62681e+07 2.15024e+07 1.87556e+07 -1.18437e+07
36.5 2.17951e+07 2.16837e+07 2.73867e+07 -1.14409e+07
36.6 1.80946e+07 2.18769e+07 1.22783e+07 -1.07329e+07
36.7 1.68039e+07 1.25643e+07 -1.32384e+07 -9.83829e+06
36.8 1.56549e+06 -1.67935e+07 -1.79555e+07 -8.915e+06
36.9 -2.51012e+07 -2.64593e+07 -8.31392e+06 1.57315e+07
37 -3.19876e+07 -1.36656e+07 7.80014e+06 1.62828e+07
37.1 -3.25279e+07 -2.79217e+06 1.04161e+07 1.65878e+07
37.2 -3.27107e+07 -1.04532e+07 360191 1.66789e+07
37.3 -2.97757e+07 -2.19538e+07 -4.94041e+06 1.17714e+07
37.4 -2.96103e+07 -2.54684e+07 -7.36181e+06 1.13309e+07
37.5 -2.93031e+07 -1.58887e+07 -5.85108e+06 9.12526e+06
37.6 -2.7929e+07 -1.44915e+07 -7.7257e+06 -1.39618e+07
37.7 -1.38257e+07 -1.48618e+07 -1.39509e+07 -1.46062e+07
37.8 2.35101e+07 -1.07373e+07 -1.74575e+07 -1.50591e+07
37.9 3.09627e+07 1.57689e+07 -1.22531e+07 -1.53435e+07
38 3.23631e+07 2.1275e+07 6.77868e+06 -1.54041e+07
38.1 2.76847e+07 2.43428e+07 1.75824e+07 -1.16759e+07
38.2 2.54059e+07 2.50538e+07 1.10147e+07 -1.10605e+07
38.3 2.4762e+07 1.6998e+07 -2.93425e+06 -1.01856e+07
38.4 2.40795e+07 8.33269e+06 -106758 1.4572e+07
38.5 2.04894e+07 676606 1.43673e+07 1.52853e+07
38.6 1.18328e+07 1.68394e+07 1.88758e+07 1.57731e+07
38.7 -1.66705e+07 2.01572e+07 1.98607e+07 1.60994e+07
38.8 -1.72071e+07 9.59986e+06 1.47145e+07 1.62715e+07
38.9 -1.34502e+07 -2.58287e+07 9.39197e+06 1.47424e+07
39 -1.82912e+07 -2.51041e+07 -1.7374e+07 1.17241e+07
39.1 -2.62531e+07 -4.80886e+06 -1.98316e+07 1.12092e+07
39.2 -3.07605e+07 -1.43432e+07 5.3395e+06 1.04226e+07
39.3 -3.08338e+07 -1.94428e+07 1.49017e+07 -1.42241e+07
39.4 -2.96594e+07 -1.42901e+07 -1.86986e+07 -1.47936e+07
39.5 -2.30084e+07 -1.94133e+07 -3.04647e+07 -1.51847e+07
39.6 -1.45496e+07 -3.12008e+07 -3.19737e+07 -1.5529e+07
39.7 1.46393e+07 -2.3195e+07 -2.03037e+07 -1.58302e+07
39.8 1.62783e+07 -2.69147e+06 -1.68637e+07 -1.60315e+07
39.9 7.06881e+06 2.161e+07 -5.85455e+06 -1.6072e+07
40 1.08012e+07 2.26197e+07 2.30445e+07 -1.17176e+07
40.1 1.80599e+07 1.3755e+07 2.39312e+07 -1.1119e+07
40.2 2.16077e+07 9.97204e+06 -8.67396e+06 -1.02074e+07
40.3 2.0708e+07 1.54959e+06 -1.86993e+07 1.45424e+07
40.4 1.53623e+07 -1.75052e+06 7.35943e+06 1.51365e+07
40.5 -1.29153e+07 1.42849e+07 2.39465e+07 1.54564e+07
40.6 -1.16893e+07 1.46147e+07 2.7726e+07 1.56608e+07
40.7 1.55489e+07 6.28561e+06 1.48477e+07 1.57795e+07
40.8 1.95445e+07 1.08247e+07 6.93396e+06 1.19246e+07
40.9 1.95678e+07 1.47948e+07 -3.63066e+06 1.17307e+07
41 1.59906e+07 1.41138e+07 1.45898e+07 1.13662e+07
41.1 -1.3951e+06 1.11795e+07 2.1023e+07 1.09232e+07
41.2 -1.26062e+07 2.20301e+06 1.48597e+07 7.66257e+06
41.3 -5.07647e+06 -6.84173e+06 -2.8759e+06 -1.37175e+07
41.4 6.37291e+06 -9.65778e+06 -2.37942e+07 -1.39284e+07
41.5 6.56094e+06 -8.6814e+06 -2.76276e+07 -1.40486e+07
41.6 -5.37628e+06 -1.05327e+07 -1.30456e+07 -1.41143e+07
41.7 -1.52449e+07 -8.90792e+06 -1.00993e+06 -1.18547e+07
41.8 -1.15992e+07 -3.20378e+06 3.11964e+06 -1.15346e+07
41.9 3.55605e+06 -3.19012e+06 -1.16229e+07 7.46666e+06
42 1.28378e+07 -46917.9 -272564 1.30069e+07
42.1 1.02877e+07 1.34742e+07 1.7419e+07 1.19232e+07
42.2 8.72356e+06 1.75333e+07 2.23096e+07 1.02446e+07
42.3 1.51368e+07 1.94656e+07 1.56683e+07 7.31434e+06
42.4 1.72125e+07 1.70708e+07 1.1584e+07 3.31651e+06
42.5 1.84423e+07 1.30949e+07 4.78281e+06 -281122
42.6 1.69179e+07 5.16649e+06 -4.44149e+06 742671
42.7 1.77013e+06 -4.16592e+06 1.76661e+06 -315929
42.8 -1.78426e+07 -4.37653e+06 600422 -827629
42.9 -2.11111e+07 -1.07789e+07 -8.01879e+06 -962635
43 -2.18863e+07 -2.25123e+07 -1.29009e+07 -5.80577e+06
43.1 -2.22287e+07 -2.28812e+07 -1.5015e+07 -7.47822e+06
43.2 -2.13035e+07 -1.11998e+07 -1.59513e+07 -8.85964e+06
43.3 -1.95827e+07 -1.54058e+07 -1.15024e+07 -9.32814e+06
43.4 -1.68709e+07 -1.85956e+07 -9.79484e+06 -7.89096e+06
43.5 -1.40688e+07 -1.4242e+07 -9.7819e+06 -3.59078e+06
43.6 -4.58269e+06 -5.94935e+06 -7.57616e+06 3.29937e+06
43.7 3.32831e+06 6.22607e+06 5.83841e+06 -553316
43.8 1.23697e+07 1.37792e+07 1.31953e+07 804954
43.9 1.66627e+07 1.48194e+07 6.96649e+06 7.06285e+06
44 1.74994e+07 1.03687e+07 7.62887e+06 8.07082e+06
