0.1 -0.000117886 -5.49083e-05 -2.48021e-05 -9.54416e-06
0.2 -0.000422838 -0.000271298 -0.000152841 -6.74661e-05
0.3 -0.000705161 -0.00056723 -0.000386369 -0.000192674
0.4 -0.000828941 -0.000691132 -0.000514719 -0.00027709
0.5 -0.000757562 -0.000584324 -0.000397964 -0.000205172
0.6 -0.000350214 -0.000290306 -0.000178976 -7.59429e-05
0.7 -0.000371968 -0.000123694 -5.61254e-05 -2.73578e-05
0.8 -0.00130453 -0.000755304 -0.000367427 -0.000148743
0.9 -0.0025472 -0.0019825 -0.00129574 -0.000613385
1 -0.00278711 -0.00250971 -0.00194416 -0.00106947
1.1 0.000938117 -0.000313545 -0.000653843 -0.000472808
1.2 0.00554536 0.00445601 0.00244777 0.00126096
1.3 0.00634301 0.00733533 0.00498823 0.0025818
1.4 0.00535806 0.00612804 0.00458236 0.00229582
1.5 0.00211698 0.00262163 0.00133504 0.000734721
1.6 -0.00317501 -0.00232258 -0.00177487 -0.000973227
1.7 -0.00402918 -0.00612084 -0.00325323 -0.00160376
1.8 -0.00154379 -0.00417632 -0.00248454 -0.00107797
1.9 -0.00141284 0.000535325 0.00077403 8.75996e-05
2 -0.00032117 0.00114182 0.00241643 0.00138259
2.1 0.00100599 -0.000133734 0.000354376 0.000806794
2.2 -0.00154228 -0.00114913 -0.00127098 -0.00101292
2.3 -0.00507684 -0.00461619 -0.00155035 -0.00075507
2.4 -0.00613331 -0.00679549 -0.00290677 -0.00066799
2.5 -0.002826 -0.0040935 -0.00263129 -0.00249024
2.6 0.00192006 0.00088251 0.000810656 -0.000942524
2.7 0.00345154 0.00504414 0.00389588 0.00340644
2.8 0.00607466 0.0064688 0.00488478 0.00354729
2.9 0.00617902 0.00578897 0.0034888 0.00118186
3 0.000319903 0.00253447 0.00113169 0.00124845
3.1 0.000652858 -0.00179367 -2.40497e-05 0.000898472
3.2 0.00550595 0.00127134 0.000111591 -0.000776943
3.3 0.00977585 0.00990742 0.00343769 0.00108998
3.4 0.01091 0.0122576 0.0100563 0.0062216
3.5 0.00756889 0.00945332 0.011278 0.00819066
3.6 0.0079968 0.00833283 0.00372298 0.00420327
3.7 0.0170319 0.00913152 7.76942e-05 -0.000881341
3.8 0.0226733 0.0118928 0.00793266 0.000524784
3.9 -0.00173946 0.0101565 0.0149017 0.00859133
4 -0.0489505 -0.00449264 0.00767873 0.00887383
4.1 -0.0861323 -0.0242358 -0.0111085 -0.00673065
4.2 -0.0873306 -0.0374871 -0.0322929 -0.0256956
4.3 -0.0675183 -0.0366091 -0.0486103 -0.0386747
4.4 -0.0647704 -0.0243938 -0.0486554 -0.0460632
4.5 -0.0688679 -0.0182438 -0.0292679 -0.0447945
4.6 -0.058224 -0.0190696 -0.00781834 -0.0316882
4.7 -0.0178064 -0.013466 0.000243 -0.00932744
4.8 0.028065 0.00596023 0.000798992 0.0102904
4.9 0.0247586 0.0301652 0.0106471 0.0122751
5 -0.00374441 0.0294765 0.0257095 0.00624605
5.1 -0.014326 -0.00101437 0.0228566 0.00994299
5.2 -0.015631 -0.0263078 -0.00211699 0.0108896
5.3 -0.0117166 -0.0252661 -0.0326268 -0.00634617
5.4 -0.000450958 -0.0116751 -0.0472686 -0.03598
5.5 0.00687032 -0.00202228 -0.0371447 -0.0630595
5.6 0.0101721 0.00252598 -0.0172288 -0.0681282
5.7 0.0180956 0.00525483 0.000433 -0.0461312
5.8 0.0208359 0.0136801 0.0115836 -0.00688602
5.9 0.0238693 0.0277651 0.0162657 0.0377101
6 0.0587805 0.0349259 0.0233922 0.0739201
6.1 0.13248 0.0342441 0.0317699 0.0988268
6.2 0.185334 0.0339931 0.0333667 0.116645
6.3 0.156927 0.0313868 0.0302701 0.124639
6.4 0.083989 0.0194171 0.0284554 0.120546
6.5 0.0197765 0.00462504 0.0249691 0.110942
6.6 -0.0367876 -0.00450407 0.0121683 0.100454
6.7 -0.103753 -0.0160055 -0.00868484 0.0845644
6.8 -0.186122 -0.0350531 -0.0306842 0.0551212
6.9 -0.246814 -0.0497294 -0.0476301 0.00432551
7 -0.252536 -0.0552614 -0.0527042 -0.0647203
7.1 -0.26157 -0.0547773 -0.0511261 -0.133198
7.2 -0.337052 -0.0527962 -0.0514451 -0.187367
7.3 -0.449842 -0.0548617 -0.0519357 -0.227093
7.4 -0.544576 -0.0562251 -0.0521058 -0.255146
7.5 -0.606536 -0.05463 -0.0519307 -0.2731
7.6 -0.643886 -0.0550168 -0.0510595 -0.280293
7.7 -0.667589 -0.0557096 -0.0514651 -0.278935
7.8 -0.68807 -0.0544826 -0.0508417 -0.277965
7.9 -0.689626 -0.054126 -0.0495655 -0.279392
8 -0.670138 -0.052143 -0.0501274 -0.278157
8.1 -0.643211 -0.044409 -0.0478516 -0.275792
8.2 -0.598289 -0.0343425 -0.0413427 -0.273778
8.3 -0.533505 -0.025563 -0.0333352 -0.270353
8.4 -0.468547 -0.0186736 -0.0244031 -0.264896
8.5 -0.406739 -0.014693 -0.0148884 -0.256814
8.6 -0.354607 -0.013716 -0.00664844 -0.244862
8.7 -0.314895 -0.0137971 -0.00335839 -0.227339
8.8 -0.259853 -0.0138036 -0.00530606 -0.2046
8.9 -0.204074 -0.0141649 -0.00821062 -0.179554
9 -0.17133 -0.0141799 -0.00913767 -0.154611
9.1 -0.1395 -0.0137486 -0.00759664 -0.13038
9.2 -0.0989347 -0.0137694 -0.00436657 -0.106284
9.3 -0.0678593 -0.0134782 -0.00188878 -0.0811721
9.4 -0.0510441 -0.0119999 -0.00197838 -0.0543625
9.5 -0.0316929 -0.0105407 -0.00313547 -0.0267226
9.6 -0.00699978 -0.0095559 -0.00214323 -0.00107654
9.7 0.0169375 -0.00246545 0.00172963 0.0179331
9.8 0.0412947 0.0151888 0.00858808 0.0273801
9.9 0.0600622 0.0289395 0.0230176 0.0297662
10 0.0646424 0.0275996 0.0388553 0.0341386
10.1 0.0587722 0.0239112 0.0365245 0.0481275
10.2 0.0605788 0.0256969 0.0172257 0.0645415
10.3 0.0786826 0.0252272 0.00260573 0.0687652
10.4 0.0936135 0.0193447 0.00275302 0.057151
10.5 0.0934863 0.0132029 0.0107584 0.0376166
10.6 0.0805344 0.0129349 0.0156354 0.0178411
10.7 0.0498053 0.0176019 0.013703 0.00130249
10.8 0.0194191 0.0189733 0.00808533 -0.00766396
10.9 0.0168366 0.0125602 0.00158152 -0.00531226
11 0.0323056 0.00259882 -0.00123938 0.00241659
11.1 0.051066 -0.000310943 0.00161845 0.00571169
11.2 0.0829852 0.00955879 0.00521465 0.00392369
11.3 0.127729 0.0232648 0.00872462 0.00167467
11.4 0.160738 0.0285816 0.0162221 0.00243704
11.5 0.177304 0.0271331 0.0278561 0.00792109
11.6 0.191103 0.0308536 0.0357145 0.0210049
11.7 0.192792 0.0383972 0.0348523 0.0456306
11.8 0.176172 0.0345523 0.032605 0.0779658
11.9 0.16171 0.0177719 0.032786 0.107421
12 0.153678 0.00408539 0.0321088 0.122649
12.1 0.127917 0.00413395 0.0291703 0.120156
12.2 0.0937127 0.0136465 0.0233325 0.109136
12.3 0.0900332 0.0210032 0.0175498 0.0967437
12.4 0.12641 0.0203829 0.0156019 0.0833005
12.5 0.189997 0.02137 0.017053 0.069282
12.6 0.250482 0.0328179 0.0232726 0.056325
12.7 0.279189 0.0453464 0.0353482 0.0494306
12.8 0.286667 0.0489406 0.0442224 0.0573132
12.9 0.293191 0.0471321 0.0419366 0.0824078
13 0.284981 0.0432471 0.0356373 0.112677
13.1 0.234794 0.0359914 0.036154 0.129093
13.2 0.149163 0.0293417 0.0402729 0.126859
13.3 0.0694045 0.0273152 0.0378842 0.117995
13.4 0.0408607 0.026917 0.0298471 0.109165
13.5 0.0608498 0.0259681 0.0209236 0.0993908
13.6 0.0867447 0.0254074 0.0127761 0.0880335
13.7 0.104815 0.0252594 0.00805283 0.0739785
13.8 0.136944 0.025316 0.00832055 0.0567222
13.9 0.183588 0.0265523 0.0118327 0.0376823
14 0.196324 0.0297342 0.0153368 0.0193581
14.1 0.149503 0.0326532 0.0164636 0.0043905
14.2 0.0864033 0.0318245 0.0132054 -0.0027058
14.3 0.0665555 0.0263774 0.00606926 0.000263482
14.4 0.0826553 0.0169998 0.00129202 0.00647901
14.5 0.0849742 0.00759021 0.00272797 0.00810603
14.6 0.084275 0.00505936 0.00561378 0.00502281
14.7 0.118342 0.0107413 0.0056553 0.00101058
14.8 0.177141 0.0185336 0.00456722 -0.000282505
14.9 0.234305 0.0228012 0.00608817 0.00210265
15 0.272843 0.026614 0.0118078 0.00598058
15.1 0.274682 0.0375163 0.020585 0.0101008
15.2 0.244876 0.0444344 0.0334785 0.0154493
15.3 0.208507 0.0366986 0.0414888 0.0268074
15.4 0.180038 0.0283478 0.0313681 0.0459023
15.5 0.163178 0.0244705 0.0129458 0.0640622
15.6 0.154513 0.0183892 0.00171169 0.0728557
15.7 0.136544 0.0100602 0.00172493 0.0702533
15.8 0.0912219 0.00468235 0.00809809 0.0593483
15.9 0.0231514 0.00690729 0.011693 0.0455485
16 -0.0462031 0.00823346 0.0103995 0.0312393
16.1 -0.0903751 -0.00172762 0.00510333 0.0156154
16.2 -0.0842617 -0.016421 -0.00505009 -0.00162685
16.3 -0.0293017 -0.0252098 -0.0175304 -0.0188595
16.4 0.0259333 -0.021644 -0.0268785 -0.0351449
16.5 0.041824 -0.00284836 -0.0269426 -0.0507117
16.6 0.0332258 0.0182009 -0.0118132 -0.0638735
16.7 0.0230233 0.0253497 0.0133568 -0.067051
16.8 0.0194967 0.0223616 0.0293871 -0.0504075
16.9 0.00706128 0.0187181 0.0257026 -0.0126249
17 -0.030591 0.00988339 0.010896 0.0347395
17.1 -0.0554834 -0.00855897 -0.00229447 0.0737019
17.2 -0.0410747 -0.0267409 -0.00712824 0.0913241
17.3 -0.0156651 -0.0322116 -0.00527961 0.0863304
17.4 -0.00224536 -0.0208476 -0.00216585 0.0652121
17.5 0.00450185 0.00144998 0.00145865 0.0346854
17.6 0.0247171 0.0225864 0.00741613 0.00176556
17.7 0.0666232 0.0321949 0.0139956 -0.0226014
17.8 0.12212 0.030368 0.0146129 -0.0277301
17.9 0.187212 0.0261901 0.00577758 -0.0125768
18 0.25306 0.0258155 -0.00154296 0.00988936
18.1 0.285793 0.0350041 0.00519031 0.024999
18.2 0.269976 0.0456298 0.0255324 0.0323121
18.3 0.228404 0.0424397 0.0436538 0.0425723
18.4 0.187479 0.0353898 0.0402402 0.0623348
18.5 0.166243 0.0336327 0.0208973 0.084545
18.6 0.162992 0.0307571 0.0045174 0.0982511
18.7 0.163159 0.0225394 0.00122479 0.0980591
18.8 0.157979 0.0115923 0.00919021 0.0860548
18.9 0.145019 0.00685658 0.0155213 0.0703336
19 0.131102 0.0114244 0.013547 0.0554618
19.1 0.134962 0.0178267 0.00904523 0.0404734
19.2 0.162098 0.0191437 0.00853275 0.0239864
19.3 0.18794 0.0166747 0.0116929 0.00679121
19.4 0.195864 0.0162707 0.0120765 -0.00518085
19.5 0.195848 0.0191796 0.0059191 -0.00490131
19.6 0.187477 0.0195763 0.000457896 0.00348629
19.7 0.16276 0.0141189 0.00341529 0.00939359
19.8 0.131834 0.00846524 0.0103769 0.00993687
19.9 0.108343 0.00880864 0.0132842 0.0081269
20 0.0945834 0.013766 0.0110933 0.00598741
20.1 0.0833958 0.0172954 0.00825262 0.00361029
20.2 0.0701636 0.0160791 0.00766124 0.00124145
20.3 0.0518647 0.0122364 0.007713 0.000510644
20.4 0.0203808 0.0088923 0.00644108 0.00199494
20.5 -0.0155667 0.00307479 0.00403641 0.0035176
20.6 -0.0318573 -0.00836536 9.63101e-06 0.0020115
20.7 -0.0265491 -0.0184463 -0.00688995 -0.00350172
20.8 -0.0188186 -0.0201911 -0.0151667 -0.0111172
20.9 -0.0193643 -0.0163957 -0.0201974 -0.0194097
21 -0.019051 -0.013738 -0.0188812 -0.0276645
21.1 -0.00489058 -0.0133504 -0.0133699 -0.0338319
21.2 0.0158162 -0.0082433 -0.0074682 -0.0357231
21.3 0.0269303 0.00450963 -0.00144739 -0.031334
21.4 0.0278607 0.0165251 0.00494683 -0.0173026
21.5 0.0265165 0.0205542 0.00988901 0.00607133
21.6 0.025117 0.0183454 0.0125963 0.0314997
21.7 0.0210739 0.0159101 0.0123039 0.0532179
21.8 0.0134518 0.0151934 0.010226 0.0688777
21.9 0.00414626 0.0133851 0.00976959 0.07644
22 -0.00261971 0.00741569 0.0107694 0.0761765
22.1 -0.00364513 -0.00120491 0.00836128 0.0704542
22.2 -0.00223744 -0.00443309 -0.000217852 0.0593455
22.3 -0.0020469 -0.00137716 -0.00707871 0.0386761
