0.1 -373759 -174087 -78635.1 -30259.8
0.2 -1.36368e+06 -870897 -489438 -215769
0.3 -2.35991e+06 -1.87081e+06 -1.26362e+06 -627432
0.4 -2.89899e+06 -2.39025e+06 -1.75794e+06 -938662
0.5 -2.79343e+06 -2.16865e+06 -1.48583e+06 -766500
0.6 -1.93101e+06 -1.44723e+06 -895185 -401756
0.7 -966618 -649363 -452610 -240606
0.8 -656811 -377534 -209148 -114484
0.9 -1.16774e+06 -757584 -384735 -121014
1 -2.18689e+06 -1.5735e+06 -1.05044e+06 -535712
1.1 -3.22891e+06 -2.54686e+06 -1.7731e+06 -933769
1.2 -3.5326e+06 -2.89468e+06 -2.01355e+06 -994894
1.3 -3.69849e+06 -2.60861e+06 -1.73104e+06 -890428
1.4 -2.85757e+06 -2.272e+06 -1.46357e+06 -716644
1.5 343365 -491418 -681968 -394249
1.6 1.6646e+06 2.0109e+06 1.3478e+06 567565
1.7 10047.1 1.15134e+06 1.7527e+06 1.21694e+06
1.8 -1.87925e+06 -1.99075e+06 -1.41319e+06 -566079
1.9 -4.45372e+06 -3.94315e+06 -3.68181e+06 -2.40948e+06
2 -5.65073e+06 -4.43898e+06 -2.62243e+06 -1.19404e+06
2.1 -5.89173e+06 -3.76881e+06 -1.9277e+06 -497996
2.2 -8.21595e+06 -5.26212e+06 -3.6184e+06 -2.16454e+06
2.3 -3.95827e+06 -6.01371e+06 -4.78165e+06 -2.50905e+06
2.4 2.08789e+06 1.16932e+06 -293410 -309648
2.5 -2.64526e+06 3.46538e+06 4.73296e+06 2.56525e+06
2.6 -3.88322e+06 -4.74599e+06 -1.57885e+06 421763
2.7 -4.11843e+06 -6.53944e+06 -8.65713e+06 -5.71295e+06
2.8 -1.1552e+07 -5.85338e+06 -3.37728e+06 -2.73765e+06
2.9 -6.74074e+06 -6.39948e+06 -627279 2.4486e+06
3 6.4184e+06 2.97362e+06 -2.19365e+06 -2.60799e+06
3.1 -249503 4.73901e+06 3.55478e+06 -121294
3.2 -2.28326e+07 -1.33638e+07 -1.65212e+06 3.95721e+06
3.3 -2.79169e+07 -2.70102e+07 -2.24588e+07 -1.27541e+07
3.4 -1.98362e+07 -2.19358e+07 -2.28955e+07 -1.66806e+07
3.5 -1.59175e+07 -7.32576e+06 1.24919e+06 5.02084e+06
3.6 -6.07554e+06 2.58705e+06 7.90444e+06 6.13072e+06
3.7 6.54138e+06 -58220.1 -7.07988e+06 -7.80985e+06
3.8 7.55423e+06 -618011 -3.45618e+06 -1.23445e+06
3.9 2.23128e+07 1.90604e+07 1.76559e+07 1.04518e+07
4 6.35997e+07 4.80344e+07 2.97762e+07 1.35025e+07
4.1 7.35718e+07 5.61462e+07 3.77498e+07 1.91771e+07
4.2 5.84422e+07 5.33611e+07 3.98825e+07 2.15881e+07
4.3 1.09467e+07 1.51704e+07 1.4977e+07 8.48825e+06
4.4 -5.19145e+06 -2.05091e+07 -2.10282e+07 -1.17629e+07
4.5 -1.67834e+07 -1.80256e+07 -1.9604e+07 -1.34606e+07
4.6 -1.47565e+07 -1.00899e+06 7.4104e+06 5.97772e+06
4.7 1.61559e+07 8.61599e+06 9.51394e+06 8.54062e+06
4.8 2.68487e+07 2.03882e+07 3.89022e+06 -3.55668e+06
4.9 8.96227e+06 1.16212e+07 1.31752e+07 7.20296e+06
5 -5.65746e+06 -3.90347e+06 4.71575e+06 9.07749e+06
5.1 -5.663e+07 -3.07541e+07 -2.57589e+07 -1.82344e+07
5.2 -7.4354e+07 -6.25422e+07 -4.35121e+07 -2.37535e+07
5.3 -7.54036e+07 -7.07332e+07 -4.56122e+07 -1.70167e+07
5.4 -3.59153e+06 -2.25542e+07 -2.7678e+07 -2.04948e+07
5.5 2.69835e+07 2.98742e+07 2.15026e+07 8.59357e+06
5.6 3.98529e+07 5.78377e+07 4.67685e+07 2.9109e+07
5.7 7.3668e+07 4.19366e+07 4.10504e+07 2.52089e+07
5.8 8.30971e+07 5.56587e+07 1.71163e+07 2.19211e+06
5.9 8.33745e+07 6.2075e+07 3.8325e+07 1.29496e+07
6 5.04768e+07 5.33344e+07 5.08031e+07 3.39099e+07
6.1 4.22973e+07 3.38272e+07 3.00424e+07 2.2382e+07
6.2 4.81792e+07 2.45568e+07 3.71358e+06 -5.90432e+06
6.3 1.15403e+07 1.19813e+07 1.16572e+06 -8.46501e+06
6.4 -5.1512e+07 -1.55667e+07 2.70634e+06 1.21122e+07
6.5 -9.01375e+07 -6.89563e+07 -2.72052e+07 -1.6165e+06
6.6 -8.07518e+07 -7.77586e+07 -6.05633e+07 -3.97562e+07
6.7 -9.69095e+06 -4.02558e+07 -6.77459e+07 -4.7447e+07
6.8 2.37032e+07 -1.61817e+06 -6.8597e+06 -6.08753e+06
6.9 5.36702e+06 5.13852e+07 5.70382e+07 3.13627e+07
7 2.63552e+07 4.57852e+07 6.0604e+07 4.51819e+07
7.1 8.85511e+07 2.80793e+07 8.24711e+06 8.22349e+06
7.2 1.66766e+07 3.72512e+07 -335639 -8.76882e+06
7.3 -4.16554e+07 -1.83192e+07 1.07585e+07 -9.41173e+06
7.4 -9.63645e+07 -7.24949e+07 -2.22899e+07 9.97548e+06
7.5 -1.0281e+08 -8.4805e+07 -7.98208e+07 -1.56283e+07
7.6 -7.4105e+07 -8.40372e+07 -6.61908e+07 -4.77058e+07
7.7 -4.75562e+07 -3.25403e+07 -2.18045e+07 -4.77102e+07
7.8 -8.65656e+06 -1.21002e+07 -2.91778e+07 -1.04143e+07
7.9 9.44542e+07 1.41267e+07 -9.53077e+06 -5.69914e+06
8 1.06506e+08 9.03084e+07 6.0485e+07 3.14962e+07
8.1 2.88853e+07 1.07323e+08 8.34802e+07 4.77017e+07
8.2 5.17537e+07 2.20699e+07 8.34826e+07 4.77048e+07
8.3 5.74088e+07 3.75883e+07 1.2719e+07 2.48929e+07
8.4 5.22747e+07 6.265e+07 989584 8.35787e+06
8.5 7.83881e+07 1.71408e+07 1.83306e+07 -1.39138e+07
8.6 3.79103e+07 2.14195e+07 2.13015e+07 -1.35211e+07
8.7 4.92239e+07 5.46111e+07 1.06734e+07 1.42963e+07
8.8 1.12891e+08 5.17626e+07 2.3043e+07 2.82136e+07
8.9 7.42313e+07 7.17257e+07 7.31505e+07 3.30682e+07
9 1.97068e+07 7.73561e+07 8.34828e+07 3.51431e+07
9.1 5.60597e+07 1.95076e+07 1.64975e+07 2.95932e+07
9.2 1.06165e+08 2.82102e+07 4.12909e+06 9.60582e+06
9.3 4.34946e+07 7.96494e+07 1.43237e+07 -1.15941e+07
9.4 1.90125e+07 1.61695e+07 2.68e+07 -1.18255e+07
9.5 1.57599e+07 -8.90291e+06 1.72107e+07 1.57649e+07
9.6 -2.07015e+06 4.7858e+06 4.43805e+06 2.84662e+07
9.7 -3.14192e+07 3.08556e+06 -1.01149e+07 1.05903e+07
9.8 -3.15094e+07 -2.79896e+07 3.66191e+06 -1.36455e+07
9.9 -1.39967e+07 -4.03198e+07 -2.14197e+07 -1.81822e+07
10 -5.76886e+06 -8.5782e+06 -5.48167e+07 -1.93901e+07
10.1 -2.86536e+07 -1.20188e+07 -1.01669e+07 -2.46802e+07
10.2 -1.1925e+08 -5.67281e+07 2.32118e+06 -1.06609e+07
10.3 -1.19268e+08 -9.77911e+07 -5.22504e+07 -4.92624e+06
10.4 -8.30395e+07 -9.50863e+07 -8.34799e+07 -1.10447e+07
10.5 -2.57227e+07 -2.1103e+07 -3.402e+07 -2.20215e+07
10.6 2.04575e+06 -1.21611e+07 -1.13542e+07 -4.77134e+07
10.7 6.97185e+07 2.04342e+07 -2.19571e+06 -1.09994e+07
10.8 7.91757e+07 6.33781e+07 2.12715e+07 -4.2471e+06
10.9 1.12389e+08 1.01736e+08 5.5894e+07 4.60429e+07
11 1.19255e+08 8.59493e+07 8.34957e+07 4.77145e+07
11.1 3.89252e+07 7.35765e+07 8.35064e+07 4.77201e+07
11.2 1.50614e+07 3.1113e+07 4.24751e+07 4.77205e+07
11.3 -1.30579e+07 1.17199e+07 1.87836e+07 1.10056e+07
11.4 -2.57905e+07 -1.79579e+07 1.4644e+07 9.16484e+06
11.5 -1.1002e+07 -2.76736e+07 -2.3256e+07 1.87249e+06
11.6 -1.71721e+07 -2.38328e+07 -6.39152e+07 -2.58123e+07
11.7 -1.68909e+07 -3.0801e+07 -2.6988e+07 -4.77175e+07
11.8 -1.72163e+07 -2.90667e+07 -1.79679e+07 -4.77177e+07
11.9 -2.56405e+07 -1.21371e+07 -3.22874e+07 -1.01408e+07
12 -3.24645e+07 -2.09284e+07 -2.0571e+07 -918773
12.1 -3.41734e+07 -3.70853e+07 -1.08508e+07 1.71781e+07
12.2 -4.39701e+07 -2.24363e+07 1.11703e+07 1.18342e+07
12.3 -6.90438e+07 -1.49789e+07 3.74057e+06 4.41876e+06
12.4 -7.92214e+07 -4.12872e+07 -2.11585e+07 -1.39946e+07
12.5 -1.19271e+08 -1.07322e+08 -6.25265e+07 -1.68583e+07
12.6 -1.19316e+08 -1.07325e+08 -8.34864e+07 -2.91501e+07
12.7 -1.19401e+08 -8.93884e+07 -8.33268e+07 -4.77257e+07
12.8 -1.19527e+08 -9.10866e+07 -4.13254e+07 -4.77345e+07
12.9 -1.19675e+08 -9.1034e+07 -7.97753e+07 -4.77354e+07
13 -1.19797e+08 -1.02636e+08 -8.13305e+07 -1.7979e+07
13.1 -1.1984e+08 -8.93689e+07 -3.05595e+07 -3.49381e+07
13.2 -2.76039e+07 -2.35257e+07 -3.97318e+07 -1.67996e+07
13.3 -2.13775e+07 -1.93095e+07 -2.07862e+07 -1.16485e+07
13.4 -1.52816e+07 -1.86125e+07 -1.86843e+07 -1.13349e+07
13.5 -1.07064e+07 -1.59597e+07 -9.30378e+06 -1.08752e+07
13.6 2.49262e+07 -4.0857e+06 3.53724e+06 -1.00638e+07
13.7 1.15408e+08 6.04914e+07 1.53698e+07 -8.6338e+06
13.8 1.19318e+08 1.07333e+08 2.63197e+07 3.00947e+06
13.9 1.19403e+08 9.51895e+07 5.15417e+07 2.96797e+07
14 1.19478e+08 5.79041e+07 8.3523e+07 4.7728e+07
14.1 1.19506e+08 1.07343e+08 8.3538e+07 4.77412e+07
14.2 1.19514e+08 1.07365e+08 8.35421e+07 4.7751e+07
14.3 1.19534e+08 1.07379e+08 7.98568e+07 4.77574e+07
14.4 1.19549e+08 1.07383e+08 6.96925e+07 4.77596e+07
14.5 9.79365e+07 7.22693e+07 6.17561e+07 2.55517e+07
14.6 2.95344e+07 3.09426e+07 2.07711e+07 1.18791e+07
14.7 2.85882e+07 2.5825e+07 1.98404e+07 1.17805e+07
14.8 2.77831e+07 2.42709e+07 1.89e+07 1.16208e+07
14.9 2.73583e+07 2.26362e+07 1.79074e+07 1.13924e+07
15 2.72036e+07 2.11084e+07 1.68758e+07 1.10903e+07
15.1 2.71293e+07 1.98631e+07 1.58233e+07 1.07114e+07
15.2 2.68027e+07 1.90113e+07 1.47808e+07 1.02556e+07
15.3 2.59928e+07 1.85572e+07 1.37923e+07 9.72565e+06
15.4 2.48217e+07 1.83916e+07 1.291e+07 9.12795e+06
15.5 2.37806e+07 1.8338e+07 1.21825e+07 8.47279e+06
15.6 2.30699e+07 1.82295e+07 1.16406e+07 7.77461e+06
15.7 1.9621e+07 1.78651e+07 1.03039e+07 7.04725e+06
15.8 2.70742e+07 1.72124e+07 8.82157e+06 -6.93867e+06
15.9 2.23499e+07 1.49111e+07 5.53033e+06 -1.47471e+07
16 4.36269e+06 1.04175e+07 499733 -2.13467e+06
16.1 -1.65664e+07 475256 -5.57234e+06 1.00743e+07
16.2 -1.72655e+07 -3.79954e+07 -2.83434e+06 8.75356e+06
16.3 -2.39578e+07 -2.6067e+07 -1.59002e+07 -7.33837e+06
16.4 -3.07269e+07 -992314 -2.2951e+07 -1.37486e+07
16.5 -3.00208e+07 -2.06824e+07 -4.80148e+06 -1.42936e+07
16.6 -2.77968e+07 -3.2214e+07 -1.25401e+07 -1.18274e+07
16.7 -2.85612e+07 -2.84474e+07 -2.31206e+07 -1.04802e+07
16.8 -1.62925e+07 -1.69535e+07 -2.89075e+07 -6.67548e+06
16.9 3.25034e+07 -1.20289e+07 -1.5635e+07 -6.09856e+06
17 3.62124e+07 2.17197e+07 5.55886e+06 -5.96115e+06
17.1 3.75285e+07 3.54547e+07 2.28642e+07 7.20595e+06
17.2 3.89133e+07 3.83902e+07 2.72419e+07 1.32129e+07
17.3 4.04265e+07 3.96287e+07 2.87393e+07 1.4063e+07
17.4 4.13525e+07 3.96715e+07 2.9876e+07 1.45722e+07
17.5 4.16034e+07 2.81441e+07 3.04053e+07 1.50635e+07
17.6 2.96742e+07 3.16554e+07 2.17109e+07 1.54704e+07
17.7 2.9121e+07 2.66287e+07 2.05375e+07 1.56601e+07
17.8 2.86087e+07 2.5467e+07 2.02752e+07 1.18953e+07
17.9 2.80936e+07 2.40713e+07 1.98236e+07 1.16787e+07
18 2.75213e+07 2.27142e+07 1.90592e+07 1.13669e+07
18.1 2.71728e+07 2.08452e+07 1.79776e+07 1.09617e+07
18.2 2.70402e+07 1.94491e+07 1.66103e+07 1.04612e+07
18.3 2.7024e+07 2.11627e+07 1.51056e+07 9.86155e+06
18.4 2.98232e+07 2.23895e+07 1.03133e+07 6.03285e+06
18.5 2.94103e+07 1.85805e+07 6.51126e+06 -9.08633e+06
18.6 1.56995e+07 1.53843e+07 3.28281e+06 -6.22517e+06
18.7 -3.00914e+07 5.14553e+06 1.39446e+06 7.57898e+06
18.8 -3.38287e+07 -3.40749e+07 -4.09947e+06 8.28656e+06
18.9 -3.46681e+07 -5.93817e+07 -2.27122e+07 -6.71587e+06
19 -3.56494e+07 -1.47562e+07 -3.09408e+07 -1.36236e+07
19.1 -3.66092e+07 -1.35178e+07 -2.90488e+07 -1.48062e+07
19.2 -3.72605e+07 -3.41777e+07 -1.17503e+07 -1.57192e+07
19.3 -3.78346e+07 -4.87e+07 -1.19648e+07 -1.59016e+07
19.4 -3.86998e+07 -1.8137e+07 -2.57496e+07 -1.16993e+07
19.5 -3.98937e+07 -1.723e+07 -3.08595e+07 -1.14264e+07
19.6 -4.13172e+07 -4.2604e+07 -1.98073e+07 -1.12638e+07
19.7 -4.27872e+07 -5.22193e+07 -1.90119e+07 -1.11081e+07
19.8 -4.40698e+07 -1.80747e+07 -2.55567e+07 -1.09304e+07
19.9 -4.49284e+07 -1.74427e+07 -2.21546e+07 -1.07926e+07
20 -4.54007e+07 -4.45797e+07 -1.844e+07 -1.06751e+07
20.1 -4.57215e+07 -5.15215e+07 -2.00771e+07 -9.25789e+06
20.2 -3.93408e+07 -1.83374e+07 -2.64975e+07 -8.38278e+06
20.3 -2.94538e+07 -1.6185e+07 -2.077e+07 -1.07071e+07
20.4 -2.87824e+07 -2.79178e+07 -1.61355e+07 -1.16539e+07
20.5 -2.80088e+07 -3.03059e+07 -1.26039e+07 -1.0342e+07
20.6 -2.70586e+07 -1.73233e+07 -1.30131e+07 -7.32129e+06
20.7 -2.61664e+07 -1.39555e+07 -1.36163e+07 -766723
20.8 -2.55187e+07 -1.59726e+07 -1.00125e+07 -614767
20.9 -2.51977e+07 -1.90761e+07 -4.6296e+06 -6.85444e+06
21 -3.02566e+07 -1.92995e+07 -1.05491e+07 -7.32409e+06
21.1 -3.20151e+07 -2.01869e+07 -1.50227e+07 -6.23752e+06
21.2 -3.46507e+07 -2.53552e+07 -1.81249e+07 -6.0707e+06
21.3 -3.71747e+07 -3.13136e+07 -1.92366e+07 -7.59573e+06
21.4 -3.90085e+07 -3.275e+07 -2.01005e+07 -1.01467e+07
21.5 -4.01285e+07 -2.63191e+07 -2.12181e+07 -1.25169e+07
21.6 -4.03822e+07 -3.21594e+07 -2.18381e+07 -1.29749e+07
21.7 -2.95845e+07 -3.07035e+07 -2.21025e+07 -1.19233e+07
21.8 -2.87598e+07 -1.94679e+07 -1.72928e+07 -1.14184e+07
21.9 -2.74602e+07 -1.89174e+07 -1.49221e+07 -9.04222e+06
22 -2.57097e+07 -2.16339e+07 -1.31353e+07 -5.95534e+06
22.1 -2.36939e+07 -1.95898e+07 -1.1176e+07 1.14603e+06
22.2 -2.1587e+07 -1.75492e+07 -8.82505e+06 -3.40966e+06
22.3 -1.94051e+07 -1.39065e+07 -5.19693e+06 -7.05207e+06
22.4 4.54427e+06 -3.21075e+06 -9.82502e+06 -6.49812e+06
22.5 4.42847e+07 1.84514e+07 -227743 -774240
22.6 4.58348e+07 2.62154e+07 1.52697e+07 6.96891e+06
22.7 4.70965e+07 3.58566e+07 2.33374e+07 9.57717e+06
22.8 5.28883e+07 3.86936e+07 2.5717e+07 1.27907e+07
22.9 6.45081e+07 4.14759e+07 2.71302e+07 1.30992e+07
23 7.05775e+07 5.73063e+07 2.87148e+07 1.34158e+07
23.1 7.10306e+07 6.82172e+07 3.10789e+07 1.37715e+07
23.2 3.64385e+07 2.68226e+07 3.67919e+07 1.42297e+07
23.3 2.95822e+07 2.66691e+07 4.51523e+07 1.49162e+07
23.4 2.90872e+07 3.41037e+07 1.97349e+07 1.57557e+07
23.5 2.85768e+07 3.29433e+07 1.81095e+07 1.63737e+07
23.6 2.81844e+07 2.51709e+07 1.7325e+07 1.6538e+07
23.7 2.8076e+07 2.26526e+07 1.70549e+07 1.17488e+07
23.8 3.078e+07 2.03504e+07 1.68955e+07 1.13293e+07
23.9 3.18813e+07 1.88969e+07 1.66206e+07 1.07867e+07
24 3.20201e+07 1.86571e+07 1.61496e+07 1.01494e+07
24.1 2.97374e+07 2.7329e+07 1.5625e+07 9.44529e+06
24.2 2.96103e+07 2.6756e+07 1.53424e+07 8.70356e+06
24.3 2.95001e+07 2.51848e+07 1.52723e+07 1.82199e+06
24.4 2.93356e+07 1.99086e+07 1.48231e+07 -1.07687e+07
24.5 2.9057e+07 1.61999e+07 1.35891e+07 7.14486e+06
24.6 2.86582e+07 1.73985e+07 1.08812e+07 1.25876e+07
24.7 2.80575e+07 2.25613e+07 6.52241e+06 1.28425e+07
24.8 2.72686e+07 2.13917e+07 1.59346e+07 9.20389e+06
24.9 2.64903e+07 1.98853e+07 1.79591e+07 3.52688e+06
25 2.28267e+07 1.95892e+07 1.47981e+07 -1.5926e+06
25.1 8.29806e+06 1.71877e+07 8.78674e+06 7.25954e+06
25.2 -2.41646e+07 4.21775e+06 115024 8.67605e+06
25.3 -2.90768e+07 -3.39729e+07 -7.17482e+06 3.14845e+06
25.4 -3.41093e+07 -5.27252e+07 -2.07557e+07 -1.13082e+07
25.5 -3.59973e+07 -1.60827e+07 -3.05213e+07 -1.41394e+07
25.6 -2.97703e+07 -1.52428e+07 -3.13828e+07 -1.50605e+07
25.7 -2.60493e+07 -3.27385e+07 -1.40251e+07 -1.57789e+07
25.8 -1.94909e+07 -3.33936e+07 -1.13946e+07 -1.58476e+07
25.9 -8.88451e+06 -1.21676e+07 -1.795e+07 -1.16039e+07
26 2.38673e+07 1.88923e+07 -1.50818e+07 -1.10594e+07
26.1 3.49573e+07 2.09613e+07 5.25515e+06 -5.91963e+06
26.2 3.63685e+07 2.12646e+07 2.26363e+07 1.4398e+07
26.3 3.75093e+07 2.59688e+07 2.64237e+07 1.523e+07
26.4 3.81258e+07 3.41971e+07 2.72845e+07 1.58963e+07
26.5 3.81433e+07 3.76911e+07 2.77057e+07 1.6411e+07
26.6 2.97545e+07 3.84074e+07 2.79623e+07 1.67714e+07
26.7 2.96089e+07 2.63906e+07 2.73704e+07 1.69725e+07
26.8 2.9167e+07 2.51051e+07 2.03877e+07 1.67462e+07
26.9 2.82975e+07 2.40178e+07 1.9462e+07 1.17031e+07
27 1.51355e+07 2.04978e+07 1.83184e+07 1.12917e+07
27.1 -2.52114e+07 1.13657e+07 1.59581e+07 1.07828e+07
27.2 -3.41888e+07 -2.22743e+07 5.27932e+06 1.0098e+07
27.3 -3.50591e+07 -4.5653e+07 -2.59305e+07 8.91268e+06
27.4 -3.6352e+07 -4.47137e+07 -4.44565e+07 -1.68215e+07
27.5 -3.78526e+07 -2.05528e+07 -3.32663e+07 -1.90028e+07
27.6 -3.91524e+07 -3.86933e+07 -1.75028e+07 -4.12879e+07
27.7 -4.02245e+07 -3.52472e+07 -2.63519e+07 -4.34706e+07
27.8 -4.12306e+07 -3.17555e+07 -5.06431e+07 -1.14048e+07
27.9 -4.23303e+07 -5.15594e+07 -3.22106e+07 -1.08276e+07
28 -4.35199e+07 -3.40849e+07 -1.99331e+07 -1.05119e+07
28.1 -4.44651e+07 -1.69894e+07 -1.49028e+07 -1.02299e+07
28.2 -4.49633e+07 -2.52775e+07 -1.0893e+07 -9.86816e+06
28.3 -4.51763e+07 -3.80471e+07 -1.36492e+07 -9.39748e+06
28.4 -4.52843e+07 -3.8848e+07 -2.24578e+07 -6.85785e+06
28.5 -3.71785e+07 -2.20615e+07 -2.86637e+07 -491238
28.6 -2.96756e+07 -2.9295e+07 -1.80735e+07 -6.80909e+06
28.7 -2.92338e+07 -2.70761e+07 -1.32464e+07 -1.04921e+07
28.8 -2.8595e+07 -1.93484e+07 -1.1494e+07 -1.19126e+07
28.9 -2.77852e+07 -1.61586e+07 -1.4044e+07 -9.30367e+06
29 -2.69409e+07 -1.61967e+07 -1.44808e+07 -6.09418e+06
29.1 -2.6147e+07 -2.33691e+07 -1.23761e+07 936375
29.2 -2.54442e+07 -2.33715e+07 -1.05987e+07 -4.5012e+06
29.3 -2.47991e+07 -1.65274e+07 -1.02997e+07 -7.77467e+06
29.4 -2.40905e+07 -1.40402e+07 -1.2232e+07 -8.44281e+06
29.5 -2.32565e+07 -1.5517e+07 -1.29561e+07 -7.23473e+06
29.6 -2.23094e+07 -1.92185e+07 -1.18422e+07 -5.93018e+06
29.7 -2.12366e+07 -2.00912e+07 -1.15793e+07 -2.43993e+06
29.8 -2.00185e+07 -1.54096e+07 -1.11737e+07 -5.00799e+06
29.9 -1.63863e+07 -1.32519e+07 -1.03209e+07 -6.7799e+06
30 3.15553e+07 1.78386e+06 -4.35884e+06 -6.30748e+06
30.1 4.38174e+07 2.29636e+07 9.29799e+06 3.08504e+06
30.2 4.50398e+07 3.51666e+07 1.66861e+07 8.74292e+06
30.3 4.60409e+07 3.81511e+07 2.45391e+07 1.18509e+07
30.4 4.67249e+07 3.99571e+07 2.63776e+07 1.29601e+07
30.5 4.71152e+07 4.08679e+07 2.79403e+07 1.32343e+07
30.6 4.72971e+07 4.09571e+07 2.9264e+07 1.35314e+07
30.7 3.80558e+07 3.08023e+07 3.00364e+07 1.38686e+07
30.8 2.95897e+07 2.84519e+07 2.53904e+07 1.42111e+07
30.9 2.90352e+07 2.67613e+07 2.01953e+07 1.44405e+07
31 2.81877e+07 2.61098e+07 1.93772e+07 1.42627e+07
31.1 2.70866e+07 2.48764e+07 1.86843e+07 1.16792e+07
31.2 2.19287e+07 2.3056e+07 1.7999e+07 1.12416e+07
31.3 -2.07111e+07 1.68825e+07 1.71175e+07 1.06841e+07
31.4 -2.99614e+07 -1.02502e+07 1.52735e+07 9.78927e+06
31.5 -3.29824e+07 -5.26185e+07 -7.16293e+06 -2.27726e+06
31.6 -3.5677e+07 -4.03564e+07 -6.00916e+07 -1.55961e+07
31.7 -3.57615e+07 -3.32871e+07 -6.90993e+07 -1.73364e+07
31.8 -2.96412e+07 -5.50667e+07 -1.36659e+07 -2.4681e+07
31.9 -2.51448e+07 -1.27766e+07 -2.04953e+06 -3.98421e+07
32 -1.30872e+07 1.64507e+07 -1.48256e+07 -1.16537e+07
32.1 3.0323e+07 -3.54955e+06 -1.49941e+07 -1.08167e+07
32.2 3.56606e+07 -4.53942e+06 -221140 -9.83984e+06
32.3 3.61415e+07 2.28491e+07 1.25033e+07 2.05305e+06
32.4 3.01505e+07 3.49574e+07 1.60114e+07 1.63578e+07
32.5 3.21155e+07 3.69858e+07 2.35308e+07 1.72934e+07
32.6 3.61908e+07 3.15242e+07 2.64945e+07 1.794e+07
32.7 2.97778e+07 2.62397e+07 2.80938e+07 1.83626e+07
32.8 2.95537e+07 2.62315e+07 2.88649e+07 1.85924e+07
32.9 2.924e+07 2.78297e+07 2.55716e+07 1.86326e+07
33 2.89766e+07 2.8566e+07 2.03532e+07 1.18021e+07
33.1 2.81123e+07 2.64478e+07 1.96193e+07 1.15187e+07
33.2 3.00157e+07 2.52183e+07 1.88321e+07 1.11716e+07
33.3 3.05448e+07 2.37651e+07 1.79687e+07 1.07626e+07
33.4 3.13037e+07 2.19551e+07 1.70183e+07 1.02945e+07
33.5 3.22266e+07 2.08155e+07 1.59751e+07 9.77073e+06
33.6 3.33097e+07 2.57233e+07 1.34766e+07 9.18693e+06
33.7 3.45809e+07 2.53446e+07 1.24348e+07 8.53255e+06
33.8 3.5828e+07 2.42702e+07 1.90754e+07 5.02852e+06
33.9 3.66893e+07 2.53817e+07 1.71822e+07 -5.30446e+06
34 3.69781e+07 2.68528e+07 1.20528e+07 4.635e+06
34.1 2.97712e+07 2.52604e+07 9.11464e+06 8.82506e+06
34.2 2.95664e+07 2.11004e+07 1.41499e+07 1.00135e+07
34.3 2.92893e+07 1.75487e+07 1.70522e+07 8.91965e+06
34.4 2.88469e+07 2.10205e+07 1.79136e+07 7.86742e+06
34.5 2.81498e+07 2.35496e+07 1.5311e+07 7.25738e+06
34.6 2.72184e+07 2.44482e+07 1.36244e+07 6.98084e+06
34.7 1.19879e+07 1.97339e+07 1.30794e+07 6.70463e+06
34.8 -2.75343e+07 7.42841e+06 1.19386e+07 6.30408e+06
34.9 -3.49796e+07 -3.21851e+07 209778 3.91453e+06
35 -3.56592e+07 -5.23658e+07 -2.69258e+07 -8.03816e+06
35.1 -3.6671e+07 -2.1413e+07 -4.75228e+07 -1.38556e+07
35.2 -3.7951e+07 -3.56722e+07 -2.53381e+07 -1.5229e+07
35.3 -3.95451e+07 -4.37903e+07 -1.88559e+07 -1.64633e+07
35.4 -4.14191e+07 -1.77527e+07 -1.82901e+07 -1.70802e+07
35.5 -4.32906e+07 -2.06148e+07 -2.05891e+07 -1.47271e+07
35.6 -4.50758e+07 -4.09534e+07 -2.13133e+07 -1.17327e+07
35.7 -4.69972e+07 -5.44491e+07 -2.62914e+07 -1.14831e+07
35.8 -6.46596e+07 -2.27103e+07 -3.12118e+07 -1.13225e+07
35.9 -9.11392e+07 -6.55738e+07 -3.18881e+07 -1.19463e+07
36 -1.13699e+08 -9.66878e+07 -4.41532e+07 -1.281e+07
36.1 -1.19868e+08 -7.73828e+07 -6.97961e+07 -1.52556e+07
36.2 -1.19894e+08 -8.81681e+07 -4.45439e+07 -2.30128e+07
36.3 -1.19902e+08 -9.47089e+07 -5.58934e+07 -4.77406e+07
36.4 -7.38516e+07 -7.07776e+07 -8.34879e+07 -4.77455e+07
36.5 -2.9866e+07 -4.664e+07 -4.45518e+07 -3.70418e+07
36.6 -2.96026e+07 -2.18077e+07 -1.97674e+07 -1.16743e+07
36.7 -2.9164e+07 -1.84356e+07 -1.2647e+07 -1.11576e+07
36.8 -2.84579e+07 -1.67172e+07 -3.54011e+06 -1.05058e+07
36.9 -2.74879e+07 -1.52557e+07 -2.38697e+06 -9.63962e+06
37 -2.62563e+07 -1.48876e+07 -1.61154e+07 -8.61124e+06
37.1 -2.47772e+07 -2.23474e+07 -1.88057e+07 1.34142e+07
37.2 -2.30854e+07 -2.54045e+07 -9.55702e+06 1.63265e+07
37.3 -2.11952e+07 -1.45136e+07 1.38139e+07 7.20106e+06
37.4 -1.90202e+07 9.67202e+06 9.73268e+06 -9.73183e+06
37.5 -1.64616e+07 4.65685e+06 -1.54376e+07 -1.10492e+07
37.6 4.54077e+07 -1.89956e+07 -1.80912e+07 -7.55862e+06
37.7 4.77134e+07 1.17518e+07 -6.3855e+06 -4.46958e+06
37.8 6.63531e+07 3.3262e+07 1.69956e+07 6.84356e+06
37.9 7.70364e+07 4.17084e+07 2.55847e+07 1.02941e+07
38 8.24008e+07 9.77152e+07 2.87891e+07 1.31765e+07
38.1 8.67613e+07 8.36996e+07 4.11516e+07 1.3708e+07
38.2 8.5388e+07 2.65097e+07 8.35469e+07 1.47971e+07
38.3 2.95746e+07 7.513e+07 4.77918e+07 1.67748e+07
38.4 2.92008e+07 4.99832e+07 1.93729e+07 1.90727e+07
38.5 2.90187e+07 2.22824e+07 1.88367e+07 4.11738e+07
38.6 2.86755e+07 1.65614e+07 2.5977e+07 4.12371e+07
38.7 2.80468e+07 6.73182e+06 3.03651e+07 1.13167e+07
38.8 2.7224e+07 2.16399e+07 2.02937e+07 1.04626e+07
38.9 2.64411e+07 2.90532e+07 1.87741e+07 9.68968e+06
39 2.58927e+07 3.09298e+07 1.73409e+07 8.95701e+06
39.1 2.56025e+07 2.28381e+07 1.61552e+07 8.26324e+06
39.2 2.54842e+07 1.62809e+07 1.49981e+07 7.60834e+06
39.3 2.54406e+07 1.32187e+07 1.34994e+07 -1.05306e+06
39.4 2.54341e+07 1.93595e+07 9.64571e+06 -1.32025e+07
39.5 2.98906e+07 1.84002e+07 -1.05103e+07 -3.24634e+06
39.6 2.99275e+07 1.0699e+07 -1.79993e+07 6.85857e+06
39.7 2.96346e+07 -1.4187e+06 1.59076e+07 -1.02656e+06
39.8 2.92698e+07 1.87669e+07 2.05372e+07 404654
39.9 2.60516e+07 3.10365e+07 1.56707e+07 9.62117e+06
40 2.7099e+07 3.44765e+07 1.49264e+07 1.27689e+07
40.1 3.03686e+07 2.55285e+07 1.95154e+07 1.29179e+07
40.2 3.07227e+07 2.01598e+07 2.2425e+07 1.18834e+07
40.3 2.97354e+07 1.95878e+07 2.10401e+07 1.17429e+07
40.4 2.74491e+07 2.59468e+07 1.77957e+07 1.07627e+07
40.5 2.36991e+07 2.66839e+07 1.40644e+07 7.81837e+06
40.6 2.18262e+07 2.04093e+07 1.21247e+07 4.12128e+06
40.7 2.15445e+07 1.27383e+07 1.00641e+07 -1.81362e+06
40.8 2.19397e+07 7.86278e+06 6.22683e+06 5.23624e+06
40.9 2.08378e+07 7.7823e+06 -1.46907e+06 6.26362e+06
41 1.94489e+07 1.65502e+07 8.79437e+06 -739028
41.1 1.826e+07 1.69806e+07 1.1804e+07 49827.3
41.2 1.68744e+07 1.49422e+07 1.16723e+07 7.51305e+06
41.3 1.34926e+07 1.23312e+07 1.04583e+07 9.6294e+06
41.4 -1.31903e+07 2.58452e+06 7.64567e+06 8.65474e+06
41.5 -2.1959e+07 -1.7394e+07 -3.4829e+06 2.81786e+06
41.6 -3.00841e+07 -2.45312e+07 -1.62921e+07 -1.01342e+07
41.7 -3.28321e+07 -2.64666e+07 -2.22575e+07 -1.34473e+07
41.8 -3.36079e+07 -2.88043e+07 -2.5819e+07 -1.37868e+07
41.9 -3.45034e+07 -3.13802e+07 -2.50133e+07 -1.40045e+07
42 -3.55236e+07 -3.1487e+07 -1.71407e+07 -1.4041e+07
42.1 -3.66247e+07 -2.01044e+07 -1.82216e+07 -1.17659e+07
42.2 -3.77603e+07 -3.04266e+07 -1.99176e+07 -1.14476e+07
42.3 -3.89818e+07 -3.28884e+07 -2.11648e+07 -7.97213e+06
42.4 -4.0274e+07 -2.91966e+07 -2.04999e+07 -5.42101e+06
42.5 -4.15012e+07 -2.81542e+07 -1.74898e+07 -6.06133e+06
42.6 -4.25973e+07 -3.15853e+07 -1.61462e+07 -8.20429e+06
42.7 -4.35904e+07 -2.94311e+07 -1.7405e+07 -1.0012e+07
42.8 -4.45104e+07 -3.12529e+07 -2.10453e+07 -1.11347e+07
42.9 -4.537e+07 -3.43739e+07 -2.47678e+07 -1.18473e+07
43 -4.61881e+07 -3.67079e+07 -2.64053e+07 -1.2636e+07
43.1 -4.69549e+07 -4.0565e+07 -2.64447e+07 -1.27675e+07
43.2 -4.75792e+07 -3.29868e+07 -2.31589e+07 -1.28935e+07
43.3 -4.83115e+07 -3.33122e+07 -2.20947e+07 -1.29325e+07
43.4 -4.99743e+07 -4.12293e+07 -2.63354e+07 -1.19043e+07
43.5 -3.66436e+07 -3.30262e+07 -2.57567e+07 -1.19017e+07
43.6 -2.98159e+07 -1.99974e+07 -1.933e+07 -1.19413e+07
43.7 -2.9562e+07 -2.24277e+07 -1.60525e+07 -1.18351e+07
43.8 -2.92285e+07 -2.55964e+07 -1.35274e+07 -9.84006e+06
43.9 -2.88273e+07 -2.0342e+07 -1.28748e+07 -5.46049e+06
44 -2.82977e+07 -1.91545e+07 -1.20578e+07 5.82926e+06
44.1 -2.75868e+07 -1.85807e+07 -9.70844e+06 -4.73661e+06
44.2 -2.66604e+07 -1.8119e+07 -7.99133e+06 -8.89531e+06
44.3 -2.55023e+07 -1.7621e+07 -1.21282e+07 -9.48405e+06
44.4 -2.41545e+07 -1.8632e+07 -1.54943e+07 -7.53642e+06
44.5 -2.2703e+07 -2.06613e+07 -1.67827e+07 -6.15287e+06
44.6 -2.12155e+07 -1.97541e+07 -1.30339e+07 -5.75081e+06
44.7 -1.97172e+07 -1.72932e+07 -1.14938e+07 -6.19058e+06
44.8 -1.82063e+07 -1.44233e+07 -1.01226e+07 -6.13452e+06
44.9 -1.30146e+07 -1.05764e+07 -6.699e+06 -4.00083e+06
45 3.90803e+07 1.17324e+07 1.22594e+06 696033
45.1 4.55918e+07 2.53595e+07 1.34512e+07 6.06167e+06
45.2 4.65893e+07 3.6168e+07 1.91475e+07 7.65131e+06
45.3 4.75544e+07 3.88536e+07 2.50219e+07 1.01618e+07
45.4 5.90181e+07 4.09759e+07 2.62567e+07 1.28189e+07
45.5 7.16131e+07 4.59928e+07 2.75071e+07 1.31618e+07
45.6 8.10913e+07 6.78142e+07 2.92268e+07 1.35201e+07
45.7 8.82392e+07 6.82118e+07 3.19902e+07 1.39259e+07
45.8 9.15052e+07 5.08228e+07 5.28506e+07 1.45555e+07
45.9 7.34063e+07 7.72892e+07 6.5892e+07 1.57731e+07
46 6.94255e+07 7.54074e+07 2.94472e+07 1.75461e+07
46.1 7.03489e+07 2.57785e+07 2.6013e+07 2.12941e+07
46.2 2.97407e+07 2.52978e+07 3.72473e+07 3.65734e+07
46.3 2.93802e+07 3.44308e+07 2.82081e+07 3.65911e+07
46.4 2.91436e+07 3.80433e+07 2.92711e+07 1.15019e+07
46.5 2.90388e+07 2.63212e+07 2.08769e+07 1.08682e+07
46.6 2.8972e+07 2.49321e+07 2.04245e+07 1.02951e+07
46.7 2.88586e+07 2.357e+07 1.96772e+07 9.75508e+06
46.8 2.86606e+07 2.24315e+07 1.86331e+07 9.25177e+06
46.9 2.83518e+07 2.1614e+07 1.73382e+07 8.78231e+06
47 2.7947e+07 2.11038e+07 1.58835e+07 8.33873e+06
47.1 2.74438e+07 2.07952e+07 1.43902e+07 7.91002e+06
47.2 2.67679e+07 2.05295e+07 1.29835e+07 7.15286e+06
47.3 2.59182e+07 2.0126e+07 1.12141e+07 -1.09798e+06
47.4 2.49449e+07 1.9251e+07 3.48341e+06 -1.09753e+07
47.5 1.16452e+07 1.53481e+07 -3.60695e+06 5.05252e+06
47.6 -3.31601e+07 -437033 4.06845e+06 7.06145e+06
47.7 -3.76312e+07 -6.03389e+07 -8.41118e+06 -1.07178e+06
47.8 -3.87512e+07 -4.88453e+07 -3.30733e+07 -1.0361e+07
47.9 -4.00358e+07 -1.21426e+07 -4.76642e+07 -1.37261e+07
48 -4.11618e+07 -2.24829e+07 -1.21765e+07 -1.49784e+07
48.1 -4.21182e+07 -4.11277e+07 1.65805e+06 -1.57017e+07
48.2 -4.30252e+07 -3.32683e+07 -1.94548e+07 -1.18609e+07
48.3 -4.38344e+07 -2.03505e+07 -3.22353e+07 -1.15981e+07
48.4 -4.45181e+07 -4.29745e+07 -3.8141e+07 -1.15157e+07
48.5 -4.52953e+07 -6.0468e+07 -2.08119e+07 -1.22319e+07
48.6 -4.62414e+07 -1.91127e+07 -2.31383e+07 -1.26014e+07
48.7 -4.70619e+07 -1.69758e+07 -2.10167e+07 -1.27736e+07
48.8 -4.76456e+07 -4.09361e+07 -2.0451e+07 -1.19147e+07
48.9 -5.24523e+07 -6.17502e+07 -2.30667e+07 -1.18308e+07
49 -6.04781e+07 -2.15533e+07 -3.19183e+07 -1.1774e+07
49.1 -6.38779e+07 -3.9601e+07 -3.15323e+07 -1.21348e+07
49.2 -6.42167e+07 -8.01023e+07 -2.30335e+07 -1.26359e+07
49.3 -5.46759e+07 -2.3086e+07 -4.30626e+07 -1.33866e+07
49.4 -2.97621e+07 -2.24003e+07 -2.06562e+07 -1.44165e+07
49.5 -2.93909e+07 -4.1878e+07 -1.96422e+07 -1.5218e+07
49.6 -2.90734e+07 -2.06999e+07 -1.67754e+07 -1.53208e+07
49.7 -2.86499e+07 -1.57097e+07 -1.56916e+07 -1.17432e+07
49.8 -2.79727e+07 -1.52674e+07 -1.4067e+07 -1.13622e+07
49.9 -2.70597e+07 -2.38554e+07 -1.27488e+07 -1.08342e+07
50 -2.60198e+07 -2.6122e+07 -1.60663e+07 -1.0185e+07
50.1 -2.49153e+07 -1.83957e+07 -1.83893e+07 -8.81564e+06
50.2 -2.3723e+07 -1.76439e+07 -1.47657e+07 8.57381e+06
50.3 -2.24515e+07 -1.74843e+07 -4.87825e+06 9.18198e+06
50.4 -2.11144e+07 -1.40466e+07 1.28982e+07 -7.44483e+06
50.5 -1.96076e+07 -622908 -8.58166e+06 -7.79234e+06
50.6 -1.77968e+07 -7.03964e+06 -1.75875e+07 -2.73285e+06
50.7 2.05611e+07 -1.84998e+07 -1.1394e+07 -2.51667e+06
50.8 4.53547e+07 1.15631e+07 3.03232e+06 -6.14052e+06
50.9 4.6628e+07 3.15652e+07 1.45336e+07 3.463e+06
51 4.77659e+07 3.88852e+07 2.05368e+07 9.99289e+06
51.1 6.39369e+07 4.35613e+07 2.54265e+07 1.29062e+07
51.2 7.86122e+07 7.20686e+07 2.76924e+07 1.33084e+07
51.3 9.08464e+07 6.44741e+07 3.12114e+07 1.37248e+07
51.4 9.77252e+07 5.16678e+07 5.26662e+07 1.43526e+07
51.5 9.83117e+07 9.07828e+07 7.40316e+07 1.56315e+07
51.6 8.9301e+07 1.01622e+08 5.15804e+07 1.77472e+07
51.7 7.85916e+07 2.90677e+07 2.73454e+07 3.22581e+07
51.8 2.97396e+07 2.67278e+07 3.8495e+07 4.77611e+07
51.9 2.94344e+07 5.6478e+07 4.67852e+07 3.37603e+07
52 2.93738e+07 2.68254e+07 2.60031e+07 1.15739e+07
52.1 3.00597e+07 2.53352e+07 2.02204e+07 1.10945e+07
52.2 2.97685e+07 2.3993e+07 1.91783e+07 1.06335e+07
52.3 2.94853e+07 2.28274e+07 1.79955e+07 1.01676e+07
52.4 2.89817e+07 2.19099e+07 1.67231e+07 9.69339e+06
52.5 2.82643e+07 2.12328e+07 1.54314e+07 9.20625e+06
52.6 2.73573e+07 2.07181e+07 1.42003e+07 8.70221e+06
52.7 2.62618e+07 2.02463e+07 1.31051e+07 8.17901e+06
52.8 2.49718e+07 1.96908e+07 1.22027e+07 7.63734e+06
52.9 -9.96841e+06 1.80967e+07 1.10057e+07 4.39539e+06
53 -3.70434e+07 3.94383e+06 5.47594e+06 -1.24478e+07
53.1 -3.78893e+07 -6.50339e+07 -2.3144e+07 -1.3739e+07
53.2 -3.90312e+07 -7.85242e+07 -6.20921e+07 -1.44807e+07
53.3 -4.05387e+07 -1.63639e+07 -6.80296e+07 -1.76487e+07
53.4 -4.1961e+07 -2.52712e+07 -1.03464e+07 -1.83461e+07
53.5 -4.31692e+07 -4.02792e+07 1.85912e+07 -1.86843e+07
53.6 -4.42103e+07 -1.90503e+07 -1.22412e+07 -1.15616e+07
53.7 -4.49583e+07 -1.72487e+07 -3.23599e+07 -1.08246e+07
53.8 -4.54735e+07 -5.17364e+07 -4.71136e+07 -1.0338e+07
53.9 -4.60848e+07 -7.18416e+07 -2.45372e+07 -1.02529e+07
54 -4.68207e+07 -1.64206e+07 -2.32886e+07 -1.21124e+07
54.1 -4.728e+07 -1.15113e+07 -2.0584e+07 -1.22817e+07
54.2 -4.65722e+07 -3.24233e+07 -1.7261e+07 -1.19233e+07
54.3 -2.98117e+07 -5.75214e+07 -1.56113e+07 -1.17557e+07
54.4 -2.98091e+07 -1.72628e+07 -2.48445e+07 -9.54334e+06
54.5 -2.97638e+07 -1.06196e+07 -2.53023e+07 -7.58582e+06
54.6 -2.94402e+07 -1.97391e+07 -1.32173e+07 -8.1346e+06
54.7 -2.8912e+07 -2.84015e+07 -169641 -6.87573e+06
54.8 -2.82452e+07 -1.75606e+07 -6.35498e+06 -167125
54.9 -2.73359e+07 -1.44631e+07 -1.45454e+07 3.95076e+06
55 -2.60828e+07 -1.62593e+07 -1.25631e+07 -7.63657e+06
55.1 -2.45334e+07 -2.14055e+07 -1.09906e+07 -1.11819e+07
55.2 -2.28283e+07 -2.219e+07 -1.33943e+07 -1.15435e+07
55.3 -2.10702e+07 -1.62333e+07 -1.74713e+07 -8.59624e+06
55.4 -1.92792e+07 -1.57896e+07 -1.75937e+07 -6.25446e+06
55.5 -1.35715e+07 -1.70441e+07 -1.12578e+07 -3.8464e+06
55.6 3.72907e+07 -4.79809e+06 836122 -1.93083e+06
55.7 4.45885e+07 2.82467e+07 1.26971e+07 4.17702e+06
55.8 4.51661e+07 3.88191e+07 1.71123e+07 8.34533e+06
55.9 4.55927e+07 4.26034e+07 2.46437e+07 1.10476e+07
56 4.59912e+07 5.27671e+07 2.67709e+07 1.31778e+07
56.1 4.63433e+07 2.68018e+07 2.8719e+07 1.34492e+07
56.2 4.64457e+07 2.83091e+07 2.98723e+07 1.37468e+07
56.3 2.97478e+07 3.70098e+07 2.99185e+07 1.40819e+07
56.4 2.96065e+07 3.92624e+07 2.05971e+07 1.43794e+07
56.5 2.9533e+07 2.54833e+07 2.05166e+07 1.45e+07
56.6 2.94023e+07 2.32187e+07 2.08374e+07 1.18591e+07
56.7 2.91469e+07 2.1465e+07 2.00699e+07 1.16554e+07
56.8 2.87616e+07 2.04758e+07 1.90681e+07 1.13709e+07
56.9 2.82396e+07 2.02607e+07 1.76246e+07 1.09972e+07
57 2.7607e+07 2.50845e+07 1.60444e+07 1.05224e+07
57.1 1.82327e+07 2.00388e+07 1.41448e+07 5.25118e+06
57.2 -6.23496e+06 1.81367e+07 7.36185e+06 -7.4363e+06
57.3 -2.09199e+07 2.02526e+06 -2.35583e+06 -1.53755e+06
57.4 -2.39558e+07 -6.0971e+07 -2.37178e+07 1.01743e+06
57.5 -3.34626e+07 -5.62464e+07 -3.46409e+07 -9.79143e+06
57.6 -3.49783e+07 -3.62774e+06 -4.14815e+07 -1.36863e+07
57.7 -3.54345e+07 -1.55052e+07 -1.11464e+07 -1.50325e+07
57.8 -3.55191e+07 -3.09221e+07 1.27215e+07 -1.56497e+07
57.9 -2.97478e+07 -2.96989e+07 -1.75623e+07 -1.16592e+07
58 -2.94676e+07 -1.59159e+07 -3.19685e+07 -1.11388e+07
58.1 -2.8913e+07 -2.41502e+07 -3.30555e+07 -1.07912e+07
58.2 -2.82691e+07 -3.83772e+07 -1.83434e+07 -1.06305e+07
58.3 -2.77847e+07 -2.65701e+07 -1.30855e+07 -1.04682e+07
58.4 -2.63356e+07 -1.63329e+07 -1.14057e+07 -8.58078e+06
58.5 -1.95552e+07 -1.13645e+07 -1.05305e+07 -2.38998e+06
58.6 -9.63007e+06 -5.27397e+06 -5.42184e+06 8.56076e+06
58.7 2.25679e+07 6.72378e+06 1.42384e+07 2.24444e+06
58.8 2.80545e+07 2.23299e+07 1.54846e+07 1.20412e+06
58.9 3.09401e+07 2.91288e+07 1.11361e+07 7.5607e+06
59 3.28447e+07 3.06092e+07 1.39094e+07 9.78236e+06
59.1 3.31806e+07 2.02515e+07 1.929e+07 1.04714e+07
59.2 2.48596e+07 2.00616e+07 2.26442e+07 1.05142e+07
59.3 2.12793e+07 2.32319e+07 1.94137e+07 1.05461e+07
59.4 1.83484e+07 2.34203e+07 1.58884e+07 9.66748e+06
59.5 1.6718e+07 1.77509e+07 1.24468e+07 8.24035e+06
59.6 1.5409e+07 1.03789e+07 9.33848e+06 5.76395e+06
59.7 8.06502e+06 1.47941e+06 3.06209e+06 -3.87681e+06
59.8 -1.12115e+07 -1.02932e+07 -1.56954e+07 -6.68119e+06
59.9 -1.90597e+07 -2.09994e+07 -1.78489e+07 -7.01208e+06
60 -2.29531e+07 -2.29317e+07 -9.8693e+06 -7.68378e+06
