0.1 0.092256 0.0451015 0.0231382 0.0132174 0.0093997
0.2 0.0877336 0.107216 0.0865505 0.0650974 0.0533816
0.3 0.0793299 0.0965706 0.128048 0.13868 0.139015
0.4 0.0861303 0.095583 0.122106 0.164367 0.19173
0.5 0.0763991 0.118317 0.126076 0.128964 0.136439
0.6 -0.00388247 0.0372178 0.0700597 0.0629163 0.0435292
0.7 0.471723 0.175964 0.0515582 0.0245018 0.0235434
0.8 0.201474 0.387569 0.284251 0.171846 0.125162
0.9 0.599228 0.39875 0.491559 0.49662 0.453645
1 -0.429759 0.186212 0.383908 0.598143 0.734202
1.1 -1.46428 -0.909692 -0.308546 0.0334193 0.225374
1.2 1.01935 -0.352989 -0.723621 -0.89727 -0.962393
1.3 -0.738553 -0.072289 -0.688266 -0.907394 -1.13428
1.4 0.479126 -0.1941 -0.226156 -0.79278 -0.916612
1.5 0.294075 0.0718092 -0.167752 0.0480414 0.0125428
1.6 0.251391 0.548785 0.484844 0.674846 0.810934
1.7 -1.48238 -0.0797717 0.746053 0.802876 0.997164
1.8 1.11833 -0.648457 0.0609425 0.656117 0.593981
1.9 -0.0901172 1.09907 -0.0387015 -0.289922 -0.104026
2 0.718958 0.491644 0.415734 -0.323466 -0.581358
2.1 0.143899 -0.496464 0.040308 0.288151 -0.130274
2.2 0.643804 0.601667 -0.291902 0.126291 0.723466
2.3 0.429875 0.759998 1.0297 0.483858 0.538956
2.4 -0.258313 0.114813 0.984093 1.22676 0.451077
2.5 -1.02414 -0.355007 -0.410748 0.302527 1.03505
2.6 0.800949 -0.334955 -0.183145 -0.585768 0.0728385
2.7 -0.0441043 0.272734 -0.300898 -0.351616 -1.28086
2.8 -1.27878 -0.339892 -0.439231 -0.773697 -1.25707
2.9 2.52163 -0.680481 -0.749964 -0.984269 -0.0907939
3 -2.50502 0.574917 -0.21665 0.201976 -0.128793
3.1 -0.323076 -0.804019 0.419146 0.296751 -0.101815
3.2 -1.65305 -1.96306 -0.660562 -0.317844 0.279881
3.3 -1.09107 -0.223394 -1.82312 -1.10998 -0.48993
3.4 2.66763 -0.0120103 -0.629406 -1.0814 -1.61335
3.5 -2.41958 0.281923 1.05465 -0.913247 -1.73443
3.6 0.597392 -0.618365 -0.8729 0.00416966 -0.204104
3.7 -5.77344 -2.60054 -2.09651 -0.318852 0.479996
3.8 4.81913 -1.66842 -1.6369 -1.46919 -0.262322
3.9 6.02674 3.80726 1.44119 -1.02625 -1.57467
4 1.53315 3.34035 2.87581 1.96617 -1.25749
4.1 -1.94584 0.670932 1.92846 1.5895 2.23045
4.2 -7.02011 0.332535 0.878762 1.50741 2.10498
4.3 5.96193 -2.95584 0.345871 1.37435 1.93265
4.4 -3.50093 0.156174 -2.45851 1.36477 1.88679
4.5 1.74437 0.609751 0.111228 -0.790723 1.06983
4.6 -4.58732 -0.0785886 0.74288 -0.45171 0.0401895
4.7 -4.66855 -0.641911 0.785412 -1.27874 -0.421285
4.8 7.06087 -3.31962 -1.46668 0.854071 -2.44994
4.9 4.40802 1.47124 -1.75049 -0.610987 -1.91366
5 -1.14336 5.03203 -0.334927 -2.84894 -0.145088
5.1 2.97139 0.725994 2.76076 -0.516857 -0.731514
5.2 -3.30044 -1.27442 2.10197 2.32296 -1.05171
5.3 -1.62331 -1.34221 0.404283 1.02543 0.716482
5.4 -1.33148 -0.9792 -2.82882 2.05507 1.08842
5.5 1.31459 -1.2488 -0.871331 -1.35398 1.91
5.6 -3.75587 -0.589146 -1.53629 -1.53807 1.70495
5.7 0.442827 -1.47857 -0.689518 -1.10495 -0.0286692
5.8 -0.26248 -1.65968 -0.0120774 -1.78394 -0.280251
5.9 -4.89265 -0.0596329 -1.87999 -0.508232 -2.45151
6 -5.36813 -0.885837 -1.6624 -1.65624 -2.62783
6.1 -3.17184 -1.45395 -1.21749 -2.10112 -2.73598
6.2 15.1617 -1.09498 -0.619024 -1.57027 -2.16423
6.3 3.63073 1.92209 -0.208422 0.700332 -1.40684
6.4 -1.33443 0.526759 0.566479 0.21299 0.18667
6.5 -1.37968 0.0969116 1.01905 0.148682 0.103767
6.6 3.42642 1.67142 2.05258 0.420952 0.183964
6.7 6.00077 3.87358 1.24018 2.15292 0.510994
6.8 1.6211 1.469 3.33616 2.68382 0.783206
6.9 -10.3736 0.728807 1.3764 3.78976 0.691901
7 0.419795 0.354967 0.85037 1.42471 2.221
7.1 13.3231 1.02515 1.79315 0.891965 2.62462
7.2 4.45629 2.53812 1.10554 1.57475 3.03633
7.3 0.287923 1.49933 1.97782 1.87197 2.99366
7.4 -5.68733 1.0299 1.78637 1.65704 2.62118
7.5 3.2209 1.68492 0.876894 1.3795 2.36898
7.6 -4.86953 1.32903 1.39582 0.798364 2.15988
7.7 6.34703 0.94467 1.4967 1.6783 1.38617
7.8 -4.33031 1.56506 1.16216 1.80801 0.875421
7.9 0.328982 1.5102 1.41578 0.203657 1.40215
8 -1.38932 -1.22933 0.0129572 1.05608 0.656601
8.1 -1.53763 -0.0632818 -0.152997 0.107942 0.160278
8.2 -4.28523 -0.195813 -0.325695 -0.197407 -0.0428151
8.3 1.45317 -0.255442 -0.420757 -0.338871 -0.13587
8.4 0.500145 -0.102191 -0.397693 -0.31992 -0.0678532
8.5 -1.69384 -0.0407333 -0.447955 -0.452326 -0.109756
8.6 6.68409 0.109709 0.0182039 -0.560727 0.0502378
8.7 -6.50434 0.0236703 0.190657 -0.627075 0.0371411
8.8 0.101056 -0.248862 -0.461466 -0.342156 -0.195461
8.9 5.22497 -0.308355 -0.192037 0.00431763 -0.030576
9 -2.44165 -0.239288 -0.120841 0.158141 0.0402842
9.1 -0.901068 -0.137527 -0.3122 -0.0792863 -0.0935809
9.2 0.0249764 -0.210798 -0.160725 -0.229912 -0.137733
9.3 4.0289 -0.058938 0.140369 -0.255085 -0.0183727
9.4 -2.67685 0.030524 0.0566659 -0.110193 0.00312075
9.5 0.301062 -0.0114391 -0.270653 0.0315234 -0.0996806
9.6 -0.549004 -0.494621 -0.192081 0.230155 -0.418319
9.7 -1.91949 -2.0181 0.0782828 0.0838798 -1.14252
9.8 -1.25834 -0.947496 -1.21728 -0.456471 -1.18024
9.9 3.49471 0.735719 -2.38253 -0.881302 -1.03176
10 0.542783 0.074972 0.545014 -2.65501 -0.835774
10.1 0.420598 -0.0649349 1.17384 -1.19473 -0.836149
10.2 -4.47695 0.0326736 -0.725296 0.424689 -1.14168
10.3 1.58145 -0.433408 -1.05842 0.881675 -1.22026
10.4 1.20593 -0.543172 -0.700284 0.176468 -0.388414
10.5 -0.146548 -0.656702 0.178804 -0.371557 -0.307986
10.6 2.0045 -0.35596 0.479649 -0.54773 -0.206412
10.7 2.20101 0.321227 -0.211499 -0.330145 0.218401
10.8 -5.81399 0.443163 -0.645209 -0.854667 0.735787
10.9 -0.744596 -0.257626 -0.661962 -0.478836 0.318972
11 -1.15351 -1.164 -0.686302 0.630062 -0.405151
11.1 -2.68673 -1.83611 0.433496 -0.110863 -0.611744
11.2 -4.4529 -0.880198 -0.785306 -0.717599 -0.713865
11.3 2.4446 -0.42157 -1.34643 -0.971984 -0.662976
11.4 2.27938 -0.25502 -1.8559 -1.0775 -0.494693
11.5 -3.6014 -2.24326 -0.822766 -1.09939 -0.685345
11.6 -0.28174 -1.57048 -0.742985 -2.47834 -0.849333
11.7 3.19674 -0.428389 -1.97465 -1.71558 -0.770926
11.8 0.139 1.35498 -0.935358 -0.272162 -0.706651
11.9 -2.35588 -0.299997 0.652728 0.0385967 -1.18927
12 1.92959 -0.82588 0.796579 1.01832 -1.78213
12.1 3.08147 -0.554816 0.741568 0.00773206 -0.251906
12.2 -6.46369 0.186589 -0.243033 -0.15684 -0.247834
12.3 -2.22765 0.318171 -0.981316 -0.397793 -0.505197
12.4 -4.9805 -0.700051 -0.862264 -0.581585 -0.696151
12.5 -3.27392 -3.49637 -1.22948 -1.0148 -0.908354
12.6 2.89015 -2.18608 -2.37336 -1.17599 -0.849726
12.7 1.76204 -0.574419 -2.03446 -2.30146 -0.635402
12.8 -1.79548 -0.53815 -1.00453 -2.94849 -0.696021
12.9 -0.939709 -1.49922 -1.26751 -1.5766 -0.862836
13 6.43271 0.400774 -0.426858 0.529917 -1.08028
13.1 4.54547 0.37804 0.453305 1.57522 -1.45925
13.2 0.347779 0.537219 1.45673 -0.302982 -0.0838914
13.3 -5.7546 0.382522 0.317514 0.111957 0.0561501
13.4 -8.09528 -0.0729027 -0.211086 -0.299596 -0.393485
13.5 2.20162 -0.567114 -0.445982 -0.418001 -0.552133
13.6 -0.448986 -0.57155 -0.520366 -0.17743 -0.448449
13.7 -0.516707 -0.632757 -0.691216 -0.0353401 -0.438231
13.8 -6.90123 -0.922858 -0.775221 -0.433529 -0.637251
13.9 5.1071 -0.927841 -0.692792 -0.734265 -0.637382
14 7.09754 -0.374169 -0.213671 -0.47569 -0.179469
14.1 3.58111 0.736987 0.075768 -0.309582 0.34376
14.2 -6.29573 0.35234 0.0152226 -0.706073 0.839529
14.3 -6.98682 -0.137885 -0.64979 -0.373039 -0.0913494
14.4 5.37826 -0.588675 -0.799959 0.311403 -0.49908
14.5 -0.338206 -0.765592 0.156082 0.141882 -0.354247
14.6 -6.58244 -0.967985 0.151458 -0.351559 -0.432913
14.7 -3.96883 -0.863902 -0.73933 -0.856813 -0.569583
14.8 1.16868 -0.762629 -1.2871 -1.00095 -0.4064
14.9 -0.893798 -0.790578 -1.2761 -0.68729 -0.69233
15 3.4949 -2.23023 -0.916631 -0.700909 -0.68827
15.1 1.77597 -1.55648 -0.862331 -0.659591 -0.582912
15.2 2.80349 2.53529 -1.76031 -0.734972 -0.409676
15.3 -1.10811 0.135483 2.17093 -2.03574 -0.359154
15.4 -0.927322 0.0135628 -0.00773384 0.127843 -0.455895
15.5 -1.60699 -0.0884016 -0.29182 0.323103 -0.560018
15.6 0.454412 -0.245511 -0.698999 0.810803 -0.585761
15.7 3.43422 -0.406533 -0.195236 0.669197 -0.212926
15.8 2.20002 -0.359671 0.851687 0.156989 -0.00321475
15.9 0.369102 0.229912 0.63702 0.0506991 0.0952866
16 0.410656 2.73512 0.350036 0.261986 0.129226
16.1 -4.25718 1.3061 1.15425 0.315611 0.0107053
16.2 -7.00078 -0.337664 0.45819 0.280627 0.375839
16.3 -1.63583 -0.986731 -0.0647643 0.198248 0.316578
16.4 5.02121 -2.83007 -0.528008 0.376395 0.42341
16.5 -1.057 -1.74128 -1.17547 0.46636 0.541472
16.6 0.970461 0.394782 -2.13743 -0.248135 0.516615
16.7 -0.619722 0.574154 -0.48742 -1.89159 0.497503
16.8 -0.863347 -0.00501774 0.595578 -2.14128 0.244218
16.9 6.9462 0.47211 0.070367 -0.937686 0.357847
17 0.24507 2.2482 0.374586 0.678704 -0.465111
17.1 -7.29264 0.279116 0.585017 1.63129 -0.737394
17.2 0.749573 -0.6766 0.689382 1.63539 -1.01954
17.3 -0.666021 -0.985096 1.06152 0.796191 -0.571592
17.4 1.95416 -0.777422 0.497233 0.587936 -0.471388
17.5 -3.35889 -0.24567 -0.468138 -0.179919 -0.456831
17.6 -1.85934 0.0330212 -1.26117 -0.995114 -0.339264
17.7 -1.47432 0.304106 -1.49622 -2.06775 0.318647
17.8 -0.839561 -0.85248 -0.531827 -2.03968 0.22694
17.9 -3.37831 -1.29304 -1.0744 -1.26824 -0.0750765
18 1.17552 -2.67916 -1.91575 0.585705 -1.14206
18.1 4.49404 -3.12835 -1.04858 -0.236134 -0.916389
18.2 2.74569 2.42526 -1.92288 -0.605715 -0.636035
18.3 2.9317 0.893063 1.98326 -2.35175 -0.432056
18.4 -4.51218 0.144273 0.768097 -0.493082 -0.501215
18.5 -0.630346 -0.028824 -0.249537 0.236143 -0.688212
18.6 -1.45119 -0.117026 -0.74684 0.728174 -0.816601
18.7 1.64473 -0.257898 -0.914408 0.884794 -0.660544
18.8 -0.836127 -0.503766 0.347329 -0.222871 -0.312367
18.9 1.24663 -0.627342 0.811525 -0.501024 -0.263437
19 -3.14695 -0.114066 -0.121488 -0.248339 -0.294238
19.1 -3.05524 -0.136486 -0.826693 -0.271406 -0.463861
19.2 -0.780515 -0.34043 -0.98673 -0.374756 -0.5434
19.3 3.58909 -0.727379 -0.258974 -0.569136 -0.322644
19.4 -1.70582 -0.680092 -0.144615 -1.24692 0.517987
19.5 0.439124 -0.472054 -0.68626 -0.787885 0.33646
19.6 2.59544 0.0499258 -1.06197 0.522057 -0.24831
19.7 0.388929 -0.147113 -0.0507846 0.250224 -0.325508
19.8 -1.50915 -0.374941 0.465806 -0.118573 -0.342351
19.9 -1.53057 -0.289242 0.331754 -0.42218 -0.34019
20 -0.332171 -0.056257 -0.293391 -0.240451 -0.312463
20.1 0.928659 0.164241 -0.553721 -0.165577 -0.198594
20.2 -0.495193 -0.0601386 -0.285318 -0.214822 -0.0734673
20.3 1.98411 -0.14828 -0.0305335 -0.302417 0.103108
20.4 1.40036 -0.0438855 0.145247 0.0890494 0.0226849
20.5 -1.4541 1.78138 0.296 0.227176 -0.0302722
20.6 -2.38211 0.453921 0.986482 0.531483 -0.0987614
20.7 -0.0519856 -0.320027 0.643911 0.473612 0.388701
20.8 0.826167 -0.50483 0.369181 0.613919 0.57309
20.9 0.59398 0.213516 -0.28233 0.696883 0.592614
21 -2.18613 0.249409 -0.0880069 0.247617 0.512112
21.1 -1.37905 -0.330812 -0.0681742 -0.0406179 0.369585
21.2 0.129325 -1.78415 -0.0842202 -0.318779 0.306824
21.3 0.573246 -0.485116 -1.08928 -0.600083 0.250636
21.4 0.120583 0.0773121 -0.709262 -1.30374 0.226124
21.5 0.156108 0.391162 -0.626082 -0.507142 -0.680584
21.6 0.244708 -0.204208 0.121669 -0.415683 -0.776882
21.7 0.192765 -0.201956 0.0729848 -0.171146 -0.759343
21.8 0.225647 0.0324477 -0.155927 0.15551 -0.730272
21.9 0.149798 0.257504 -0.0772912 0.19253 -0.686726
22 0.0648056 1.05844 0.251968 -0.0166212 -0.50264
22.1 -0.00932084 0.191916 1.07917 -0.016617 -0.34882
22.2 -0.0709894 -0.493851 0.695085 0.686822 -0.317344
22.3 0 0.157624 -0.593851 1.20577 -0.277943
