0.1 -1.96944e+06 -917314 -414351 -159448
0.2 -5.81205e+06 -3.94923e+06 -2.29e+06 -1.02574e+06
0.3 -9.8817e+06 -7.80221e+06 -5.37685e+06 -2.71218e+06
0.4 -2.07196e+06 -5.15968e+06 -4.99805e+06 -2.9664e+06
0.5 1.07743e+07 7.7084e+06 4.02333e+06 1.5478e+06
0.6 2.31577e+07 2.02017e+07 1.55152e+07 8.37254e+06
0.7 3.27475e+07 2.53596e+07 1.81506e+07 9.79308e+06
0.8 -7.09795e+06 6.27321e+06 6.70521e+06 3.56402e+06
0.9 -9.83873e+06 -2.23187e+07 -1.55385e+07 -7.37719e+06
1 6.37982e+07 2.21967e+07 -2.34056e+06 -5.72181e+06
1.1 6.94225e+07 6.65948e+07 4.76729e+07 2.3965e+07
1.2 3.90505e+07 6.79777e+07 5.85432e+07 3.07109e+07
1.3 -1.66153e+07 -5.53465e+06 1.88011e+07 2.07229e+07
1.4 -8.09279e+07 -6.57525e+07 -4.59813e+07 -2.56143e+07
1.5 -1.15097e+08 -8.55088e+07 -7.21277e+07 -4.05096e+07
1.6 -2.42015e+07 -8.95228e+07 -7.85885e+07 -4.4471e+07
1.7 1.19261e+08 2.66292e+07 -1.09174e+07 -9.89074e+06
1.8 1.19331e+08 1.07341e+08 6.62227e+07 1.99496e+07
1.9 2.37628e+07 1.07368e+08 8.34847e+07 4.77013e+07
2 -1.19277e+08 2.44239e+07 8.3489e+07 4.77069e+07
2.1 -1.19406e+08 -4.36544e+07 1.33079e+07 4.08722e+07
2.2 -1.19484e+08 -1.07369e+08 -7.8375e+07 -484785
2.3 -1.1953e+08 -1.07432e+08 -8.34896e+07 -4.77157e+07
2.4 -1.19576e+08 -1.07483e+08 -8.34987e+07 -4.77394e+07
2.5 -1.19578e+08 -1.07525e+08 -8.35023e+07 -4.77589e+07
2.6 -2.78609e+07 -1.07543e+08 -7.8604e+07 -4.77744e+07
2.7 -2.67883e+07 -2.66617e+07 -4.21813e+07 -4.77834e+07
2.8 -3.34318e+07 -2.52402e+07 -2.05476e+07 -3.32745e+07
2.9 -6.1849e+07 -2.44192e+07 -2.03338e+07 -1.12689e+07
3 -1.19739e+08 -3.12347e+07 -2.03229e+07 -1.03177e+07
3.1 -1.20085e+08 -8.34371e+07 -3.21718e+07 -9.47862e+06
3.2 -1.20507e+08 -1.07572e+08 -7.72269e+07 -9.10193e+06
3.3 -1.20843e+08 -1.07593e+08 -6.30044e+07 -1.33151e+07
3.4 -1.21066e+08 -1.07595e+08 -4.1465e+07 -1.67314e+07
3.5 -1.21237e+08 -5.17397e+07 -6.6063e+07 -3.83954e+07
3.6 -1.21286e+08 -1.07595e+08 -6.57135e+07 -4.77914e+07
3.7 -6.56243e+07 -1.06101e+08 -7.57687e+07 -4.77963e+07
3.8 -1.21365e+08 -3.46015e+07 -6.1688e+07 -4.13569e+07
3.9 -1.21477e+08 -9.77317e+07 -2.08167e+07 -1.17538e+07
4 -1.21528e+08 -1.07598e+08 -6.74476e+07 -1.15548e+07
4.1 -3.03547e+07 -3.65495e+07 -6.51236e+07 -1.836e+07
4.2 -2.94301e+07 -2.66508e+07 -1.87083e+07 -4.77984e+07
4.3 -2.79541e+07 -2.63903e+07 -1.60485e+07 -1.18652e+07
4.4 -2.66402e+07 -2.588e+07 -1.32597e+07 -1.12522e+07
4.5 -2.56153e+07 -2.50591e+07 -1.2427e+07 -1.05343e+07
4.6 -2.4916e+07 -2.39941e+07 -2.04973e+07 -9.75696e+06
4.7 -2.46158e+07 -2.28635e+07 -2.07951e+07 -9.01426e+06
4.8 -2.37875e+07 -2.17604e+07 -1.69054e+07 -8.34826e+06
4.9 -2.14891e+07 -2.06274e+07 -1.24845e+07 -7.7268e+06
5 -1.79207e+07 -1.93473e+07 -9.50996e+06 -7.10262e+06
5.1 -1.38139e+07 -1.78248e+07 -9.35414e+06 -6.45301e+06
5.2 2.40575e+07 -1.58005e+07 -1.39534e+07 -5.80655e+06
5.3 1.19469e+08 -1.21589e+07 -1.29697e+07 -5.21772e+06
5.4 1.19736e+08 9.84519e+07 1.53175e+07 -2.41216e+06
5.5 1.19898e+08 1.07442e+08 5.94644e+07 2.65143e+07
5.6 1.19973e+08 1.07501e+08 8.3515e+07 4.50241e+07
5.7 1.20005e+08 1.07546e+08 8.35416e+07 4.77134e+07
5.8 1.20021e+08 1.07582e+08 8.35614e+07 4.77193e+07
5.9 1.20027e+08 1.0761e+08 8.35751e+07 4.77223e+07
6 1.20071e+08 1.07629e+08 8.35831e+07 4.77225e+07
6.1 1.20096e+08 1.0764e+08 8.35841e+07 3.2181e+07
6.2 2.98299e+07 6.98857e+07 3.85664e+07 2.83193e+07
6.3 2.97078e+07 2.62404e+07 2.08158e+07 1.18946e+07
6.4 3.95246e+07 2.51834e+07 2.07072e+07 1.17177e+07
6.5 3.00148e+07 2.42831e+07 2.04357e+07 1.15119e+07
6.6 2.97965e+07 2.35146e+07 1.99904e+07 1.1281e+07
6.7 2.9722e+07 2.28445e+07 1.93779e+07 1.10269e+07
6.8 3.97381e+07 2.23219e+07 1.86209e+07 1.07497e+07
6.9 5.44765e+07 2.20952e+07 1.77571e+07 1.04481e+07
7 2.98355e+07 2.70715e+07 1.684e+07 5.33966e+06
7.1 2.87105e+07 2.73792e+07 1.58351e+07 -5.51856e+06
7.2 2.6346e+07 2.67309e+07 1.47316e+07 6.58136e+06
7.3 -3.60396e+07 2.59686e+07 1.37692e+07 1.08115e+07
7.4 -3.91266e+07 2.39048e+07 1.31815e+07 1.24037e+07
7.5 -4.14927e+07 2.03006e+07 1.29494e+07 9.29261e+06
7.6 -4.31352e+07 -3.76784e+07 1.23553e+07 5.99744e+06
7.7 -4.41108e+07 -4.13584e+07 5.42488e+06 -4.78275e+06
7.8 -4.46525e+07 -5.68066e+07 -5.33472e+07 -8.66308e+06
7.9 -4.48347e+07 -8.2973e+07 -8.34819e+07 -1.31178e+07
8 -4.49953e+07 -9.35396e+07 -7.03959e+07 -1.458e+07
8.1 -4.53862e+07 -2.68885e+07 -1.98805e+07 -1.65124e+07
8.2 -4.59211e+07 -2.64818e+07 -1.76985e+07 -1.83004e+07
8.3 -4.6505e+07 -2.6273e+07 -1.04822e+07 -2.58408e+07
8.4 -4.71988e+07 -2.62169e+07 -1.59327e+07 -3.33384e+07
8.5 -4.80528e+07 -2.88357e+07 -2.58699e+07 -1.18677e+07
8.6 -5.56581e+07 -3.45217e+07 -2.95061e+07 -1.15694e+07
8.7 -6.38696e+07 -4.50909e+07 -3.09806e+07 -1.13832e+07
8.8 -6.45018e+07 -8.73334e+07 -3.27773e+07 -1.13409e+07
8.9 -3.00838e+07 -2.68575e+07 -4.70597e+07 -1.29255e+07
9 -2.9642e+07 -2.6472e+07 -2.07319e+07 -1.49365e+07
9.1 -2.86816e+07 -2.61765e+07 -1.98917e+07 -1.65586e+07
9.2 -2.71504e+07 -2.58315e+07 -1.92072e+07 -1.68249e+07
9.3 -2.50097e+07 -2.5405e+07 -1.68891e+07 -1.18094e+07
9.4 -2.23628e+07 -2.48462e+07 -1.45512e+07 -1.15231e+07
9.5 -1.94758e+07 -2.41061e+07 -1.44251e+07 -1.11315e+07
9.6 -1.6614e+07 -2.31803e+07 -1.86754e+07 -1.06599e+07
9.7 4.54706e+07 -2.18413e+07 -1.94978e+07 -1.01643e+07
9.8 4.73089e+07 -1.96084e+07 -1.70876e+07 -9.67538e+06
9.9 5.68413e+07 3.43603e+07 -1.03721e+07 -9.16605e+06
10 6.58856e+07 3.98248e+07 2.05447e+07 -8.471e+06
10.1 6.89701e+07 4.25097e+07 2.56617e+07 -7.33633e+06
10.2 7.16202e+07 7.17633e+07 2.70477e+07 -5.65999e+06
10.3 7.58255e+07 9.47773e+07 2.92507e+07 3.3956e+07
10.4 7.74433e+07 9.67746e+07 3.93013e+07 4.77289e+07
10.5 2.98683e+07 2.64704e+07 8.3605e+07 4.77378e+07
10.6 2.98031e+07 2.63101e+07 8.36289e+07 4.77411e+07
10.7 3.09484e+07 3.60815e+07 2.6027e+07 3.08399e+07
10.8 3.20439e+07 4.86004e+07 2.02771e+07 1.16647e+07
10.9 2.97802e+07 3.12958e+07 2.00913e+07 1.12244e+07
11 2.92462e+07 2.65306e+07 2.00815e+07 1.07831e+07
11.1 2.8577e+07 2.60585e+07 2.00192e+07 1.03513e+07
11.2 2.78395e+07 2.55536e+07 1.98521e+07 9.93847e+06
11.3 2.68672e+07 2.5019e+07 1.95694e+07 9.55187e+06
11.4 2.56074e+07 2.44529e+07 1.91267e+07 3.68643e+06
11.5 -3.53519e+07 2.35816e+07 1.83597e+07 -8.48756e+06
11.6 -3.65034e+07 2.1888e+07 1.72044e+07 8.25459e+06
11.7 -3.73462e+07 1.91806e+07 1.58997e+07 1.31965e+07
11.8 -3.80208e+07 -2.59665e+07 1.43443e+07 1.35724e+07
11.9 -3.85878e+07 -4.04742e+07 1.18715e+07 1.18719e+07
12 -3.89861e+07 -4.23097e+07 -1.19808e+07 8.75812e+06
12.1 -3.92919e+07 -5.1126e+07 -7.80319e+07 -1.3164e+07
12.2 -3.97021e+07 -6.74608e+07 -8.35098e+07 -1.47647e+07
12.3 -4.03618e+07 -7.60043e+07 -2.05488e+07 -1.68934e+07
12.4 -4.12133e+07 -2.67403e+07 -2.0078e+07 -1.89248e+07
12.5 -4.19313e+07 -2.61216e+07 -2.35069e+07 -3.83042e+07
12.6 -4.22371e+07 -2.58249e+07 -3.24378e+07 -4.68009e+07
12.7 -2.99534e+07 -2.77473e+07 -5.24287e+07 -1.28001e+07
12.8 -2.94468e+07 -3.05642e+07 -2.03961e+07 -1.18341e+07
12.9 -2.86155e+07 -3.27952e+07 -1.93639e+07 -1.17769e+07
13 -2.75204e+07 -3.28594e+07 -1.77604e+07 -1.16675e+07
13.1 -2.62205e+07 -2.65543e+07 -1.25202e+07 -1.14818e+07
13.2 -2.4768e+07 -2.59077e+07 -1.16261e+07 -1.11878e+07
13.3 -2.31526e+07 -2.50352e+07 -1.78501e+07 -1.07973e+07
13.4 -2.13644e+07 -2.40291e+07 -2.16642e+07 -1.03764e+07
13.5 -1.94492e+07 -2.29721e+07 -2.19861e+07 -9.98329e+06
13.6 4.20897e+07 -2.15773e+07 -1.69374e+07 -9.62453e+06
13.7 4.37819e+07 -1.31945e+07 -1.28889e+07 -9.26258e+06
13.8 4.50234e+07 3.72672e+07 4.41688e+06 -8.80895e+06
13.9 4.58909e+07 3.99525e+07 1.92273e+07 -8.10918e+06
14 4.65668e+07 4.21235e+07 2.39116e+07 -7.03119e+06
14.1 4.7191e+07 5.40585e+07 2.45423e+07 1.31892e+07
14.2 4.7735e+07 6.62165e+07 2.56863e+07 2.51166e+07
14.3 4.84768e+07 4.59083e+07 2.78641e+07 3.87873e+07
14.4 2.98273e+07 2.64767e+07 3.08194e+07 4.27069e+07
14.5 2.9423e+07 2.60886e+07 3.65532e+07 1.17749e+07
14.6 2.8736e+07 2.60724e+07 5.71498e+07 1.1568e+07
14.7 2.78683e+07 2.88583e+07 2.08512e+07 1.2706e+07
14.8 2.69873e+07 3.07562e+07 2.00055e+07 1.41414e+07
14.9 2.61456e+07 3.09624e+07 1.93451e+07 1.42094e+07
15 -2.66422e+07 2.63939e+07 1.88759e+07 1.18375e+07
15.1 -3.42333e+07 2.48911e+07 1.84939e+07 1.16624e+07
15.2 4.22221e+06 2.24061e+07 1.81145e+07 1.14332e+07
15.3 3.22608e+07 1.95806e+07 1.76807e+07 1.11542e+07
15.4 3.34377e+07 -1.38543e+07 1.68847e+07 1.08293e+07
15.5 3.28197e+07 -3.22305e+07 1.50911e+07 1.04575e+07
15.6 2.93197e+07 1.52091e+07 1.22858e+07 1.00274e+07
15.7 -1.99052e+07 3e+07 380436 222420
15.8 -3.12994e+07 2.63978e+07 -3.57404e+07 -1.47865e+07
15.9 -2.841e+07 -2.58191e+07 -1.73137e+07 -1.52436e+07
16 -1.43235e+07 -3.37409e+07 -1.1995e+07 -1.55367e+07
16.1 1.18933e+07 -3.56239e+07 -1.47154e+07 -1.55791e+07
16.2 -1.99825e+07 -3.56551e+07 -2.41837e+07 -1.16617e+07
16.3 -3.04437e+07 -2.61796e+07 -2.75685e+07 -1.13213e+07
16.4 -3.10899e+07 -2.54653e+07 -2.83016e+07 -1.11254e+07
16.5 -3.19522e+07 -2.49561e+07 -2.05598e+07 -1.10551e+07
16.6 -3.29061e+07 -2.45805e+07 -1.85068e+07 -1.09857e+07
16.7 -3.38838e+07 -2.42637e+07 -1.29872e+07 -1.07963e+07
16.8 -3.4809e+07 -2.39438e+07 -1.03432e+07 -1.03925e+07
16.9 -3.54901e+07 -2.36099e+07 -1.32924e+07 -8.12819e+06
17 -3.57885e+07 -2.33317e+07 -1.58655e+07 3.0767e+06
17.1 -2.98104e+07 -2.15484e+07 -1.40779e+07 4.67558e+06
17.2 -2.91284e+07 -1.99303e+07 -1.12235e+07 -9.15173e+06
17.3 -2.81076e+07 -1.85719e+07 -9.16365e+06 -1.24076e+07
17.4 -2.6855e+07 -1.76843e+07 -1.24902e+07 -1.18843e+07
17.5 -2.5386e+07 -1.92092e+07 -1.6363e+07 -8.46188e+06
17.6 -2.39464e+07 -2.24884e+07 -1.82866e+07 -3.92315e+06
17.7 -2.28145e+07 -2.23351e+07 -1.46179e+07 -1.05459e+06
17.8 -2.19806e+07 -2.02925e+07 -1.19631e+07 -7.33915e+06
17.9 -1.91634e+07 -1.64004e+07 -1.00691e+07 -9.19916e+06
18 2.49936e+07 -109339 -6.44901e+06 -8.32762e+06
18.1 3.95471e+07 2.13379e+07 4.30537e+06 -1.27725e+06
18.2 4.00318e+07 2.98345e+07 1.51513e+07 1.00413e+07
18.3 4.03132e+07 3.06813e+07 2.23763e+07 1.34528e+07
18.4 4.03396e+07 3.14684e+07 2.38844e+07 1.37154e+07
18.5 2.9651e+07 3.21553e+07 2.45307e+07 1.3817e+07
18.6 2.92791e+07 3.25648e+07 2.50149e+07 1.28691e+07
18.7 -1.30285e+07 2.66991e+07 2.52504e+07 1.19119e+07
18.8 -2.80243e+07 2.54059e+07 2.07914e+07 1.18926e+07
18.9 -2.30092e+07 1.02933e+07 1.9975e+07 1.18386e+07
19 1.59403e+07 -3.32253e+07 1.74916e+07 1.14542e+07
19.1 2.37432e+07 -3.36537e+07 -2.00436e+07 5.79063e+06
19.2 1.57633e+07 -1.92549e+07 -3.28082e+07 -1.30579e+07
19.3 -2.05271e+07 2.00317e+07 -3.84652e+07 -1.38781e+07
19.4 -2.10346e+07 1.32152e+07 -1.86005e+07 -1.47197e+07
19.5 1.72008e+07 -2.45959e+07 1.90236e+07 -1.52434e+07
19.6 3.01913e+07 -2.06798e+07 2.19645e+07 -1.1691e+07
19.7 3.14425e+07 2.31066e+07 -1.42191e+07 -1.05637e+07
19.8 3.15659e+07 3.08352e+07 -2.17895e+07 -9.17424e+06
19.9 3.15055e+07 3.13198e+07 1.06761e+07 1.15568e+07
20 2.97335e+07 2.65945e+07 2.38848e+07 1.681e+07
20.1 2.35719e+07 2.61622e+07 2.57622e+07 1.74168e+07
20.2 -1.19463e+07 2.54329e+07 2.72337e+07 1.77656e+07
20.3 -3.05334e+07 1.23486e+07 2.81022e+07 1.78905e+07
20.4 -3.10486e+07 -2.7816e+07 2.05672e+07 1.19172e+07
20.5 -3.15221e+07 -3.21604e+07 1.76374e+07 1.18102e+07
20.6 -3.19956e+07 -2.35351e+07 4.61491e+06 1.15778e+07
20.7 -3.23408e+07 -1.41427e+07 -4.59482e+07 1.09259e+07
20.8 -3.2492e+07 -1.8389e+07 -6.45797e+07 -1.42758e+07
20.9 -2.98261e+07 -2.9027e+07 -1.9766e+07 -1.60422e+07
21 -2.9528e+07 -3.09709e+07 -7.74977e+06 -1.76295e+07
21.1 -2.91279e+07 -3.1754e+07 1.39359e+07 -1.86479e+07
21.2 -2.87531e+07 -2.65367e+07 -2.11508e+07 -1.90236e+07
21.3 -2.84458e+07 -2.59099e+07 -3.10904e+07 -1.81456e+07
21.4 -2.81694e+07 -2.55427e+07 -4.30962e+07 -1.19281e+07
21.5 -2.77574e+07 -2.55072e+07 -2.08393e+07 -1.23319e+07
21.6 -2.70876e+07 -2.68695e+07 -2.02419e+07 -1.28094e+07
21.7 -2.61432e+07 -2.66986e+07 -1.96441e+07 -1.28775e+07
21.8 1.77639e+07 -2.6048e+07 -1.89716e+07 -1.18741e+07
21.9 3.11737e+07 -9.71943e+06 -1.29937e+07 -1.17073e+07
22 2.50915e+07 3.14797e+07 3.14092e+06 -1.13549e+07
22.1 2.10005e+07 3.31375e+07 1.98471e+07 -1.06318e+07
22.2 1.86505e+07 3.3889e+07 2.39251e+07 -9.38077e+06
22.3 1.5984e+07 2.91719e+07 1.6885e+07 -7.60666e+06
22.4 2.30819e+06 2.59888e+07 1.14993e+07 1.82107e+07
22.5 5.75093e+06 2.4214e+07 1.39536e+07 3.00212e+07
22.6 1.77655e+07 -9.7158e+06 2.00081e+07 4.21987e+07
22.7 1.68119e+07 -2.27253e+07 2.20019e+07 2.74855e+07
22.8 -2.03975e+06 1.57643e+07 1.67331e+07 1.1483e+07
22.9 6.37099e+06 2.72996e+07 8.61919e+06 1.08281e+07
23 2.50595e+07 2.81428e+07 6.90485e+06 1.00643e+07
23.1 3.12117e+07 1.97861e+07 1.36222e+07 -8.71559e+06
23.2 3.16432e+07 1.42868e+07 1.326e+07 -1.49108e+07
23.3 3.16617e+07 1.2622e+07 -2.58079e+06 -1.16786e+07
23.4 2.96717e+07 1.23066e+07 -1.41533e+07 -353637
23.5 2.70969e+07 1.16426e+07 9.44895e+06 1.18027e+07
23.6 1.7023e+07 1.49143e+07 1.86321e+07 1.32867e+07
23.7 -7.66007e+06 1.68988e+07 2.27922e+07 1.04345e+07
23.8 -1.1242e+07 1.41894e+07 2.05212e+07 9.39654e+06
23.9 1.18887e+07 -3.35657e+06 1.24426e+07 8.49274e+06
24 1.61427e+07 -2.31532e+06 -1.42305e+07 3.91353e+06
24.1 -270037 4.9521e+06 -1.75819e+07 -1.0938e+07
24.2 -1.83109e+07 -9.72006e+06 -2.14224e+06 -1.29154e+07
24.3 -2.46229e+07 -1.73444e+07 -36875.6 -1.18127e+07
24.4 -2.79106e+07 -2.00898e+07 -1.58402e+07 -7.23111e+06
24.5 -2.32635e+07 -2.24223e+07 -2.16921e+07 7.61641e+06
24.6 -7.81526e+06 -2.30836e+07 -1.64714e+07 -4.00361e+06
24.7 1.95e+07 -1.54967e+07 -1.20707e+07 -1.1171e+07
24.8 2.09634e+07 1.90921e+07 1.03822e+06 -1.24832e+07
24.9 2.19649e+07 2.94292e+07 1.39597e+07 -7.17526e+06
25 2.72344e+07 2.989e+07 1.80684e+07 1.37776e+07
25.1 3.09011e+07 2.67341e+07 2.24278e+07 1.49615e+07
25.2 2.61957e+07 2.60911e+07 2.36774e+07 1.57683e+07
25.3 1.99295e+07 2.31514e+07 2.38471e+07 1.62273e+07
25.4 8.56638e+06 1.90582e+07 2.06951e+07 1.63134e+07
25.5 -1.52113e+07 1.19265e+07 1.94676e+07 1.18325e+07
25.6 -1.36482e+07 -1.81101e+07 9.41856e+06 1.15966e+07
25.7 -1.08029e+07 -2.10082e+07 -2.04842e+07 1.1085e+07
25.8 -1.60177e+07 -1.70977e+07 -2.65376e+07 -1.20411e+07
25.9 -1.71723e+07 -1.66871e+07 -1.68842e+07 -1.45933e+07
26 -1.49491e+07 -1.66736e+07 -1.3161e+07 -1.53316e+07
26.1 7.77231e+06 -1.38393e+07 -1.10469e+07 -1.57562e+07
26.2 1.83049e+07 1.23193e+07 -9.48914e+06 -1.58375e+07
26.3 2.41349e+07 1.82806e+07 5.80031e+06 -1.15051e+07
26.4 2.86958e+07 1.99879e+07 1.25986e+07 -1.04094e+07
26.5 2.93071e+07 2.08394e+07 7.34561e+06 -8.21034e+06
26.6 2.79606e+07 1.88506e+07 4.18045e+06 1.71094e+07
26.7 2.75062e+07 1.76582e+07 1.40283e+07 1.85582e+07
26.8 2.57337e+07 1.82012e+07 2.17734e+07 2.24182e+07
26.9 2.2483e+07 2.11914e+07 2.3101e+07 2.44678e+07
27 1.62586e+07 2.46654e+07 2.37414e+07 1.17796e+07
27.1 -1.73698e+07 2.27002e+07 2.39921e+07 1.15179e+07
27.2 -2.3275e+07 1.16834e+07 2.03185e+07 1.12729e+07
27.3 -2.11112e+07 -2.37861e+07 1.79055e+07 1.10169e+07
27.4 -1.65855e+07 -2.9507e+07 -1.82957e+07 1.06012e+07
27.5 -1.51214e+07 -2.38003e+07 -3.12251e+07 1.99982e+06
27.6 -1.84599e+07 -2.01556e+07 -3.19014e+07 -1.51999e+07
27.7 -2.40197e+07 -1.88483e+07 -2.03644e+07 -1.63637e+07
27.8 -2.9251e+07 -2.03937e+07 -1.34462e+07 -1.72945e+07
27.9 -3.01444e+07 -2.17612e+07 -9.26332e+06 -1.78776e+07
28 -2.97798e+07 -2.23508e+07 -1.30993e+07 -1.80791e+07
28.1 -2.86075e+07 -2.2539e+07 -1.99383e+07 -1.18563e+07
28.2 -2.46722e+07 -2.33946e+07 -2.50453e+07 -1.16287e+07
28.3 -1.96089e+07 -2.44409e+07 -2.28684e+07 -1.14152e+07
28.4 -1.68761e+07 -2.30409e+07 -1.74573e+07 -1.12019e+07
28.5 -1.6644e+07 -1.91623e+07 -1.38434e+07 -1.09219e+07
28.6 -1.60714e+07 -1.33151e+07 -1.09675e+07 -1.05201e+07
28.7 -1.79441e+06 6.01782e+06 -4.57052e+06 -9.9484e+06
28.8 2.06123e+07 1.28853e+07 7.0928e+06 -9.11589e+06
28.9 2.71403e+07 1.50245e+07 7.74956e+06 -7.93335e+06
29 3.01179e+07 1.65253e+07 4.51185e+06 1.43283e+07
29.1 3.14599e+07 1.91007e+07 1.29995e+07 1.82564e+07
29.2 3.15498e+07 2.31232e+07 2.02396e+07 1.8809e+07
29.3 2.88013e+07 2.79694e+07 2.30091e+07 1.89947e+07
29.4 2.94991e+07 2.99715e+07 2.38394e+07 1.19168e+07
29.5 2.99789e+07 3.0123e+07 2.44475e+07 1.18314e+07
29.6 2.98097e+07 2.81013e+07 2.47361e+07 1.17622e+07
29.7 2.75724e+07 2.67138e+07 2.15299e+07 1.17025e+07
29.8 2.34014e+07 2.60037e+07 2.04573e+07 1.16265e+07
29.9 2.28132e+07 2.17059e+07 1.97555e+07 1.15148e+07
30 2.62176e+07 1.76671e+07 1.86799e+07 1.13595e+07
30.1 2.9595e+07 1.65449e+07 1.71617e+07 1.11519e+07
30.2 3.01991e+07 2.00065e+07 1.10398e+07 1.08629e+07
30.3 2.76313e+07 2.23711e+07 5.61431e+06 7.25349e+06
30.4 2.25869e+07 2.10899e+07 4.81665e+06 -1.05448e+07
30.5 1.35537e+07 1.59503e+07 7.07926e+06 -1.2195e+07
30.6 -2.0088e+07 -1.0378e+07 -1.63398e+06 -656103
30.7 -3.05761e+07 -2.27075e+07 -1.54614e+07 1.0286e+07
30.8 -3.09154e+07 -2.96601e+07 -1.29315e+07 5.78533e+06
30.9 -3.13054e+07 -3.02069e+07 -1.02574e+07 -1.26e+07
31 -3.16639e+07 -2.64952e+07 -2.0786e+07 -1.30129e+07
31.1 -3.19606e+07 -2.35752e+07 -2.46611e+07 -1.32751e+07
31.2 -3.23191e+07 -2.32163e+07 -2.45748e+07 -1.34687e+07
31.3 -3.28512e+07 -2.55432e+07 -1.37199e+07 -1.3559e+07
31.4 -3.34864e+07 -2.68314e+07 -1.35712e+07 -1.17802e+07
31.5 -3.41312e+07 -2.6131e+07 -1.76698e+07 -1.13387e+07
31.6 -3.47469e+07 -2.56672e+07 -2.2201e+07 -1.07776e+07
31.7 -3.53117e+07 -2.66819e+07 -2.3675e+07 -9.75608e+06
31.8 -3.57631e+07 -2.72279e+07 -1.86035e+07 -5.84566e+06
31.9 -3.60256e+07 -2.75116e+07 -1.54065e+07 -4.24014e+06
32 -3.61652e+07 -2.76365e+07 -1.29281e+07 -6.59292e+06
32.1 -3.62881e+07 -2.67687e+07 -1.27794e+07 -7.14833e+06
32.2 -3.63568e+07 -2.65881e+07 -1.63046e+07 -7.50845e+06
32.3 -3.47746e+07 -2.63905e+07 -1.96409e+07 -8.18768e+06
32.4 -3.24353e+07 -2.50726e+07 -2.1046e+07 -9.59006e+06
32.5 -2.99416e+07 -2.42657e+07 -1.79068e+07 -1.11128e+07
32.6 -2.98175e+07 -2.36159e+07 -1.6715e+07 -1.15008e+07
32.7 -2.95061e+07 -2.28201e+07 -1.59165e+07 -9.85605e+06
32.8 -2.88736e+07 -2.20015e+07 -1.53485e+07 -7.46085e+06
32.9 -2.79667e+07 -2.12503e+07 -1.44813e+07 -5.30129e+06
33 -2.7045e+07 -2.04754e+07 -1.2904e+07 -2.18647e+06
33.1 -2.61875e+07 -1.9445e+07 -1.10212e+07 -6.39417e+06
33.2 -2.52632e+07 -1.80598e+07 -1.00706e+07 -7.33919e+06
33.3 -2.41937e+07 -1.66828e+07 -1.14171e+07 -7.02144e+06
33.4 -2.29987e+07 -1.59776e+07 -1.23448e+07 -6.01892e+06
33.5 -2.17403e+07 -1.70145e+07 -1.20855e+07 -3.50658e+06
33.6 560952 -1.47717e+07 -1.09028e+07 -5.19511e+06
33.7 4.00854e+07 5.58687e+06 -3.06007e+06 -5.65602e+06
33.8 4.07911e+07 2.56998e+07 1.18291e+07 3.14162e+06
33.9 4.13006e+07 3.12027e+07 1.70071e+07 8.83905e+06
34 4.16595e+07 3.22683e+07 2.28403e+07 1.20816e+07
34.1 4.17214e+07 3.32238e+07 2.3502e+07 1.32121e+07
34.2 2.96722e+07 3.39922e+07 2.40903e+07 1.33931e+07
34.3 2.93582e+07 3.4379e+07 2.46073e+07 1.34537e+07
34.4 2.90534e+07 3.07967e+07 2.49924e+07 1.21422e+07
34.5 2.88264e+07 2.66458e+07 2.51019e+07 1.19233e+07
34.6 2.86715e+07 2.63665e+07 2.05495e+07 1.19205e+07
34.7 2.62593e+07 2.60188e+07 1.98591e+07 1.18778e+07
34.8 2.36832e+07 2.55272e+07 1.90865e+07 1.17702e+07
34.9 2.5139e+07 2.48647e+07 1.82613e+07 9.29737e+06
35 2.57509e+07 2.40623e+07 1.73227e+07 6.55399e+06
35.1 2.36636e+07 2.2944e+07 1.46269e+07 3.94947e+06
35.2 1.83042e+07 1.16288e+07 8.34697e+06 4.56961e+06
35.3 -1.02687e+06 -1.8039e+07 -5.64023e+06 2.19262e+06
35.4 -2.02776e+07 -2.11986e+07 -2.11789e+07 -7.43984e+06
35.5 -2.8656e+07 -2.17186e+07 -2.32654e+07 -1.15517e+07
35.6 -3.05288e+07 -2.33293e+07 -1.38891e+07 -1.30313e+07
35.7 -3.05443e+07 -2.47767e+07 -1.42981e+07 -1.30502e+07
35.8 -2.97598e+07 -2.4978e+07 -1.77485e+07 -1.11467e+07
35.9 -2.96097e+07 -2.24924e+07 -2.08033e+07 -7.11391e+06
36 -2.33028e+07 -2.35816e+07 -1.80221e+07 -4.33633e+06
36.1 -1.51394e+07 -1.80513e+07 -1.47505e+07 -6.05308e+06
36.2 6.24731e+06 -1.3705e+07 -1.01566e+07 -7.08682e+06
36.3 4.19675e+06 1.52785e+07 8.09458e+06 -5.9087e+06
36.4 1.72754e+06 1.88558e+07 1.37132e+07 8.37549e+06
36.5 1.53417e+07 1.54907e+07 1.5374e+07 1.28648e+07
36.6 2.13555e+07 1.24887e+07 1.59924e+07 1.32744e+07
36.7 2.82716e+07 1.40356e+07 1.32434e+07 1.07956e+07
36.8 3.08043e+07 1.84079e+07 1.15517e+07 6.62461e+06
36.9 2.89821e+07 2.38117e+07 1.00112e+07 -5.59791e+06
37 2.35581e+07 2.62532e+07 9.21698e+06 177003
37.1 1.52754e+07 2.18582e+07 1.1716e+07 8.80561e+06
37.2 -1.69891e+07 1.22642e+07 1.43026e+07 1.13707e+07
37.3 -2.14023e+07 -2.17598e+07 1.27648e+07 1.0302e+07
37.4 -2.38513e+07 -2.78464e+07 -1.29701e+07 6.215e+06
37.5 -2.50182e+07 -2.42796e+07 -2.30928e+07 -1.19676e+07
37.6 -2.33276e+07 -2.27372e+07 -2.75955e+07 -1.31933e+07
37.7 -2.02514e+07 -2.19078e+07 -2.05563e+07 -1.36895e+07
37.8 -1.68331e+07 -2.05195e+07 -1.73166e+07 -1.40491e+07
37.9 -1.50007e+07 -1.73765e+07 -1.41001e+07 -1.41939e+07
38 -1.24712e+07 -1.2825e+07 -1.17439e+07 -1.1796e+07
38.1 -2.89714e+06 2.92695e+06 -9.07129e+06 -1.13029e+07
38.2 1.18229e+07 6.70915e+06 5.06836e+06 -1.03931e+07
38.3 1.7905e+07 8.85967e+06 7.43684e+06 -1.55619e+06
38.4 2.05836e+07 1.53551e+07 4.98049e+06 1.62489e+07
38.5 2.35284e+07 1.67831e+07 1.29712e+07 1.71201e+07
38.6 2.67475e+07 1.88558e+07 1.92185e+07 1.73415e+07
38.7 2.95065e+07 2.2907e+07 2.25696e+07 1.18524e+07
38.8 3.14476e+07 2.82249e+07 2.28527e+07 1.16938e+07
38.9 3.1665e+07 3.01294e+07 2.28687e+07 1.1536e+07
39 3.18828e+07 3.03696e+07 2.06421e+07 1.13765e+07
39.1 3.19213e+07 2.98164e+07 2.03349e+07 1.12019e+07
39.2 2.9734e+07 2.66275e+07 2.00203e+07 1.10061e+07
39.3 2.91247e+07 2.60739e+07 1.91877e+07 8.5278e+06
39.4 2.30009e+07 2.14516e+07 1.5818e+07 5.41063e+06
39.5 1.68976e+07 1.58217e+07 1.09437e+07 1.52479e+06
39.6 -5.30793e+06 295429 1.34614e+06 2.72361e+06
39.7 -2.00312e+07 -1.98378e+07 -1.68434e+07 -2.77788e+06
39.8 -2.69972e+07 -2.58264e+07 -1.88976e+07 -9.42635e+06
39.9 -3.0782e+07 -2.95142e+07 -1.95469e+07 -1.25869e+07
40 -3.08702e+07 -3.02951e+07 -2.07323e+07 -1.3686e+07
40.1 -3.0919e+07 -2.50568e+07 -2.19479e+07 -1.19163e+07
40.2 -3.09502e+07 -2.37849e+07 -1.87551e+07 -1.08891e+07
40.3 -3.10082e+07 -2.30839e+07 -1.40669e+07 -8.71901e+06
40.4 -3.11045e+07 -2.24189e+07 -1.36627e+07 -6.00986e+06
40.5 -3.1215e+07 -2.1786e+07 -1.34498e+07 -1.21044e+06
40.6 -3.13251e+07 -2.14659e+07 -1.27946e+07 -5.36692e+06
40.7 -3.14531e+07 -2.1749e+07 -1.24279e+07 -7.46181e+06
40.8 -3.16035e+07 -2.21669e+07 -1.36784e+07 -8.44971e+06
40.9 -3.17484e+07 -2.27742e+07 -1.57938e+07 -8.55976e+06
41 -3.18505e+07 -2.39068e+07 -1.77007e+07 -8.10991e+06
41.1 -3.18758e+07 -2.53833e+07 -1.83593e+07 -8.19536e+06
41.2 -2.97222e+07 -2.62733e+07 -1.63662e+07 -8.61026e+06
41.3 -2.94583e+07 -2.51027e+07 -1.64278e+07 -8.90842e+06
41.4 -2.90534e+07 -2.32061e+07 -1.68084e+07 -8.78799e+06
41.5 -2.84479e+07 -2.11954e+07 -1.64637e+07 -8.43686e+06
41.6 -2.76163e+07 -1.99402e+07 -1.53614e+07 -7.93239e+06
41.7 -1.27725e+07 -1.85866e+07 -1.34863e+07 -7.25514e+06
41.8 3.25581e+07 -1.17475e+07 -1.0979e+07 -6.27467e+06
41.9 3.47039e+07 2.37298e+07 5.1638e+06 -247610
42 3.54816e+07 3.0735e+07 1.71687e+07 8.06949e+06
42.1 3.63162e+07 3.1785e+07 2.3483e+07 1.13987e+07
42.2 3.71622e+07 3.26113e+07 2.4222e+07 1.34933e+07
42.3 3.80225e+07 3.32674e+07 2.48139e+07 1.37534e+07
42.4 3.88603e+07 3.37682e+07 2.52741e+07 1.38922e+07
42.5 3.9554e+07 3.41318e+07 2.56015e+07 1.39245e+07
42.6 4.00041e+07 3.43751e+07 2.57787e+07 1.19237e+07
42.7 4.02018e+07 3.45093e+07 2.57198e+07 1.19453e+07
42.8 3.54867e+07 3.25082e+07 2.07341e+07 1.19932e+07
42.9 2.98066e+07 2.67078e+07 2.05187e+07 1.19067e+07
43 2.96493e+07 2.64214e+07 2.02491e+07 1.18319e+07
43.1 2.94442e+07 2.60722e+07 1.98483e+07 1.1703e+07
43.2 2.92316e+07 2.56671e+07 1.9311e+07 9.3847e+06
43.3 2.90289e+07 2.52108e+07 1.85696e+07 6.78733e+06
43.4 2.88264e+07 2.47055e+07 1.75635e+07 5.67999e+06
43.5 2.86119e+07 2.41491e+07 1.63482e+07 6.85153e+06
43.6 2.84061e+07 2.35086e+07 1.08216e+07 7.94931e+06
43.7 2.8211e+07 2.19672e+07 8.07097e+06 7.54803e+06
43.8 2.79837e+07 1.26544e+07 1.20012e+07 5.87111e+06
43.9 2.76892e+07 5.70991e+06 7.81633e+06 -1.0108e+06
44 2.49011e+07 1.36656e+07 5.27677e+06 1.81617e+06
44.1 -1.5446e+07 1.35587e+07 3.89557e+06 6.16281e+06
44.2 -2.89991e+07 -1.44964e+07 3.52995e+06 2.88885e+06
44.3 -3.29436e+07 -2.26767e+07 -1.13064e+07 -5.6222e+06
44.4 -3.30185e+07 -2.91687e+07 -2.19179e+07 -8.13313e+06
44.5 -3.30753e+07 -2.97962e+07 -2.51782e+07 -1.12348e+07
44.6 -3.31267e+07 -3.0305e+07 -2.52304e+07 -1.25767e+07
44.7 -3.31832e+07 -3.06072e+07 -1.52601e+07 -1.27488e+07
44.8 -3.32475e+07 -2.75677e+07 -1.69108e+07 -1.27754e+07
44.9 -3.32905e+07 -2.66667e+07 -2.09616e+07 -1.1718e+07
45 -3.32959e+07 -2.65101e+07 -2.36233e+07 -1.14074e+07
45.1 -2.97718e+07 -2.64074e+07 -2.03724e+07 -9.76886e+06
45.2 -2.96165e+07 -2.62673e+07 -1.82409e+07 -7.62279e+06
45.3 -2.93988e+07 -2.59989e+07 -1.55472e+07 -6.41213e+06
45.4 -2.92032e+07 -2.41668e+07 -1.33318e+07 -6.08084e+06
45.5 -2.89858e+07 -1.84443e+07 -1.20411e+07 -6.52514e+06
45.6 -2.51771e+07 -1.3979e+07 -1.1096e+07 -5.99047e+06
45.7 -1.32258e+07 -1.14994e+07 -9.71717e+06 -5.5359e+06
45.8 2.21968e+07 2.06145e+06 -1.37993e+06 -3.34503e+06
45.9 2.80532e+07 1.91998e+07 1.15857e+07 6.62747e+06
46 3.01438e+07 2.55737e+07 1.52312e+07 9.10812e+06
46.1 3.10703e+07 2.99164e+07 1.93275e+07 1.00325e+07
46.2 3.18606e+07 3.10293e+07 2.33132e+07 1.06866e+07
46.3 3.26291e+07 2.68298e+07 2.38744e+07 1.16133e+07
46.4 3.26462e+07 2.66383e+07 2.13703e+07 1.24541e+07
46.5 2.95494e+07 2.64634e+07 2.03708e+07 1.18998e+07
46.6 2.86457e+07 2.54718e+07 1.76094e+07 9.38305e+06
46.7 2.81813e+07 2.32318e+07 1.4868e+07 7.96332e+06
46.8 2.78733e+07 2.01943e+07 1.26748e+07 6.37232e+06
46.9 2.695e+07 1.73564e+07 1.08649e+07 2.93017e+06
47 2.37652e+07 1.53987e+07 9.01824e+06 2.71909e+06
47.1 1.79999e+07 1.39661e+07 7.63174e+06 6.04727e+06
47.2 -2.20093e+06 9.08743e+06 7.25586e+06 5.25312e+06
47.3 -1.83765e+07 -1.22065e+07 2.28788e+06 469585
47.4 -2.26131e+07 -1.85398e+07 -1.53937e+07 -5.81932e+06
47.5 -2.6337e+07 -2.15821e+07 -1.8688e+07 -7.86661e+06
47.6 -3.04427e+07 -2.48165e+07 -1.92514e+07 -1.02391e+07
47.7 -3.06522e+07 -2.73433e+07 -1.6089e+07 -1.18872e+07
47.8 -3.07699e+07 -2.79476e+07 -1.98223e+07 -1.14887e+07
47.9 -3.08861e+07 -2.39113e+07 -2.05414e+07 -1.0208e+07
48 -3.09958e+07 -2.33503e+07 -1.45984e+07 -8.62995e+06
48.1 -3.10835e+07 -2.28703e+07 -1.38029e+07 -6.745e+06
48.2 -3.11244e+07 -2.22494e+07 -1.40933e+07 -4.81922e+06
48.3 -2.97902e+07 -2.1741e+07 -1.39818e+07 -3.95067e+06
48.4 -2.95836e+07 -2.14022e+07 -1.35785e+07 -6.87975e+06
48.5 -2.91786e+07 -2.11862e+07 -1.34121e+07 -8.17611e+06
48.6 -2.85409e+07 -2.10897e+07 -1.41245e+07 -8.65484e+06
48.7 -8.74555e+06 -1.98008e+07 -1.50924e+07 -8.08599e+06
48.8 2.87222e+07 -1.27555e+07 -1.42683e+07 -7.24252e+06
48.9 3.31275e+07 2.21348e+07 -8.35732e+06 -6.01644e+06
49 3.33458e+07 3.01774e+07 1.79802e+07 4.92803e+06
49.1 3.35638e+07 3.08493e+07 2.38094e+07 1.0479e+07
49.2 3.38345e+07 3.13101e+07 2.48439e+07 1.35644e+07
49.3 3.41578e+07 3.16197e+07 2.56163e+07 1.40595e+07
49.4 3.44924e+07 3.18022e+07 2.61392e+07 1.44238e+07
49.5 3.47988e+07 3.18803e+07 2.64111e+07 1.46577e+07
49.6 3.50675e+07 3.15677e+07 2.64375e+07 1.47622e+07
49.7 3.52092e+07 2.68388e+07 2.06511e+07 1.19262e+07
49.8 2.98254e+07 2.68041e+07 2.0172e+07 1.18631e+07
49.9 2.97467e+07 2.67012e+07 1.96216e+07 1.17453e+07
50 2.96107e+07 2.64813e+07 1.90562e+07 1.15715e+07
50.1 2.94144e+07 2.61441e+07 1.85207e+07 1.1342e+07
50.2 2.91648e+07 2.56953e+07 1.79807e+07 6.86069e+06
50.3 2.75001e+07 2.51334e+07 1.72377e+07 165568
50.4 -692385 1.94144e+07 1.60995e+07 5.61759e+06
50.5 -2.86879e+07 -7.49034e+06 1.01473e+07 8.49769e+06
50.6 -3.16541e+07 -2.92391e+07 -1.90932e+07 6.96581e+06
50.7 -3.19427e+07 -3.29256e+07 -2.81011e+07 -1.02487e+07
50.8 -3.22492e+07 -3.37544e+07 -3.13229e+07 -1.30556e+07
50.9 -3.25722e+07 -3.43134e+07 -2.19434e+07 -1.37131e+07
51 -3.29145e+07 -3.44605e+07 -1.97625e+07 -1.42614e+07
51.1 -3.32506e+07 -2.66944e+07 -2.16044e+07 -1.46342e+07
51.2 -3.35433e+07 -2.6448e+07 -2.23839e+07 -1.48396e+07
51.3 -3.37967e+07 -2.62951e+07 -2.25272e+07 -1.4897e+07
51.4 -3.4026e+07 -2.62402e+07 -2.07796e+07 -1.18668e+07
51.5 -3.42127e+07 -2.68449e+07 -1.96467e+07 -1.16897e+07
51.6 -3.43204e+07 -2.68683e+07 -1.77234e+07 -1.14295e+07
51.7 -3.09245e+07 -2.67864e+07 -1.67059e+07 -1.10678e+07
51.8 -2.96538e+07 -2.65999e+07 -1.75481e+07 -1.06099e+07
51.9 -2.92228e+07 -2.62663e+07 -1.86992e+07 -1.00951e+07
52 -2.86681e+07 -2.58216e+07 -1.93862e+07 -9.57488e+06
52.1 -2.80853e+07 -2.48513e+07 -1.82453e+07 -9.08304e+06
52.2 -2.74761e+07 -1.88787e+07 -1.65416e+07 -6.76414e+06
52.3 -2.67874e+07 -1.48511e+07 -1.28056e+07 -2.46612e+06
52.4 -2.60304e+07 -1.3253e+07 -971170 5.29168e+06
52.5 -2.52132e+07 -1.20306e+07 8.71221e+06 -72068.9
52.6 -2.42822e+07 -1.06954e+07 -9.36807e+06 -1.61225e+06
52.7 2.36641e+07 -4.15858e+06 -1.45828e+07 -5.77807e+06
52.8 3.70225e+07 1.31965e+07 -6.9951e+06 -7.10881e+06
52.9 3.75001e+07 2.1773e+07 1.43883e+07 -3.3826e+06
53 3.77825e+07 2.89024e+07 2.0535e+07 1.01838e+07
53.1 3.79148e+07 3.1719e+07 2.3083e+07 1.36088e+07
53.2 3.79319e+07 3.22512e+07 2.35039e+07 1.42354e+07
53.3 2.98219e+07 3.26067e+07 2.3875e+07 1.46254e+07
53.4 2.98043e+07 3.26743e+07 2.41989e+07 1.47779e+07
53.5 2.97542e+07 2.66791e+07 2.43886e+07 1.22433e+07
53.6 2.96576e+07 2.64004e+07 2.08345e+07 1.18851e+07
53.7 2.95331e+07 2.60914e+07 2.03768e+07 1.18073e+07
53.8 2.93863e+07 2.57294e+07 1.97359e+07 1.1681e+07
53.9 2.80908e+07 2.51658e+07 1.89789e+07 1.15032e+07
54 1.93473e+07 2.01403e+07 1.80917e+07 1.12706e+07
54.1 2.74762e+06 1.37917e+07 1.37519e+07 6.21118e+06
54.2 -1.72904e+07 -1.06808e+07 3.00069e+06 -7.10552e+06
54.3 -2.06675e+07 -2.24098e+07 -2.50657e+07 -8.25635e+06
54.4 -2.35966e+07 -2.81327e+07 -3.08285e+07 -1.01515e+07
54.5 -2.67251e+07 -3.17881e+07 -2.90554e+07 -1.34083e+07
54.6 -3.07379e+07 -3.19424e+07 -1.92378e+07 -1.36459e+07
54.7 -3.11985e+07 -2.66876e+07 -1.65819e+07 -1.37658e+07
54.8 -3.13134e+07 -2.34427e+07 -1.61509e+07 -1.18512e+07
54.9 -3.13756e+07 -2.0223e+07 -1.73837e+07 -1.1501e+07
55 -3.13907e+07 -1.94103e+07 -1.69766e+07 -1.01203e+07
55.1 -2.97483e+07 -2.19138e+07 -1.54487e+07 -4.87983e+06
55.2 -2.95453e+07 -2.39901e+07 -1.24544e+07 5.23105e+06
55.3 -2.93167e+07 -2.41396e+07 -8.3795e+06 -5.82259e+06
55.4 -2.91154e+07 -2.1168e+07 -8.05933e+06 -8.27972e+06
55.5 -2.5533e+07 -1.74776e+07 -1.41252e+07 -8.55372e+06
55.6 -2.12647e+07 -1.50841e+07 -1.74825e+07 -7.5623e+06
55.7 -1.73683e+07 -1.48489e+07 -1.47909e+07 -7.0645e+06
55.8 -1.35845e+07 -1.60319e+07 -1.19601e+07 -6.77577e+06
55.9 3.3548e+06 -1.34483e+07 -5.94849e+06 -5.81372e+06
56 1.65204e+07 1.48609e+07 5.15333e+06 3.14207e+06
56.1 2.01452e+07 2.07211e+07 1.31037e+07 7.73876e+06
56.2 2.54665e+07 2.37438e+07 1.67523e+07 8.89373e+06
56.3 3.16366e+07 2.51201e+07 1.98007e+07 9.64156e+06
56.4 3.25868e+07 2.62769e+07 2.12759e+07 1.03834e+07
56.5 3.28322e+07 2.74775e+07 1.97559e+07 1.10144e+07
56.6 3.30349e+07 2.79499e+07 1.84265e+07 1.07768e+07
56.7 3.3219e+07 2.53757e+07 1.79095e+07 9.17249e+06
56.8 3.33441e+07 2.47311e+07 1.7215e+07 8.24004e+06
56.9 3.293e+07 2.43684e+07 1.61169e+07 7.53346e+06
57 2.9781e+07 2.39173e+07 1.49883e+07 7.15148e+06
57.1 2.97134e+07 2.28648e+07 1.42533e+07 7.00512e+06
57.2 2.9628e+07 2.14005e+07 1.39851e+07 6.96527e+06
57.3 2.95147e+07 2.02607e+07 1.38921e+07 6.95453e+06
57.4 2.72111e+07 1.9843e+07 1.36743e+07 6.93125e+06
57.5 1.86394e+07 1.93303e+07 1.32649e+07 6.84482e+06
57.6 -3.67621e+06 1.59135e+07 1.25084e+07 6.6236e+06
57.7 -1.70203e+07 -5.39218e+06 9.45962e+06 6.05669e+06
57.8 -1.78455e+07 -2.0737e+07 -1.26602e+07 -1.76017e+06
57.9 -2.05758e+07 -2.47712e+07 -2.0646e+07 -8.95678e+06
58 -2.66083e+07 -2.61124e+07 -2.40347e+07 -1.268e+07
58.1 -3.09944e+07 -2.64918e+07 -2.29712e+07 -1.28969e+07
58.2 -3.11257e+07 -2.61126e+07 -1.61696e+07 -1.30238e+07
58.3 -3.12027e+07 -2.27304e+07 -1.57452e+07 -1.18964e+07
58.4 -3.12289e+07 -2.22721e+07 -1.6859e+07 -1.15839e+07
58.5 -2.97755e+07 -2.28109e+07 -1.78379e+07 -1.01037e+07
58.6 -2.96139e+07 -2.37895e+07 -1.69792e+07 -5.29125e+06
58.7 -2.93419e+07 -2.43454e+07 -1.50967e+07 2.07953e+06
58.8 -2.69491e+07 -2.32224e+07 -1.20715e+07 -6.47713e+06
58.9 -1.87086e+07 -1.9923e+07 -1.0207e+07 -8.84194e+06
59 -2.50963e+06 -1.33537e+07 -1.11083e+07 -9.21707e+06
59.1 1.80644e+07 1.60688e+07 -7.90902e+06 -6.96516e+06
59.2 2.1231e+07 1.99298e+07 1.257e+07 5.65556e+06
59.3 2.41379e+07 2.08582e+07 1.9106e+07 1.03901e+07
59.4 2.73496e+07 2.19843e+07 2.2766e+07 1.33961e+07
59.5 3.06818e+07 2.45413e+07 2.28694e+07 1.36026e+07
59.6 3.24373e+07 2.79358e+07 2.05664e+07 1.36066e+07
59.7 3.26628e+07 2.98625e+07 1.91234e+07 1.18352e+07
59.8 3.28931e+07 2.98651e+07 1.84915e+07 9.15212e+06
59.9 3.30728e+07 2.53852e+07 1.82019e+07 6.57221e+06
60 3.3139e+07 2.32146e+07 1.67653e+07 5.26366e+06
60.1 2.97927e+07 2.18199e+07 1.40163e+07 6.39728e+06
60.2 2.96999e+07 2.07998e+07 1.14918e+07 7.31962e+06
60.3 2.95334e+07 1.98406e+07 1.07237e+07 7.40241e+06
60.4 1.96113e+07 1.86896e+07 1.39607e+07 6.47888e+06
60.5 -1.67659e+07 1.43901e+07 1.38011e+07 5.58053e+06
60.6 -2.49378e+07 -1.59797e+07 8.39639e+06 4.62829e+06
60.7 -3.08578e+07 -2.39358e+07 -1.81693e+07 -1.92137e+06
60.8 -3.10152e+07 -3.00855e+07 -2.68039e+07 -9.47706e+06
60.9 -3.12049e+07 -3.0995e+07 -2.8053e+07 -1.26937e+07
61 -3.1394e+07 -3.13426e+07 -2.08308e+07 -1.3077e+07
61.1 -3.15625e+07 -3.13733e+07 -2.0604e+07 -1.33706e+07
61.2 -3.17211e+07 -2.66437e+07 -2.03754e+07 -1.35337e+07
61.3 -3.18759e+07 -2.63421e+07 -2.03024e+07 -1.35654e+07
61.4 -3.20061e+07 -2.54464e+07 -1.98647e+07 -1.18047e+07
61.5 -3.2083e+07 -2.29428e+07 -1.87372e+07 -1.15399e+07
61.6 -3.20945e+07 -2.19158e+07 -1.69172e+07 -1.1158e+07
61.7 -2.97662e+07 -2.31808e+07 -1.51364e+07 -1.06407e+07
61.8 -2.96383e+07 -2.33093e+07 -1.42561e+07 -8.29929e+06
61.9 -2.94712e+07 -2.26508e+07 -1.36595e+07 2.35537e+06
62 -2.92213e+07 -2.13252e+07 -1.15476e+07 5.98292e+06
62.1 -2.88335e+07 -1.93855e+07 -7.3545e+06 -8.11433e+06
62.2 -2.82497e+07 -1.71063e+07 -7.33985e+06 -1.10024e+07
62.3 -2.74358e+07 -1.58063e+07 -1.40895e+07 -9.80942e+06
62.4 -1.29163e+07 -1.67825e+07 -1.75251e+07 -7.15738e+06
62.5 3.15303e+07 -1.36714e+07 -1.47523e+07 -4.60605e+06
62.6 3.4587e+07 1.81538e+07 -6.03148e+06 -2.2062e+06
62.7 3.48609e+07 2.91515e+07 1.84496e+07 2.24738e+06
62.8 3.50518e+07 3.0008e+07 2.37641e+07 9.37638e+06
62.9 3.5193e+07 3.07354e+07 2.4581e+07 1.36454e+07
63 3.52847e+07 3.13598e+07 2.51418e+07 1.41429e+07
63.1 3.53415e+07 3.18694e+07 2.54948e+07 1.44888e+07
63.2 3.53756e+07 3.22528e+07 2.56587e+07 1.46804e+07
63.3 3.52272e+07 3.24975e+07 2.54792e+07 1.47177e+07
63.4 2.98095e+07 3.25135e+07 2.07827e+07 1.18897e+07
63.5 2.97601e+07 2.66278e+07 2.06234e+07 1.17927e+07
63.6 2.96742e+07 2.62286e+07 2.03787e+07 1.16525e+07
63.7 2.95473e+07 2.57843e+07 1.99608e+07 1.1472e+07
63.8 2.93871e+07 2.53075e+07 1.93519e+07 8.64226e+06
63.9 2.48435e+07 2.47738e+07 1.8471e+07 5.80821e+06
64 1.56668e+07 2.40588e+07 1.72554e+07 4.62464e+06
64.1 -1.33758e+07 1.3916e+07 1.34331e+07 6.98391e+06
64.2 -1.79594e+07 -2.34862e+07 -496607 7.3287e+06
64.3 -2.0393e+07 -3.30317e+07 -2.66038e+07 -5.42903e+06
64.4 -2.54764e+07 -3.33439e+07 -3.17719e+07 -1.25461e+07
64.5 -3.1055e+07 -3.27466e+07 -3.20615e+07 -1.3106e+07
64.6 -3.11614e+07 -2.67451e+07 -2.06176e+07 -1.36824e+07
64.7 -3.12176e+07 -2.65575e+07 -1.79283e+07 -1.41386e+07
64.8 -3.12225e+07 -2.45515e+07 -1.53594e+07 -1.43777e+07
64.9 -2.97537e+07 -2.12754e+07 -1.51126e+07 -1.3657e+07
65 -2.96323e+07 -1.91034e+07 -1.73078e+07 -1.16483e+07
65.1 -2.94476e+07 -2.02674e+07 -1.76887e+07 -1.11871e+07
65.2 -2.61313e+07 -2.21108e+07 -1.64211e+07 -1.06237e+07
65.3 -2.11603e+07 -2.32786e+07 -1.55722e+07 -9.97436e+06
65.4 -1.75438e+07 -2.13933e+07 -1.51508e+07 -9.25643e+06
65.5 -1.56508e+07 -1.71137e+07 -1.38889e+07 2.54656e+06
65.6 -1.41844e+07 -9.11944e+06 -7.43092e+06 1.01483e+07
65.7 1.25892e+06 1.20937e+07 1.44308e+07 -2.74921e+06
65.8 1.92679e+07 1.67448e+07 1.70261e+07 -1.23143e+06
65.9 2.50952e+07 1.87657e+07 1.27415e+07 9.4405e+06
66 2.90358e+07 2.07615e+07 1.03759e+07 1.29822e+07
66.1 3.14724e+07 2.22871e+07 1.28952e+07 1.15747e+07
66.2 3.21227e+07 2.36151e+07 1.64461e+07 8.23011e+06
66.3 3.21635e+07 2.51633e+07 1.94253e+07 3.68877e+06
66.4 2.98433e+07 2.66236e+07 1.97043e+07 4.10592e+06
66.5 2.97864e+07 2.68773e+07 1.66107e+07 8.59307e+06
66.6 2.77347e+07 2.27351e+07 1.46412e+07 1.15164e+07
66.7 2.41542e+07 2.00276e+07 1.43425e+07 1.19574e+07
66.8 2.02612e+07 1.71258e+07 1.57385e+07 9.18151e+06
66.9 1.64932e+07 1.47088e+07 1.45243e+07 6.29403e+06
67 6.36818e+06 1.2221e+07 1.0374e+07 -235228
67.1 -7.82749e+06 -6.54332e+06 -8.094e+06 -1.28981e+06
67.2 -1.62863e+07 -1.78221e+07 -1.59171e+07 -4.91885e+06
67.3 -1.87737e+07 -2.09242e+07 -1.61902e+07 -8.14449e+06
67.4 -2.11744e+07 -2.15518e+07 -1.18665e+07 -9.87705e+06
67.5 -2.29067e+07 -1.75051e+07 -1.27728e+07 -9.1704e+06
67.6 -2.31501e+07 -1.57718e+07 -1.41356e+07 -7.43075e+06
67.7 -2.09039e+07 -1.54202e+07 -1.31575e+07 -5.12742e+06
67.8 -1.78077e+07 -1.61605e+07 -1.11323e+07 -1.46094e+06
67.9 -1.45847e+07 -1.52348e+07 -4.24591e+06 -4.63068e+06
68 -4.53463e+06 -6.32145e+06 -3.21397e+06 -4.15725e+06
68.1 1.61539e+06 1.00685e+07 -3.20597e+06 753527
68.2 1.08873e+07 8.83929e+06 8.1795e+06 3.76758e+06
68.3 1.6096e+07 6.73175e+06 1.24916e+07 5.63861e+06
68.4 1.51877e+07 1.42488e+07 1.06388e+07 6.51078e+06
68.5 1.50016e+07 1.60763e+07 6.66442e+06 5.74108e+06
68.6 1.64682e+07 1.50256e+07 8.63565e+06 1.50317e+06
68.7 1.91448e+07 1.26833e+07 1.046e+07 2.57792e+06
68.8 2.12687e+07 9.14634e+06 7.26504e+06 6.46423e+06
68.9 2.1404e+07 1.4082e+07 6.27327e+06 6.279e+06
69 1.96428e+07 1.59926e+07 1.07146e+07 2.39875e+06
69.1 1.78034e+07 1.70664e+07 1.14883e+07 2.52646e+06
69.2 1.61519e+07 1.62698e+07 1.123e+07 6.76431e+06
69.3 1.39486e+07 1.43443e+07 1.09621e+07 7.84117e+06
69.4 4.1351e+06 6.05619e+06 1.01018e+07 7.20242e+06
69.5 -6.25369e+06 -5.00419e+06 -156901 3.05764e+06
69.6 -1.53999e+07 -1.24949e+07 -1.2243e+07 -7.33524e+06
69.7 -1.7706e+07 -1.55677e+07 -1.38347e+07 -9.6991e+06
69.8 -2.02431e+07 -1.72962e+07 -1.42374e+07 -1.03277e+07
69.9 -2.20692e+07 -1.87752e+07 -1.36722e+07 -8.63978e+06
70 -2.23208e+07 -1.95127e+07 -1.27308e+07 -6.34749e+06
70.1 -2.05133e+07 -1.75987e+07 -1.14568e+07 -1.33198e+06
70.2 -1.7952e+07 -1.60605e+07 -1.03937e+07 -3.13829e+06
70.3 -1.45303e+07 -1.32445e+07 -6.02991e+06 -6.48016e+06
70.4 4.87527e+06 3.13896e+06 -4.62819e+06 -5.97637e+06
70.5 1.62599e+07 1.37087e+07 3.35617e+06 3.46823e+06
70.6 1.74449e+07 1.45125e+07 1.29628e+07 7.40882e+06
70.7 1.64037e+07 1.45666e+07 1.56552e+07 8.26807e+06
70.8 1.48858e+07 1.52303e+07 1.57719e+07 8.63737e+06
70.9 6.01752e+06 1.47084e+07 1.21702e+07 7.7616e+06
71 2.18366e+06 6.35667e+06 7.1867e+06 6.42941e+06
71.1 -3.98031e+06 -9.1247e+06 -8.35442e+06 -4.00582e+06
71.2 -1.65091e+07 -1.52787e+07 -1.44183e+07 -8.39167e+06
71.3 -1.99697e+07 -1.69399e+07 -1.48168e+07 -1.00482e+07
71.4 -2.14749e+07 -1.83765e+07 -1.17147e+07 -9.52161e+06
71.5 -2.47236e+07 -1.92565e+07 -1.44913e+07 -7.70989e+06
71.6 -2.8994e+07 -2.0138e+07 -1.41476e+07 -5.50707e+06
71.7 -3.02824e+07 -2.13722e+07 -1.09268e+07 -1.10832e+06
71.8 -3.0289e+07 -2.22271e+07 -1.08093e+07 -5.86329e+06
71.9 -2.89241e+07 -2.16243e+07 -1.2586e+07 -7.1283e+06
72 -2.37432e+07 -1.99584e+07 -1.53578e+07 -7.83799e+06
72.1 -1.6844e+07 -1.87539e+07 -1.69611e+07 -8.34059e+06
72.2 573434 -1.55331e+07 -1.44373e+07 -8.60909e+06
72.3 1.40893e+07 3.00942e+06 -1.10465e+07 -7.84228e+06
72.4 1.68874e+07 1.82249e+07 1.19039e+07 -2.07547e+06
72.5 1.91554e+07 2.15937e+07 1.72786e+07 1.03809e+07
72.6 2.24523e+07 2.28033e+07 2.07959e+07 1.35994e+07
72.7 2.55475e+07 2.31251e+07 2.23621e+07 1.39714e+07
72.8 2.79209e+07 2.35522e+07 1.97566e+07 1.40636e+07
72.9 2.99638e+07 2.41649e+07 1.81527e+07 1.18511e+07
73 3.10291e+07 2.46241e+07 1.66955e+07 1.16629e+07
73.1 2.84979e+07 2.35527e+07 1.58546e+07 7.92195e+06
73.2 2.57774e+07 2.14966e+07 1.4513e+07 -518659
73.3 2.05693e+07 1.94166e+07 1.12728e+07 -636775
73.4 1.23258e+07 1.51991e+07 7.48544e+06 7.66955e+06
73.5 -1.49673e+07 -6.49651e+06 -793254 8.47573e+06
73.6 -1.84208e+07 -1.95581e+07 -5.83428e+06 333322
73.7 -2.08793e+07 -2.23777e+07 -1.51818e+07 -1.00606e+07
73.8 -2.23336e+07 -2.06314e+07 -1.82596e+07 -1.26255e+07
73.9 -2.30059e+07 -1.93203e+07 -1.99244e+07 -1.2725e+07
74 -2.35695e+07 -1.95102e+07 -1.57145e+07 -1.18798e+07
74.1 -2.26184e+07 -1.97624e+07 -1.35251e+07 -1.14109e+07
74.2 -2.07111e+07 -1.90917e+07 -1.35994e+07 -6.4205e+06
74.3 -1.79428e+07 -1.7262e+07 -1.26005e+07 4.88549e+06
74.4 -1.5122e+07 -1.40885e+07 -7.13659e+06 -1.27219e+06
74.5 -3.601e+06 1.70098e+06 5.41411e+06 -6.98505e+06
74.6 1.28697e+07 1.51018e+07 4.22283e+06 -1.93304e+06
74.7 1.80581e+07 1.51109e+07 5.94063e+06 8.44973e+06
74.8 1.87357e+07 9.89167e+06 1.1998e+07 1.00721e+07
74.9 1.54671e+07 1.26533e+07 1.3906e+07 8.28214e+06
75 665512 1.41778e+07 1.31575e+07 6.36483e+06
75.1 -5.43415e+06 6.61211e+06 9.84808e+06 1.51075e+06
75.2 -4.23882e+06 -1.26113e+07 -1.13001e+07 -2.31574e+06
75.3 -1.14638e+07 -1.60614e+07 -1.61534e+07 -6.91076e+06
75.4 -1.72802e+07 -1.66125e+07 -1.59625e+07 -8.93539e+06
75.5 -2.05391e+07 -1.66299e+07 -1.12556e+07 -1.00159e+07
75.6 -2.31181e+07 -1.56971e+07 -1.0291e+07 -8.37626e+06
75.7 -2.42812e+07 -1.6838e+07 -1.06713e+07 -5.43715e+06
75.8 -2.35446e+07 -1.74112e+07 -1.05718e+07 3.57648e+06
75.9 -2.1456e+07 -1.74478e+07 -7.62193e+06 -3.71732e+06
76 -1.82179e+07 -1.51456e+07 -8.66321e+06 -7.68484e+06
76.1 -1.40225e+07 -1.25247e+07 -1.18847e+07 -8.20877e+06
76.2 5.22763e+06 -2.27643e+06 -1.18021e+07 -6.99431e+06
76.3 1.4877e+07 6.25796e+06 91012 -2.00485e+06
76.4 1.3751e+07 1.43359e+07 1.31667e+07 7.45455e+06
76.5 1.23608e+07 1.55675e+07 1.61789e+07 9.68968e+06
76.6 1.50143e+07 1.61145e+07 1.68462e+07 1.0705e+07
76.7 1.60631e+07 1.61658e+07 1.40321e+07 9.23115e+06
76.8 1.68833e+07 1.46942e+07 1.124e+07 7.46915e+06
76.9 1.69257e+07 1.36353e+07 7.63349e+06 2.38489e+06
77 1.55171e+07 7.30328e+06 -1.33714e+06 -4.91953e+06
77.1 2.34732e+06 -1.20489e+06 -3.44034e+06 -2.4142e+06
77.2 -1.51759e+07 -7.97203e+06 -202065 2.34802e+06
77.3 -1.69615e+07 -1.23041e+07 -5.42915e+06 398302
77.4 -1.70374e+07 -1.40846e+07 -1.08197e+07 -6.3763e+06
77.5 -1.58553e+07 -1.43183e+07 -1.32941e+07 -7.8123e+06
77.6 -1.25918e+07 -1.30762e+07 -9.32553e+06 -8.08923e+06
77.7 -5.53785e+06 -7.86577e+06 -7.83303e+06 -6.38615e+06
77.8 -657177 -429128 -3.12642e+06 2.02421e+06
77.9 3.99353e+06 5.31201e+06 7.28266e+06 6.22259e+06
78 9.99266e+06 1.03329e+07 1.14862e+07 3.81165e+06
78.1 1.54614e+07 1.41128e+07 9.99528e+06 3.99859e+06
78.2 1.61969e+07 1.35115e+07 4.98782e+06 5.20187e+06
78.3 1.54902e+07 9.22768e+06 6.98523e+06 2.98043e+06
78.4 9.67043e+06 7.08968e+06 7.67218e+06 1.49276e+06
78.5 -281119 5.72206e+06 2.85523e+06 3.12256e+06
78.6 -4.41792e+06 -2.22492e+06 -1.07809e+06 1.74103e+06
78.7 -5.4962e+06 -9.95621e+06 -4.16855e+06 -3.55464e+06
78.8 -8.91562e+06 -8.70224e+06 -9.28746e+06 -6.17327e+06
78.9 -1.16365e+07 -7.28467e+06 -9.86658e+06 -5.2965e+06
79 -9.87077e+06 -9.69091e+06 -3.50201e+06 -1.99122e+06
79.1 -6.23601e+06 -6.9447e+06 -1.22743e+06 697460
79.2 -1.74273e+06 1.04063e+06 -2.19486e+06 36873.5
79.3 4.87718e+06 4.60022e+06 769256 -1.69091e+06
79.4 1.02394e+07 4.77873e+06 5.05162e+06 775837
79.5 1.00656e+07 8.25681e+06 6.3122e+06 5.67493e+06
