0.1 0.0711139 0.0347657 0.0178357 0.0101884 0.00724559
0.2 0.067811 0.0827353 0.0667619 0.0502054 0.0411669
0.3 0.065584 0.0767351 0.0999439 0.107638 0.107697
0.4 0.058327 0.0728205 0.0952956 0.128222 0.149282
0.5 0.0524363 0.0822635 0.0921709 0.097677 0.10501
0.6 0.118768 0.0841208 0.075975 0.0570464 0.0379102
0.7 0.0648531 0.0756094 0.0469041 0.0355788 0.0324766
0.8 0.202142 0.105114 0.0812968 0.0687204 0.0701204
0.9 -0.110194 0.0726744 0.11609 0.124667 0.115455
1 -0.107719 -0.116715 -0.00917108 0.0684329 0.108753
1.1 0.224874 0.0245098 -0.0855543 -0.0831248 -0.0541843
1.2 0.674405 0.509224 0.242738 0.00513235 -0.125929
1.3 0.389783 0.559643 0.597594 0.490837 0.382648
1.4 -0.967714 -0.280193 0.27367 0.721182 0.968731
1.5 -0.319018 -0.681683 -0.401746 0.0346912 0.339884
1.6 0.131028 -0.0202295 -0.507598 -0.861091 -1.0956
1.7 -0.143465 -0.087018 -0.40958 -0.911745 -1.17601
1.8 -1.2305 -0.812119 -0.653918 -0.65923 -0.722559
1.9 -0.858043 -1.3515 -1.13374 -0.581197 -0.240488
2 1.21319 -0.174834 -0.552339 -0.720418 -0.654427
2.1 0.425978 1.20672 0.695818 -0.166174 -0.784497
2.2 -0.832729 0.53772 0.852167 0.778949 0.576496
2.3 0.338267 -0.907402 0.103903 0.921647 1.43016
2.4 -1.09857 -0.222769 -0.736888 0.381764 1.29597
2.5 -0.301488 -0.117516 0.164064 -0.274156 -0.447268
2.6 0.73858 0.230969 0.396544 -0.749877 -1.56154
2.7 0.655443 0.358618 -0.854204 -0.564637 -1.00662
2.8 -0.499427 -0.602059 -0.331574 -0.342894 0.0681169
2.9 -0.486054 -0.604155 0.151568 -0.177126 0.372071
3 -0.608116 0.0857819 -0.474369 0.512529 -0.0156573
3.1 0.115294 -0.17952 0.10374 -0.181534 -0.00753715
3.2 1.0672 0.362984 0.350628 -0.320854 -0.0356654
3.3 -1.16367 0.525548 -0.0447052 0.436689 -0.168281
3.4 0.187076 -1.01604 0.0401067 0.153454 0.236724
3.5 0.0224882 -0.162568 -0.426992 -0.394358 0.371854
3.6 0.552019 0.9888 -0.162856 -0.0738727 -0.330434
3.7 -1.53358 -0.63563 0.786489 0.0413196 -0.570512
3.8 -0.258406 -1.04341 -0.806322 -0.0249788 -0.108214
3.9 -0.623201 -0.610402 -1.82067 -1.06876 0.107986
4 0.389775 -0.415681 -0.0444474 -1.3122 -1.17441
4.1 -0.359287 0.350315 0.363092 -0.1791 -1.85115
4.2 -0.996495 -0.447681 -0.788151 -0.0498897 -0.23284
4.3 0.671476 -1.16226 -0.474197 -0.500851 0.600523
4.4 0.903668 0.94174 -0.173296 -0.168623 0.489673
4.5 0.491187 1.44306 1.4568 1.02084 -0.265371
4.6 0.080543 0.654417 1.36361 1.2955 0.569147
4.7 0.577279 0.0792075 0.50324 0.75482 1.9955
4.8 -1.36675 -0.280376 -0.55618 0.733127 1.85115
4.9 0.857291 -0.17482 0.312282 0.196398 -0.0754429
5 0.597314 0.491031 0.786673 0.07705 -1.013
5.1 0.361223 1.54713 0.0651387 -0.472628 -0.774615
5.2 -0.224689 -0.568772 -0.064023 -0.167434 -0.00872265
5.3 0.666795 -1.30691 -0.55428 0.0435847 0.498022
5.4 -1.1164 0.676159 -0.605897 -0.117951 0.227109
5.5 -0.653049 -0.275879 0.515076 -0.233698 -0.44375
5.6 0.355181 -0.830187 -0.031379 -0.126619 -0.545461
5.7 0.789097 0.755108 -1.15694 -0.276729 -0.233598
5.8 0.210204 0.160717 0.718351 -0.470629 -0.133183
5.9 0.00497175 0.115912 0.708044 0.417702 -0.085777
6 0.765378 0.557408 -0.038579 0.74546 0.474887
6.1 -0.173264 0.636806 0.317968 0.731535 0.975204
6.2 1.04754 0.068867 1.404 0.341823 1.3795
6.3 -1.33976 0.645388 0.165768 1.52239 0.43186
6.4 -1.54277 -0.685991 -0.096946 -0.15919 0.329906
6.5 1.09339 -2.03624 -0.997583 -0.794036 0.0735313
6.6 1.88059 1.58598 -1.0501 -1.3197 -0.817382
6.7 0.249698 1.81494 1.34061 -0.384767 -1.87437
6.8 -0.535385 -0.196195 0.887645 1.10419 -0.930491
6.9 -0.00296802 -1.3338 -0.222876 0.798179 0.741362
7 -0.762251 0.0382578 -1.16798 -0.45607 2.00063
7.1 1.41543 0.41151 0.305252 -0.671608 1.08519
7.2 -0.394663 0.611292 0.914664 0.607815 0.00119419
7.3 -0.389651 0.210793 0.859235 1.85728 -0.980795
7.4 -0.996793 -0.358032 -0.00767376 0.264211 -0.0657664
7.5 1.50007 -0.483088 -0.572223 -1.27241 0.716571
7.6 -0.132887 0.479101 -1.00067 -1.15221 0.39073
7.7 -0.181452 -0.00217697 0.023774 0.194364 -0.616109
7.8 0.612749 -0.439938 0.912893 0.932313 -1.33693
7.9 1.29533 1.23213 0.353479 0.0134247 -0.103689
8 -1.70017 1.13913 0.263557 -0.193028 0.755296
8.1 1.00439 -1.39913 0.266085 0.45536 0.985922
8.2 -0.146742 -0.56508 -0.728378 0.99445 0.962956
8.3 0.01919 1.19853 0.301794 -0.207286 0.400317
8.4 -0.189506 0.443958 1.2326 -0.580223 0.0457149
8.5 0.342086 -0.285654 -0.128504 1.20603 -0.663271
8.6 0.645056 -0.106521 -0.322362 0.507783 -0.230297
8.7 1.07992 1.1305 0.47215 -1.11034 0.550352
8.8 -0.40836 0.494081 0.503595 0.0171228 0.358645
8.9 -0.507368 -0.55034 -0.0921834 1.24138 -0.00567329
9 0.430645 -0.467361 0.0488914 0.485835 0.336323
9.1 -0.796517 0.318196 0.125673 -0.523222 0.501826
9.2 -0.788848 -0.12443 -0.32263 -0.606305 0.139537
9.3 0.99132 -1.1564 -0.692184 0.0812863 -0.617331
9.4 0.38442 0.799296 -0.394624 -0.363897 -0.779814
9.5 -2.5962 -0.0894409 0.675388 -0.87577 -0.959586
9.6 2.2975 -1.52578 -1.14064 -0.0278821 -0.406676
9.7 -0.681598 0.935488 -0.923534 -0.254141 -0.167399
9.8 -3.55881 -0.929319 0.819686 -1.05353 -0.207226
9.9 0.432336 -2.74716 -1.08833 -0.0991094 -0.48309
10 1.85031 0.802141 -2.70188 -0.443689 -0.482522
10.1 -1.2536 1.0815 1.558 -2.10922 -0.693765
10.2 0.903572 -0.00987875 0.579641 1.12629 -1.56963
10.3 -2.07163 -1.04124 -0.050325 0.67486 -0.166839
10.4 -0.257599 -0.575714 -1.2505 -0.258628 0.837026
10.5 3.45575 0.223447 -0.335565 -1.61396 1.58241
10.6 0.579265 2.40219 0.866222 0.604326 0.230017
10.7 0.392653 0.881712 2.55459 2.79557 -0.776227
10.8 -2.02593 0.444076 1.50981 2.28326 0.646969
10.9 2.4564 -0.373809 -0.119307 0.0803077 2.01305
11 -0.82731 0.446606 -0.223483 -1.0304 1.93476
11.1 0.689556 0.527955 -0.223034 0.391823 0.346719
11.2 -4.13172 -0.576955 0.257988 0.0807814 0.105332
11.3 -1.36468 -3.84117 -0.455584 -0.0100954 -0.335161
11.4 2.03741 -0.703452 -3.15288 -0.432077 -1.39248
11.5 0.996809 2.17283 -0.900467 -1.90675 -1.75893
11.6 1.49455 0.525932 2.31964 -1.47257 -1.79028
11.7 2.68743 1.46756 0.226805 0.435551 -0.717721
11.8 -3.3094 1.65055 0.619968 -0.168791 0.0306435
11.9 -4.33347 -2.70118 1.00655 -0.335715 0.44958
12 0.865733 -4.78234 -3.60932 2.33908 0.533816
12.1 0.643964 -0.606824 -1.99367 -0.803877 0.628885
12.2 -1.76533 2.52514 -1.61859 -2.24238 0.561921
12.3 0.800026 -0.33697 2.76806 -3.27545 -0.352885
12.4 -0.273369 -0.959042 0.208094 1.29511 -2.08633
12.5 7.00628 1.42576 -0.426687 1.60947 -1.72941
12.6 2.91332 5.42597 0.798745 0.479337 0.149346
12.7 -0.697581 0.675847 4.84675 0.887966 0.286474
12.8 -4.00031 0.477361 1.01508 3.33269 0.818124
12.9 -1.7136 -2.71578 0.143998 1.35379 2.15145
13 2.68035 0.053978 -2.43944 1.24966 2.04303
13.1 0.18477 0.550317 0.296177 -1.27905 2.00361
13.2 4.72513 2.51389 1.20691 -1.26055 2.03319
13.3 -11.6507 -0.726017 1.8944 0.541104 0.204187
13.4 -4.51378 -1.26473 -1.10305 0.608935 -0.399463
13.5 11.7254 -5.79088 -1.79779 1.36797 -0.175974
13.6 -2.72342 1.04954 -2.44597 0.0654946 0.114027
13.7 -4.01857 3.11347 -2.20418 -2.31416 -0.134898
13.8 3.68031 -1.26595 2.67139 -3.27618 -0.734193
13.9 1.23639 -1.14692 1.81146 -0.857928 -1.73412
14 -7.627 1.21489 -2.85826 1.13241 -2.21342
14.1 3.24404 -1.84459 -2.54168 0.760377 -2.2122
14.2 1.34728 -3.07044 1.29699 -2.59704 -0.484025
14.3 7.74446 3.72693 -0.650774 -2.48918 -0.207853
14.4 -7.32025 2.33847 0.14809 1.60484 -1.55971
14.5 2.00834 0.200153 1.92834 0.238607 -0.456577
14.6 -3.94979 -1.97711 2.14994 0.0463225 -0.2169
14.7 -0.966379 -2.01845 -1.11037 1.67765 -0.323094
14.8 1.58397 -0.387535 -3.44742 2.12634 -0.21111
14.9 -3.83247 -0.316437 -1.38483 -1.2419 0.768551
15 -2.20026 -2.31395 0.246633 -2.62044 0.750036
15.1 4.06624 -2.30983 -0.882301 -2.82709 0.944406
15.2 6.5043 3.66568 -2.54613 -1.56662 0.53809
15.3 -0.277624 2.36001 0.836916 -0.474608 0.563172
15.4 -5.25638 0.223343 2.81642 0.495346 -0.678326
15.5 -6.21951 -2.8073 3.18289 2.1696 -2.12415
15.6 -3.97954 -2.52578 -1.89646 3.39461 -2.35816
15.7 -1.10412 -2.7164 -4.03359 0.400949 -0.881101
15.8 6.19549 -0.595869 -3.4056 -2.19266 0.102742
15.9 -2.52136 -0.436208 -0.919661 -4.41874 0.563722
16 -3.43485 -0.984158 -0.672106 -4.08235 0.088389
16.1 1.45121 -0.96276 -0.780932 -2.73982 -1.05734
16.2 -1.12357 -1.45691 -2.60381 0.449463 -1.52404
16.3 2.61962 -0.0981475 0.0914902 1.01202 -2.10656
16.4 0.648576 0.141432 1.95677 -0.681363 -1.8619
16.5 -1.99184 0.806112 0.0260535 0.467561 -1.78395
16.6 -3.69705 0.682211 -1.0362 -0.421733 -0.416574
16.7 -5.21336 -1.26318 -0.527958 -0.704546 -0.656516
16.8 6.18524 -4.01337 -0.503565 -0.645672 -0.557617
16.9 5.6163 1.95952 -1.72542 -0.357539 -0.112039
17 -2.78341 1.09056 0.0573022 -0.84093 0.00540172
17.1 2.30791 0.282622 0.906757 -0.815603 -0.00305817
17.2 -3.0962 0.209085 0.237062 0.046116 -0.138184
17.3 3.42529 0.0386574 0.585808 0.13681 -0.122708
17.4 -4.4895 0.988107 1.00182 0.183851 -0.140678
17.5 -0.915601 -0.0764464 1.24718 0.120034 -0.298504
17.6 3.0803 -0.761895 -1.17602 1.75068 -0.182252
17.7 1.64611 0.593912 -1.36685 2.46776 0.0443729
17.8 2.13113 0.758776 1.05353 -0.0433543 1.20094
17.9 1.12036 1.7492 2.58399 -1.01915 1.30457
18 1.16771 2.57787 1.87888 0.315212 1.56762
18.1 0.291534 0.655237 1.44804 2.24042 1.77326
18.2 -3.05296 0.50001 1.00111 2.03445 1.81931
18.3 2.36798 -0.190208 0.596649 1.58748 1.96959
18.4 0.754689 1.25984 -0.300538 1.50292 2.02591
18.5 0.462491 0.911449 1.77537 0.412358 1.83011
18.6 3.39771 1.09453 1.7232 1.78271 0.512117
18.7 3.83597 2.23474 0.798086 1.93894 0.755092
18.8 -0.295311 1.36334 2.15804 0.239012 2.05713
18.9 -2.96246 0.687706 0.824135 1.90724 1.59129
19 -3.86986 -1.25439 -0.418292 1.33687 0.544917
19.1 -0.27891 -0.207045 -0.134519 -0.640693 0.547096
19.2 1.78608 -0.143797 -0.122748 -0.0885967 0.0540536
19.3 2.77162 0.163479 -0.122617 0.0342723 0.188564
19.4 0.624722 0.534893 -0.232347 0.107588 0.27404
19.5 2.02978 0.902607 -0.0825753 0.145447 0.327261
19.6 0.868979 0.512884 1.13666 -0.32404 0.380665
19.7 -4.31307 0.352571 1.55381 -0.91991 0.213187
19.8 -4.14428 0.0775465 -0.390531 0.13169 -0.117127
19.9 -1.78165 -0.164958 -0.966452 1.08857 -1.21085
20 -2.09278 -2.7706 -0.930909 0.743483 -1.34148
20.1 5.72573 -1.45229 -0.785594 -0.892159 -0.771669
20.2 -2.19628 -1.77275 -0.828848 -1.86287 0.0827343
20.3 1.03079 0.0244216 -2.80985 -1.60378 -0.224687
20.4 -0.486433 0.122198 -2.81548 -0.948911 -0.853423
20.5 1.60393 -1.75037 1.67673 -2.04826 -0.817297
20.6 -1.13325 0.295957 1.64886 -2.18182 -0.828379
20.7 -3.48005 1.86709 -2.44912 0.0093555 -1.02288
20.8 0.705799 -1.10531 -0.377126 1.03214 -2.12466
20.9 1.4831 -3.89389 -0.0459812 0.923619 -1.9769
21 -1.92819 0.638173 -0.5241 -0.850341 -0.419306
21.1 -2.63271 2.09461 -1.44277 -2.03588 -0.516988
21.2 -2.00328 -3.53994 0.646069 -2.20841 -0.628206
21.3 -3.44001 -1.49865 -3.14932 -0.550196 -0.87252
21.4 0.461215 -1.13718 -3.16303 -0.776174 -0.989326
21.5 -0.813232 -2.8194 1.04425 -2.90141 -1.03971
21.6 -0.519283 -0.578237 -1.58136 -1.15594 -2.2018
21.7 0.377348 -0.545082 -2.56415 -0.00326672 -2.06241
21.8 0.295091 -1.20732 -0.00764572 -1.90083 -1.47935
21.9 1.0051 1.13393 0.491064 -1.6697 -0.657897
22 1.99621 0.056647 -0.0921174 0.700386 -0.896795
22.1 0.145916 0.128289 -0.0245299 0.0744043 -0.0661643
22.2 0.338886 0.139489 0.0040721 0.114788 -0.0326292
22.3 -1.12416 0.0951419 0.0022011 0.105642 -0.0409898
22.4 2.68765 0.125362 0.0872908 0.168983 0.0300622
22.5 -0.608704 0.140848 0.229453 0.241047 0.115159
22.6 0.645888 -0.0825531 0.473265 0.240848 0.129433
22.7 -0.0193097 -0.110871 0.379326 0.441388 0.164144
22.8 -2.79787 1.63197 -0.157185 0.870663 0.0885119
22.9 -0.0178835 0.545001 0.581325 1.18266 0.0277454
23 1.4652 0.10972 1.13585 0.108371 1.06546
23.1 1.20479 -0.0174705 1.12763 0.398503 1.12256
23.2 0.4068 0.73227 0.152157 0.619557 1.20177
23.3 2.04425 0.77117 0.229675 0.387843 1.50488
23.4 -1.63217 0.077592 0.909848 0.305951 1.51845
23.5 0.216797 0.718607 0.595642 1.03522 0.610405
23.6 -1.07137 0.895199 0.204518 1.22265 0.539287
23.7 0.747765 -0.103176 0.574709 1.06308 0.535406
23.8 -2.49956 -0.277724 0.464863 0.108368 0.513241
23.9 -0.846623 -0.041363 -0.0277118 -0.0726135 0.420921
24 -0.440433 0.154498 -0.353076 -0.125416 0.355357
24.1 -0.288653 0.182667 -0.469993 0.00609926 0.141321
24.2 -0.937963 -0.657028 -0.331468 -0.0598358 0.0836617
24.3 0.772289 -2.21066 -0.52837 -0.0984783 0.0624774
24.4 0.715076 -0.705703 -1.12605 -0.695094 0.092405
24.5 1.22312 -0.00464072 -0.42132 -1.63916 0.122753
24.6 -0.486096 0.462056 -0.422589 -1.52992 0.0907438
24.7 1.89929 0.51252 -0.350597 -0.371819 -0.880722
24.8 1.25725 0.290037 0.0424373 0.123698 -0.782543
24.9 0.421465 1.51212 0.591817 0.307355 -0.796463
25 0.261936 0.552396 1.87426 0.967985 -1.21124
25.1 -0.4299 0.254064 1.40279 1.5857 -1.182
25.2 0.473431 0.613014 0.184897 1.34239 -0.182426
25.3 1.2127 0.690162 0.165419 1.27696 -0.0591441
25.4 -1.64336 0.219595 0.994009 0.67776 0.00424925
25.5 -2.48681 0.228478 0.821096 -1.09246 0.892579
25.6 2.40583 0.300222 -0.243408 -0.412922 0.990826
25.7 -0.784325 -0.557635 -0.8051 -0.48492 1.50897
25.8 1.85475 -1.0189 -1.03466 -0.472293 1.56698
25.9 0.546635 -0.400781 -0.766861 0.706987 0.489633
26 -0.12113 0.539254 -0.00224448 0.440965 0.45307
26.1 -0.250805 0.464924 0.541462 0.189199 0.392737
26.2 1.08993 0.246017 1.1685 -0.145942 0.372751
26.3 0.0241872 0.432569 0.806684 0.135462 0.357953
26.4 0.718649 0.772865 0.237722 0.504613 0.253886
26.5 0.324973 0.762907 0.163677 1.49383 -0.587644
26.6 0.0278491 0.522916 0.643445 1.12506 -0.504263
26.7 -0.848534 0.311445 1.23243 -0.362498 0.38287
26.8 0.198413 0.160598 0.485574 -0.209551 0.543971
26.9 -0.200061 0.349114 -0.118348 0.142254 0.518427
27 0.106285 0.376125 -0.415496 0.419618 0.408079
27.1 0.0976675 0.0479086 -0.115126 0.406418 0.385734
27.2 -0.0748062 -0.300531 0.324195 0.192535 0.358346
27.3 -0.0533156 -0.583412 0.281633 0.0534102 0.32485
27.4 -0.0518474 -1.02848 -0.0346087 0.0652454 0.19554
27.5 -0.0325083 0.0510505 -1.21197 0.152017 -0.115425
27.6 -0.0466122 0.233071 -0.321657 -0.547749 -0.531673
27.7 -0.0526213 0.155719 -0.0712708 -0.652524 -0.631222
27.8 -0.0572067 -0.243232 0.216126 -0.607097 -0.636729
27.9 -0.0601251 -0.0725756 -0.0781209 -0.567044 -0.60696
28 0 -0.101285 -0.394155 -0.27175 -0.575171
28.1 0 -0.217879 -0.32662 -0.23304 -0.538661
