0.1 0.0181654 0.00888058 0.00455596 0.00260253 0.00185082
0.2 0.101315 0.0621958 0.0381195 0.024858 0.0190735
0.3 0.00142607 0.0706726 0.080451 0.0731225 0.0664107
0.4 -0.0922022 -0.0475253 0.0293381 0.0791146 0.100563
0.5 0.0342193 -0.0416626 -0.0534583 -0.0155898 0.0176261
0.6 -0.00469391 0.0430738 -0.0237847 -0.100517 -0.139195
0.7 0.0906713 -0.0055707 -0.0142805 -0.0649243 -0.119312
0.8 0.0555924 0.0270476 -0.0163769 0.0261862 0.071633
0.9 0.0712924 0.119542 0.147525 0.145142 0.161361
1 0.0342144 0.121089 0.212977 0.22752 0.185164
1.1 -0.0628249 0.0168151 0.0460342 0.126382 0.197922
1.2 0.0347372 -0.0653387 -0.0604452 -0.0508241 -0.0162084
1.3 0.125273 0.0600941 -0.0472398 -0.151372 -0.261437
1.4 0.0931486 0.0795217 -0.0144518 -0.108459 -0.134802
1.5 -0.051045 -0.0712787 0.0136461 0.097375 0.154384
1.6 0.115239 0.0942883 0.126417 0.212332 0.237258
1.7 0.0427326 0.25769 0.264691 0.183167 0.166731
1.8 0.111207 0.0459493 0.12543 0.167527 0.14747
1.9 0.024965 -0.0171526 -0.0597632 0.0283061 0.101346
2 0.158993 0.117159 0.0463441 -0.0822557 -0.107885
2.1 -0.0161646 0.0502315 0.060682 0.00605254 -0.123962
2.2 -0.0730791 -0.125689 -0.100751 0.0120185 0.131308
2.3 0.115465 0.0147093 -0.00531048 0.00895374 0.0778076
2.4 -0.28485 0.0589471 0.115818 0.0395656 -0.128191
2.5 -0.571349 -0.511596 -0.311567 -0.18973 -0.0803978
2.6 -0.231422 -0.613469 -0.731994 -0.574662 -0.404033
2.7 0.00292118 -0.0465634 -0.378252 -0.729723 -0.985395
2.8 0.0238123 -0.0170656 -0.0615528 -0.378174 -0.605779
2.9 0.123702 -0.10134 -0.106283 0.251008 0.511762
3 0.327257 0.459694 0.59454 0.707697 0.840119
3.1 0.641233 0.603782 0.882388 0.823905 0.627616
3.2 0.582678 0.976757 0.726477 0.689219 0.757653
3.3 0.44306 0.648542 0.686191 0.737431 0.824847
3.4 0.0100942 -0.0825094 0.483039 0.655584 0.583688
3.5 0.2499 0.399189 -0.105955 -0.0246705 0.15165
3.6 0.26584 0.263671 0.181974 -0.268393 -0.434757
3.7 0.263352 -0.426243 -0.163322 -0.0339836 -0.29127
3.8 -0.405004 0.0365607 -0.440774 -0.239993 0.208725
3.9 -0.0164364 -0.150417 0.235465 -0.035693 -0.173056
4 0.210799 0.080451 0.0654022 0.195752 -0.177239
4.1 -0.0951204 0.219367 -0.132876 -0.140329 0.395971
4.2 0.114423 -0.196148 0.254466 0.240621 0.0605842
4.3 -0.495387 0.0129448 -0.00198677 0.176812 -0.0992215
4.4 0.0453004 -0.0852981 -0.281553 -0.468588 0.0709086
4.5 -0.00190577 -0.472663 -0.301676 -0.175091 -0.519647
4.6 0.163365 0.284423 -0.110006 -0.289025 -0.487011
4.7 0.139574 0.137072 0.158719 -0.147152 0.20195
4.8 -0.295435 -0.347723 0.0196108 0.654314 0.407481
4.9 0.154283 0.260292 0.232389 0.141799 0.403824
5 0.555047 0.734963 0.459883 0.0432824 0.0140487
5.1 -0.439189 -0.141573 0.152786 0.493396 0.0428817
5.2 0.157744 -0.272121 -0.208321 -0.13209 0.520546
5.3 -0.219542 0.0656526 -0.120652 -0.179176 -0.281965
5.4 0.13485 -0.119168 -0.0336119 -0.1761 -0.774274
5.5 0.0370587 -0.139796 -0.383899 -0.54903 0.00790301
5.6 0.0458923 0.00330106 -0.139195 0.133387 0.0364433
5.7 -0.0575841 -0.0714943 0.454987 0.351291 0.0151202
5.8 0.300668 0.469774 0.136286 0.0616018 0.521063
5.9 -0.170136 0.244488 0.186014 0.456485 0.291813
6 -0.23664 -0.394755 0.335384 0.21487 0.0754758
6.1 0.0674045 0.221706 -0.444555 -0.347903 0.0152466
6.2 -0.0145756 -0.389422 -0.30747 -0.350647 -0.599101
6.3 -0.192101 -0.37129 -0.168208 -0.449871 -0.640255
6.4 -0.17157 0.113382 -0.534107 -0.378703 -0.0993857
6.5 -0.630247 -0.701125 -0.039559 0.010328 -0.0772107
6.6 -0.460356 -0.423104 -0.290527 -0.158736 -0.189194
6.7 -0.0258505 0.100236 -0.543816 -0.604747 -0.388041
6.8 -0.0104395 -0.431345 -0.0341834 -0.357462 -0.685033
6.9 0.222977 0.134359 -0.189083 -0.0374868 -0.106604
7 -0.166336 0.0839977 0.0597764 0.111251 0.521542
7.1 0.155523 -0.0833311 0.50511 0.554826 0.29129
7.2 -0.3825 0.574631 0.168372 0.291746 0.281397
7.3 -0.3447 -0.300319 -0.011412 -0.152481 0.178191
7.4 0.723723 -0.635522 -0.436391 -0.155974 -0.460591
7.5 0.998549 1.32863 0.0134218 -0.486115 -0.509365
7.6 0.304943 0.194035 0.962235 0.432063 0.276942
7.7 -0.00205987 0.487527 0.46647 1.07959 1.12373
7.8 0.570436 0.511051 0.471335 1.03815 1.24121
7.9 -0.821908 -0.0599341 0.951448 0.450423 0.82473
8 0.196375 0.110759 -0.275386 0.294494 -0.0694698
8.1 -0.31872 -0.492562 -0.83295 -0.511646 -0.516076
8.2 0.203015 -0.445584 -0.247373 -1.23677 -0.975785
8.3 -0.438227 -0.248652 -0.5122 -0.861738 -1.14472
8.4 0.781035 0.10716 -0.848129 -0.0131997 -0.62983
8.5 0.168468 0.0681267 0.724347 -0.364771 0.37976
8.6 0.0906106 0.56516 0.75428 0.675603 0.574822
8.7 0.0471382 0.601421 0.230882 1.60282 0.949126
8.8 0.657477 0.251036 0.938009 0.573875 1.42621
8.9 -0.377373 0.368245 0.792202 0.383808 0.760461
9 0.555951 0.211126 -0.321953 0.666332 -0.0727598
9.1 0.425823 0.237282 0.0828195 -0.0364498 -0.106734
9.2 -0.226996 0.0832846 0.567276 -0.802592 -0.0697739
9.3 0.0735635 -0.0967068 -0.656104 0.381226 -0.45935
9.4 0.147473 -0.442295 -0.455696 -0.249524 -0.0616454
9.5 -0.10066 0.205779 0.446588 -0.685291 -0.0355965
9.6 0.40295 0.372038 -0.0493362 0.532809 -0.462008
9.7 0.783135 0.330302 0.175227 0.265036 0.299021
9.8 0.288102 0.533763 0.770152 0.0752096 0.829369
9.9 -0.290567 0.408899 0.63127 1.14908 0.691026
10 -0.41849 -0.40952 0.0729587 0.994055 0.859012
10.1 0.275818 0.019988 0.0738257 -0.448554 0.635673
10.2 -0.513358 0.17124 -0.12843 -0.0759889 -0.521587
10.3 -0.545199 -0.698104 -0.50839 -0.3801 -1.30914
10.4 -0.259034 -0.693898 -0.725237 -1.56451 -0.670968
10.5 1.03475 -0.353181 -1.24741 -0.732776 -0.917104
10.6 -0.646603 0.454249 0.177947 -0.119524 -0.865862
10.7 1.16981 0.0782916 0.476085 -0.158515 0.268099
10.8 -0.326665 0.551799 0.437603 0.653736 0.749191
10.9 -0.924693 0.0181201 0.337703 1.37461 1.17994
11 -0.358523 -0.968304 0.477504 0.385249 1.16545
11.1 0.620564 0.572313 -0.368434 0.0556396 0.055408
11.2 -0.608629 0.730476 0.0994057 -0.315939 -0.896927
11.3 0.38598 -0.706043 0.406676 -0.737724 -0.922944
11.4 0.153077 -0.710472 -1.65153 -0.34911 -0.109544
11.5 -0.239525 0.267789 -0.489537 -0.759884 -0.270725
11.6 -1.08861 -0.539076 0.849257 -0.228502 -0.961204
11.7 -0.351412 -0.962813 -0.904738 0.176276 -0.175218
11.8 -0.167242 -0.126017 -1.30521 -0.76043 0.362569
11.9 1.58341 0.225779 0.772485 -0.729838 -0.479441
12 0.934658 1.69275 0.606943 1.07889 -1.01808
12.1 0.748817 1.2446 1.5605 0.407645 1.03318
12.2 -0.77852 0.0961976 0.625379 1.31536 2.0793
12.3 -1.70166 -1.87327 0.0676764 1.39121 1.86179
12.4 1.08993 0.219622 -0.490246 0.340946 0.198131
12.5 -0.248589 1.08967 -0.580985 -0.222369 -0.0325127
12.6 -0.518645 0.0226292 1.63712 -1.31276 -1.3106
12.7 2.02925 -0.524841 -0.655215 0.17066 -1.40992
12.8 0.373932 1.11776 -1.56473 -0.404551 0.178762
12.9 0.983354 -0.045937 1.38024 -0.74868 0.581189
13 2.60061 1.6868 1.67821 1.26034 0.0464246
13.1 1.10514 1.15911 1.19411 2.62328 0.852571
13.2 0.0872629 0.649258 1.10261 1.62114 2.23169
13.3 1.50495 0.699925 1.37829 1.23124 2.13792
13.4 -1.3571 1.7449 0.722309 0.640759 2.00276
13.5 -0.290104 0.748519 1.17828 1.39582 0.567992
13.6 -2.04849 -0.899041 0.472243 0.513229 0.275861
13.7 -2.29855 0.147603 -0.61905 -0.270496 0.293588
13.8 -0.957982 -1.96655 -1.53108 -0.543518 -0.0221703
13.9 4.69634 -1.73728 -1.72975 -2.26875 0.0158111
14 1.45593 1.67728 -0.576188 -1.51649 -1.64371
14.1 4.95164 1.54319 1.82551 -0.112859 -1.73325
14.2 -0.0293492 1.7361 0.999185 2.1665 -1.45858
14.3 -3.9408 0.682388 1.35394 1.54127 0.000933266
14.4 -0.906624 -0.748103 1.82516 0.75172 0.954831
14.5 3.06276 0.24508 -1.87251 0.854565 2.14909
14.6 3.47529 0.850199 0.385404 -0.466818 2.2229
14.7 -2.99084 1.19589 2.52808 0.174785 1.68585
14.8 -4.14846 0.515174 0.298515 2.84329 0.301875
14.9 -2.56513 -1.21548 -0.55962 0.952847 0.187339
15 -1.12241 -0.739479 -0.366558 -1.63392 0.910051
15.1 0.235768 -3.60715 -1.4255 -1.58785 -0.159197
15.2 2.28195 -0.565259 -2.76978 -2.50544 -0.166729
15.3 -0.824712 -0.479924 -1.3328 -2.33146 -1.27868
15.4 3.4906 1.78135 -0.659633 -1.06384 -2.1842
15.5 -0.37792 -0.0818743 0.557009 0.905387 -1.94003
15.6 2.80113 -0.214626 0.547554 1.3152 -1.73391
15.7 1.40348 1.42851 1.25255 -0.205344 -0.086229
15.8 0.992108 1.32734 1.46614 0.583887 0.045773
15.9 3.14615 1.79216 1.52775 2.0288 0.21137
16 0.738931 1.34965 1.81068 3.29949 0.390115
16.1 1.2431 0.840948 2.32706 2.92417 0.571882
16.2 -5.12566 2.31722 1.4101 -0.524538 2.51781
16.3 -8.01276 -0.957164 -1.1972 0.245744 1.9236
16.4 -5.63434 -1.69014 -1.05498 -0.647781 1.35121
16.5 -1.6859 -2.65549 -1.06597 -2.09729 1.02315
16.6 -2.44062 -4.52979 -2.69684 -0.882463 -0.606835
16.7 0.0922377 -2.07123 -3.51994 -2.20222 -0.665648
16.8 3.73384 -0.891003 -1.50794 -4.46959 -0.539447
16.9 4.5522 -0.562225 -1.19612 -3.76758 -0.312721
17 0.486007 1.12919 -3.67625 0.422662 -1.18189
17.1 2.3614 -0.0896152 0.666089 0.892279 -2.08113
17.2 0.189513 -0.147699 2.99953 -1.07629 -1.96332
17.3 -2.5938 -0.206873 0.0154131 1.66846 -1.91437
17.4 -4.4193 -0.00936163 -0.880976 1.59794 -2.01901
17.5 -3.6996 -0.70381 -0.177414 -1.08977 -0.719202
17.6 -2.83007 -2.22369 0.458043 -2.20769 -0.872607
17.7 0.890118 -3.52859 -1.76418 -0.457529 -0.871135
17.8 -0.696714 -0.65403 -4.18565 -0.524204 -0.800349
17.9 -2.44683 -0.714823 -1.23973 -3.37253 -0.846836
18 0.265622 -0.741207 -1.22981 -3.09236 -0.993864
18.1 -2.3359 -1.19814 -2.03245 -1.27509 -1.42814
18.2 -2.31167 -2.58006 -1.11754 -0.0680211 -2.3908
18.3 -1.77339 -1.10344 -0.999325 -1.81987 -2.36828
18.4 3.16715 -0.689869 -1.18579 -1.65492 -2.16751
18.5 4.6643 -0.388181 -1.52359 -0.979579 -1.40711
18.6 1.43589 0.456991 0.530194 -0.541448 -0.0498256
18.7 -1.77058 0.209843 0.104389 0.120545 -0.0559955
18.8 -0.356336 0.114446 -0.0175801 0.141675 -0.120243
18.9 2.11597 0.140857 -0.113993 0.405446 -0.0506839
19 -0.201082 0.166636 -0.0527043 0.520092 0.0226615
19.1 -1.34813 0.0701862 0.317596 0.0906959 -0.0192587
19.2 -0.102589 -0.0161388 0.370818 -0.0224679 -0.0537459
19.3 1.86885 0.0284214 0.311622 0.171757 0.0200626
19.4 2.08207 0.172716 0.296075 0.439661 0.161808
19.5 1.30287 0.315165 0.310113 0.614621 0.277756
19.6 1.36261 0.439737 0.441119 0.609071 0.364863
19.7 0.926962 1.04908 0.719381 0.467345 0.435616
19.8 2.6438 2.83607 1.28601 0.627359 0.544471
19.9 2.1468 1.59476 2.92754 1.83185 0.688774
20 2.6647 1.46437 2.81063 3.05562 0.833252
20.1 -2.58771 1.32185 1.27215 3.27595 1.77474
20.2 -0.647157 1.77351 1.21042 2.02278 1.71735
20.3 0.73272 1.77121 2.54662 -0.480446 2.45996
20.4 -0.129894 1.49628 0.291022 1.68678 2.49135
20.5 -0.579881 0.579066 1.04523 1.55234 2.30572
20.6 0.248972 0.517689 1.16096 1.25677 2.1445
20.7 -0.596631 0.222108 0.512401 0.331503 1.99307
20.8 2.3503 0.435249 -0.539895 -0.358254 1.92006
20.9 2.43949 1.98706 1.32187 0.867516 0.521195
21 1.40723 0.640347 2.28798 1.92408 0.607855
21.1 0.496071 1.35452 0.903194 2.38677 0.708511
21.2 -2.51693 1.95647 1.26258 0.132844 1.3857
21.3 1.35793 -1.29542 0.317828 -0.156416 1.82421
21.4 0.854031 0.260098 -1.01765 1.33548 0.348286
21.5 0.171869 0.320518 0.135897 0.187225 0.355156
21.6 0.416739 0.0707944 0.75618 -0.143144 0.347487
21.7 1.5326 0.596151 0.79134 -0.38298 0.382064
21.8 -0.528923 0.955164 0.278251 0.0609798 0.379917
21.9 -2.11825 0.313049 0.00309605 0.221754 0.256158
22 -2.23001 -0.233469 0.0382464 0.261363 0.0844602
22.1 -1.61546 -0.518307 -0.0259082 0.202684 -0.0586506
22.2 -2.4613 -0.208109 -0.376946 -0.174426 -0.198887
22.3 0.632888 -0.252932 -0.367215 -0.318911 -0.2559
22.4 0.375431 -0.235406 -0.216251 -0.375724 -0.216618
22.5 2.16612 -0.159471 -0.0806814 -0.322241 -0.130525
22.6 1.06813 -0.0409229 -0.0849316 -0.106872 -0.0282983
22.7 1.14312 0.0361398 -0.086233 0.0369471 0.0331983
22.8 -1.51147 -0.0188442 -0.0547084 0.0158722 0.00605368
22.9 -1.29033 -0.177947 -0.0675262 -0.0991717 -0.0990098
23 -0.099319 -1.85241 -0.234011 -0.168661 -0.150932
23.1 0.28336 -1.0302 -1.24568 -0.416553 -0.14834
23.2 -0.869629 -0.520596 -0.725582 -0.38853 -1.11314
23.3 0.0379424 -0.445787 -0.332313 -0.82888 -1.08394
23.4 -0.505823 -0.360815 -0.242011 -0.949035 -1.03722
23.5 1.19538 -0.233768 -0.171052 -0.979049 -0.955039
23.6 -1.48417 -0.152791 -0.947656 -0.220859 -0.909212
23.7 -0.163573 -0.160215 -0.963443 -0.278236 -0.907973
23.8 -1.62882 -0.221047 -0.634903 -0.64437 -0.908271
23.9 -1.48494 -0.843099 0.212442 -1.2025 -0.847943
24 -1.4141 -0.39831 -1.14114 -0.501196 -0.874558
24.1 -0.728396 -0.677685 -0.952613 -0.641803 -0.768278
24.2 0.428429 -1.06699 -0.403841 -0.719127 -0.725141
24.3 1.43214 -0.912863 -0.449376 -0.528282 -0.613536
24.4 -0.69184 -0.709473 -0.538671 -0.460577 -0.54536
24.5 1.16063 -0.486733 -0.656393 -0.414903 -0.489803
24.6 0.943285 0.409258 -0.52406 -0.449989 -0.383933
24.7 0.27597 0.150625 -0.0613803 -0.487631 -0.314505
24.8 0.229109 -0.00345345 -0.082891 -0.223247 -0.273843
24.9 -0.155136 -0.0173591 -0.0735824 -0.176862 -0.249969
25 1.27192 0.00323617 -0.0369057 -0.0900307 -0.192815
25.1 1.12902 0.0703851 0.00725448 0.0676481 -0.0963314
25.2 0.253274 0.10381 -0.0501399 0.250531 -0.0379239
25.3 0.457255 0.109321 -0.0199384 0.299421 -0.00299996
25.4 2.04915 0.175708 0.29786 0.00444151 0.26201
25.5 1.51487 0.287306 0.227349 -0.28754 0.996526
25.6 0.879471 2.68792 0.187261 0.118719 0.903981
25.7 0.210571 1.61698 0.557135 1.35492 0.317931
25.8 -2.37531 -2.36267 3.82124 1.61487 0.287193
25.9 -1.32099 -0.151631 0.843067 1.16519 0.841965
26 -1.0425 1.44994 -1.96835 2.02957 0.73071
26.1 -0.265369 1.1357 -0.00297345 0.132834 0.667975
26.2 0.221535 -0.360507 1.70706 -0.754302 0.647501
26.3 0.0305098 -0.0608936 1.33295 -0.708577 0.625058
26.4 -0.17614 0.6291 -0.599553 0.479458 0.579451
26.5 -1.26256 0.702375 -1.00889 0.729145 0.39299
26.6 -0.841581 -0.212444 0.200434 0.173693 0.296608
26.7 -0.486366 -0.912685 0.829895 0.0691951 0.2318
26.8 -1.24539 0.0103992 -0.2017 -0.0271785 0.156493
26.9 -0.489557 0.100517 -0.40383 -0.112752 0.0842726
27 -0.31236 -0.323162 -0.360798 -0.249057 0.0452632
27.1 -1.02565 -1.92041 -0.615228 -0.459711 -0.0117146
27.2 -0.653372 -0.939305 -1.10075 -0.955445 -0.0810851
27.3 -1.85814 -0.582018 -0.867752 -1.61845 -0.181902
27.4 0.904757 -0.561667 -0.80744 -0.660633 -1.18059
27.5 0.868005 -0.465592 -0.678497 -0.586824 -1.07651
27.6 1.92856 -0.336242 -0.48233 -0.518995 -0.941084
27.7 1.21328 -0.192427 -0.29166 -0.435508 -0.799151
27.8 1.56088 0.406521 -0.16187 -0.323347 -0.674966
27.9 2.13543 0.157383 0.0853842 0.0969499 -0.524653
28 0.84463 0.243807 0.09642 0.331822 -0.402072
28.1 0.704563 0.280948 0.399139 0.166603 -0.328206
28.2 0.572276 0.340199 0.261637 0.181563 -0.0352421
28.3 -0.483979 2.55616 0.335663 0.24817 -0.0266315
28.4 0.0712683 1.00266 1.50047 0.425956 -0.0326713
28.5 0.820633 -1.18446 2.3954 1.63514 0.00978724
28.6 -0.408997 0.614899 0.101626 2.00025 0.0444991
28.7 -1.14999 1.15137 -0.561693 1.79156 0.026253
28.8 -1.53062 0.554377 0.681494 -0.236184 0.906819
28.9 -0.965814 -0.328548 1.57628 -1.07499 0.826684
29 -0.258284 0.316153 -0.205369 -0.123353 0.760721
29.1 -0.629107 0.390249 -0.854156 0.310495 0.702389
29.2 -0.0210163 -0.0954018 -0.468542 0.298401 0.651811
29.3 0.264448 -0.656595 0.490601 -0.112847 0.630323
29.4 -0.354961 -1.46924 -0.139598 -0.1602 0.594368
29.5 -1.34252 -1.4236 -0.956946 -0.277541 0.502351
29.6 0.164488 -0.445927 -1.62989 -0.38475 0.178211
29.7 -0.362794 -0.197289 -0.528556 -1.59622 0.150018
29.8 1.23694 -0.134269 -0.191301 -1.74518 0.147327
29.9 -1.46638 -0.123859 -0.761419 -1.04249 0.0957747
30 -0.0272854 -0.466073 -0.839403 -0.606376 -0.00303636
30.1 -1.09573 -0.593224 -1.21887 0.897212 -1.03182
30.2 -0.100024 -0.928378 0.100843 -0.117921 -1.03972
30.3 1.48021 -0.645698 0.655003 -0.477518 -0.954492
30.4 -0.40609 0.0448955 0.106325 -0.418292 -0.880365
30.5 1.57953 0.194613 -0.346984 0.065044 -0.803458
30.6 -0.112552 0.318205 -0.350223 0.154766 -0.716046
30.7 0.917584 1.40261 0.0702219 0.00413137 -0.649749
30.8 0.479523 2.00991 0.469849 -0.0270404 -0.563155
30.9 0.436256 0.347045 1.96247 0.00429796 -0.210971
31 -0.253098 -0.96736 1.75212 1.39785 -0.184854
31.1 -0.146049 0.704387 -0.595703 1.887 -0.169971
31.2 -1.33664 0.6412 -0.639836 1.68882 -0.178271
31.3 -1.6662 -0.340787 0.926142 0.432627 -0.224501
31.4 -0.0191336 -1.23511 1.41776 -1.58182 0.476924
31.5 -0.414541 -0.505305 -0.816978 -1.23018 0.712719
31.6 -0.462718 -0.10355 -2.33693 -0.110451 0.658423
31.7 0.164569 -0.114909 -1.7887 -0.549646 0.618489
31.8 0.220802 -0.53255 -0.0588138 -1.69054 0.594095
31.9 0.946121 -0.809532 0.420539 -1.42276 0.376342
32 0.178744 -0.577393 -0.481672 -0.317963 0.36059
32.1 0.434942 -0.390746 -1.42318 0.644013 0.322575
32.2 0.944434 -0.584543 -0.479574 1.12131 -0.631685
32.3 -0.0628228 -0.0752315 1.10662 -0.26557 -0.582361
32.4 1.88274 2.05318 1.15422 -0.426534 -0.499846
32.5 0.836863 1.71534 1.00433 0.210638 -0.390801
32.6 0.792614 0.556508 1.41464 0.979476 -0.318674
32.7 -1.18859 0.358199 0.359911 1.87316 -0.145569
32.8 0.0596645 0.171467 0.302734 1.84163 -0.15116
32.9 -0.243032 0.329019 0.827352 0.782906 0.0780859
33 -1.11855 0.920946 0.544771 -0.582267 0.829715
33.1 -0.18025 0.498121 0.384477 -0.583616 0.766595
33.2 -0.0784523 0.300719 -0.138633 0.046975 0.730734
33.3 -0.48832 -0.119349 -0.158866 0.374457 0.680223
33.4 -0.619188 -0.515748 0.0804078 0.37285 0.611799
33.5 0.0152227 -0.43599 -0.0204011 0.297087 0.561963
33.6 -0.224666 0.105357 -0.224595 -0.0871947 0.525164
33.7 -0.328167 -0.33449 -0.178356 -0.247831 0.474473
33.8 0.464177 -1.65295 -0.269213 -0.191416 0.236583
33.9 0.347448 -0.54034 -1.19294 -0.410578 0.239748
34 -0.803019 -0.130856 -0.501187 -1.40824 0.194433
34.1 -0.698642 -0.139662 -0.456063 -1.46899 0.106804
34.2 -0.514666 -0.166595 -0.980243 -0.874419 0.0229097
34.3 -0.487601 -0.506906 -0.888995 0.248565 -0.864843
34.4 -0.115767 -0.676627 -0.303312 0.00887374 -1.00101
34.5 0.573901 -0.771226 0.217242 -0.284357 -0.949676
34.6 0.357545 -0.0942243 0.0927295 -0.40091 -0.880485
34.7 0.881933 0.0796648 -0.0913557 -0.204235 -0.801232
34.8 0.901668 0.224975 -0.277462 0.097933 -0.704326
34.9 1.55007 1.67445 0.0202785 0.121805 -0.585982
35 0.601809 1.98742 0.679143 0.132025 -0.479483
35.1 0.357421 0.0721652 2.17737 0.220154 -0.153038
35.2 0.531069 -1.10645 1.84739 1.67338 -0.106077
35.3 -0.224921 1.00837 -0.827685 2.12231 -0.0700137
35.4 -0.142778 1.18954 -0.375437 1.29655 -0.0445935
35.5 -0.647555 0.348076 0.875767 0.636585 -0.0245091
35.6 -0.427061 -0.19338 2.14117 -1.55688 0.933053
35.7 -0.0488537 0.584719 -0.168612 -0.141964 0.889856
35.8 -0.0909065 1.05791 -1.293 0.433729 0.851364
35.9 -0.435711 -0.179771 -0.162069 0.425699 0.7986
36 -0.769622 -1.4308 1.37772 -0.0367255 0.723519
36.1 -0.231141 -0.349829 -0.422767 0.0560136 0.655478
36.2 0.190007 -0.98643 -1.2941 0.0874539 0.618759
36.3 0.502879 -0.461104 -1.49256 -0.301829 0.603775
36.4 0.407193 -0.166589 -0.0795915 -1.33287 0.326317
36.5 0.00342654 0.0427671 0.274914 -1.55911 0.302379
36.6 -0.714153 0.17143 -0.374552 -0.851601 0.231138
36.7 0.424513 -0.168124 -1.00353 0.244433 0.170943
36.8 0.845687 -0.676665 0.0831969 0.494212 0.164663
36.9 0.29746 0.0808354 0.88257 1.09565 -0.788248
37 0.15563 0.872568 0.97155 0.42016 -0.743662
37.1 0.156413 1.27925 0.589913 0.311 -0.696825
37.2 0.422034 0.917155 0.475025 0.712866 -0.635831
37.3 0.0130415 0.297564 0.704572 0.696032 -0.384861
37.4 -0.0592318 0.130288 0.700339 0.727636 -0.343646
37.5 -0.476866 0.472724 0.316177 0.514683 -0.25103
37.6 0.254359 0.435369 0.158131 -0.369422 0.675724
37.7 -0.27677 -0.169144 -0.0856691 -0.124139 0.656321
37.8 -0.466633 -1.50241 -0.407713 -0.0189926 0.606957
37.9 0.126611 -0.657804 -1.23878 -0.247042 0.567344
38 0.0320482 -0.446319 -0.614822 -0.984482 0.537774
38.1 -0.0831664 -0.110876 -0.268743 -1.20286 0.352681
38.2 -0.438952 -0.00188508 -0.557532 -0.855653 0.288004
38.3 -0.300818 -0.320586 -0.77946 -0.234645 0.21012
38.4 -0.216781 -0.633816 -0.288559 0.635382 -0.804598
38.5 -0.149594 -0.76589 0.59791 0.0348217 -0.792229
38.6 0.249468 0.274021 0.0987999 -0.123989 -0.75643
38.7 0.504846 1.54551 0.024322 -0.117329 -0.695112
38.8 0.48889 1.07852 0.270352 0.134297 -0.623843
38.9 0.690051 -0.510954 1.48783 0.314896 -0.483562
39 0.552172 -0.21557 0.338419 1.27881 -0.291209
39.1 0.39918 0.95281 -0.556899 1.3034 -0.22049
39.2 0.0749978 0.706112 0.874502 0.201831 -0.159242
39.3 -0.0879313 0.459648 1.39951 -1.17145 0.830353
39.4 0.126548 0.588912 -0.231182 0.21939 0.799839
39.5 -0.326783 0.0757916 -0.486615 0.650552 0.75641
39.6 -0.409702 -0.757992 -0.0703395 0.630083 0.696395
39.7 -0.532417 -1.58112 0.0490417 0.0821235 0.631865
39.8 -0.514224 -0.762026 -0.66666 -0.102272 0.564166
39.9 0.203799 0.609631 -1.16145 -0.54491 0.518635
40 -0.191284 0.461879 0.0235371 -1.48432 0.311994
40.1 -0.122388 -0.21949 0.399283 -1.40878 0.257479
40.2 0.121125 -0.496511 -0.772461 0.0156204 0.204333
40.3 -0.0331748 -0.760082 -0.782668 1.39962 -0.789856
40.4 -0.269498 -0.638892 0.425572 0.285892 -0.771628
40.5 -0.0153863 1.15486 0.410275 -0.388715 -0.743112
40.6 -0.0402873 1.04174 0.518673 -0.50716 -0.704361
40.7 0.222322 -0.434183 0.309843 0.0486026 -0.656959
40.8 0.10301 -0.373467 -0.194742 0.217396 -0.450035
40.9 0.225389 -0.181369 -0.748904 0.626098 -0.402081
41 0.262226 -0.0383972 0.0673892 -0.137618 -0.345266
41.1 0.144437 0.551811 0.44861 -0.388567 -0.29171
41.2 0.000493875 0.609218 0.53577 -0.242988 -0.138252
41.3 -0.190684 -0.0956903 0.149012 -0.378148 0.714328
41.4 -0.29024 -0.672157 -0.595986 0.453893 0.660141
41.5 -0.220018 -0.613496 -0.764814 0.555008 0.604944
41.6 -0.228837 -0.187134 -0.0762604 -0.0782406 0.553205
41.7 -0.169287 0.268888 0.329474 -0.474708 0.414101
41.8 -0.114155 0.323793 0.236015 -0.604295 0.364956
41.9 -0.0453683 -0.304454 -0.371163 0.771227 -0.419393
42 -0.0580172 -0.531866 -0.0240357 0.486379 -0.615494
42.1 0.0262493 0.140696 0.142252 -0.292758 -0.53313
42.2 0.0429241 0.357237 0.168248 -0.532402 -0.429211
42.3 0.081474 0.159807 -0.179463 -0.345939 -0.280546
42.4 0.0684128 -0.0234313 -0.229942 -0.314921 -0.0983574
42.5 0.100563 -0.223262 -0.321625 -0.161424 0.0566125
42.6 0.0850933 -0.457073 -0.345972 0.262547 0.018295
42.7 0.0725324 -0.190826 0.299522 -0.0383081 0.0643348
42.8 0.0561032 0.597031 0.246129 -0.00557027 0.0846712
42.9 0.048331 0.436773 0.145315 0.335421 0.0879103
43 0.0342767 -0.0246782 0.410805 0.317697 0.277347
43.1 0.030038 -0.0220066 0.316627 0.31654 0.327751
43.2 0.028826 0.40887 -0.203685 0.280035 0.363107
43.3 0.0264306 0.148329 0.155462 0.0680521 0.359743
43.4 0.0262219 -0.094226 0.341646 0.0545706 0.280774
43.5 0.0255021 -0.0246943 0.148435 0.223086 0.0931586
43.6 0.0235513 -0.0689003 -0.10161 0.396256 -0.185188
43.7 0.020035 0.106532 -0.0442737 -0.31457 -0.0184994
43.8 0.0154525 0.0415612 -0.0480075 -0.53121 -0.0701088
43.9 0.0101526 -0.0896008 -0.332933 0.00072468 -0.313396
44 0 -0.293551 -0.107561 0.0147459 -0.332588
