0.1 0 -0.00284086 -0.00416406 -0.00476174 -0.00499174
0.2 0 0.00507241 0.00564326 0.00517104 0.00478085
0.3 0 -0.0107385 -0.0118687 -0.0115934 -0.0114277
0.4 0 -0.00111991 -0.00865942 -0.0125568 -0.0138234
0.5 0 0.0544907 0.0795728 0.0864411 0.0874123
0.6 0 -0.0321663 -0.00860183 0.0190843 0.0337098
0.7 0 -0.000855652 -0.0351695 -0.0447187 -0.0413933
0.8 0 -0.228249 -0.346315 -0.436797 -0.486352
0.9 0 0.191422 0.153489 0.088003 0.0404095
1 0 0.258614 0.558801 0.73715 0.821417
1.1 0 -0.192149 -0.0816156 0.153928 0.31135
1.2 0 0.333265 0.183933 0.0212905 -0.0465371
1.3 0 -0.128006 -0.142325 -0.339597 -0.530913
1.4 0 -1.21913 -1.60641 -1.59611 -1.53053
1.5 0 0.864785 0.506532 0.198049 0.128067
1.6 0 0.459581 1.40861 1.58914 1.43711
1.7 0 -0.510125 -0.379046 0.468086 0.89358
1.8 0 0.641942 0.117916 -0.398418 0.0277647
1.9 0 -0.46693 -0.209396 -0.717247 -1.58399
2 0 -0.354802 -0.727311 -0.21329 -0.489101
2.1 0 0.188568 0.0289039 -0.338373 0.682211
2.2 0 0.114109 0.716969 0.896818 0.294116
2.3 0 0.331046 0.231819 0.612122 0.409488
2.4 0 -0.176018 -0.259259 -0.733905 0.260548
2.5 0 -0.316543 -0.368129 -0.063652 -0.841153
2.6 0 0.321114 0.257771 0.0433384 -0.328903
2.7 0 -0.0762333 -0.0167374 -0.299234 0.515695
2.8 0 -0.188922 -0.192349 0.607075 0.314575
2.9 0 0.14871 0.283884 -0.234966 -0.27267
3 0 0.158591 -0.0842122 -0.368615 -0.401115
3.1 0 0.0525574 0.220949 0.904433 0.796394
3.2 0 -0.670262 -0.453833 -0.722576 -0.228986
3.3 0 0.838389 0.232711 -7.11369e-05 -0.375756
3.4 0 -0.52749 -0.149853 -0.0805557 -0.535264
3.5 0 -0.51274 -0.641503 -0.629589 0.00306882
3.6 0 0.550743 -0.000130357 -0.0489138 -0.0472727
3.7 0 -0.121822 0.5971 0.622304 -0.0275092
3.8 0 -0.213091 -0.0793414 -0.0942561 0.413191
3.9 0 0.84136 0.276897 0.569615 1.00546
4 0 -0.130452 0.720069 0.731936 -0.00807792
4.1 0 0.583341 0.601341 0.415608 0.792981
4.2 0 -0.961159 -1.7446 -1.41008 -1.04794
4.3 0 -0.494744 -0.256929 -0.752405 -1.28835
4.4 0 1.4968 1.52806 1.33283 0.918834
4.5 0 -0.645112 -0.327064 0.469632 1.13503
4.6 0 -1.12974 -1.39531 -1.55995 -0.876479
4.7 0 1.61812 1.08766 0.709632 -0.255511
4.8 0 -1.10871 -0.221707 -0.615804 -1.37544
4.9 0 -0.242225 -1.16302 -0.557859 0.161419
5 0 0.736223 0.81968 0.455596 1.47681
5.1 0 -0.0847316 1.05905 1.5018 0.157747
5.2 0 -0.357141 -1.22012 -1.16434 -1.04492
5.3 0 0.150017 -0.350582 -1.18 -0.149652
5.4 0 0.797 1.8613 2.52681 1.34015
5.5 0 -1.35587 -1.40666 -0.935399 -0.642123
5.6 0 -0.0635119 -1.37063 -2.41933 -1.22624
5.7 0 2.2258 3.04436 3.13109 1.42723
5.8 0 -0.329387 1.43684 2.45057 2.42916
5.9 0 -0.511234 -1.79596 -1.35727 1.3035
6 0 -1.89106 -2.14392 -2.48719 -3.40036
6.1 0 0.260087 -0.967034 -2.61333 -3.56871
6.2 0 1.03565 0.746755 0.666479 -1.05587
6.3 0 -1.0287 0.325249 0.276424 -0.642401
6.4 0 1.05263 1.19077 1.68774 2.83265
6.5 0 0.586899 0.243171 1.55746 2.18286
6.6 0 -1.06223 -0.0319061 -0.75628 1.03457
6.7 0 1.69283 1.15984 1.36178 1.45327
6.8 0 -0.317602 -0.330957 -0.0891394 0.0626989
6.9 0 -0.861074 -0.195682 0.130586 0.378848
7 0 1.502 1.69899 2.13725 2.20268
7.1 0 -3.34437 -3.99682 -4.70126 -5.18956
7.2 0 -0.456531 -3.15661 -4.70912 -5.26111
7.3 0 2.49762 2.16097 1.97643 -0.700935
7.4 0 0.264601 3.88698 2.29432 0.944545
7.5 0 3.0231 3.88455 7.58739 6.44417
7.6 0 -2.44901 -1.62022 0.11086 2.88175
7.7 0 -2.41446 -5.41953 -5.15069 -0.266026
7.8 0 0.657194 -1.55492 -4.98754 -1.08718
7.9 0 -1.11394 0.836574 -1.62611 -1.75179
8 0 0.443022 1.54997 3.00295 -1.26913
8.1 0 1.30897 -0.432311 2.78933 -2.28246
8.2 0 2.28331 3.39646 2.86326 1.90987
8.3 0 2.66769 5.92496 4.14171 4.45702
8.4 0 2.60323 1.64479 3.20873 4.02181
8.5 0 -3.97938 -6.57062 -5.73391 -2.85907
8.6 0 -7.29466 -7.87688 -10.4777 -6.53855
8.7 0 -4.32014 -4.03612 -4.7914 -5.07998
8.8 0 7.76194 7.25553 8.24734 6.77426
8.9 0 4.19766 4.39482 6.3124 2.58458
9 0 -4.8628 -2.98287 -3.98375 -4.28624
9.1 0 -0.896428 -0.367911 -1.22103 -0.914493
9.2 0 -2.00896 -3.43525 -2.8302 -2.91566
9.3 0 1.31438 -0.166673 0.269196 0.276377
9.4 0 2.32224 1.48822 0.509939 0.70932
9.5 0 -2.31207 -1.15655 -3.52079 -3.8045
9.6 0 1.04911 2.62077 3.17611 0.715352
9.7 0 2.35445 2.37694 4.38704 2.75809
9.8 0 -0.86116 -2.04273 -0.501304 0.147556
9.9 0 0.901584 3.01298 1.03158 3.70593
10 0 4.66399 3.51545 4.23393 6.48845
10.1 0 -2.47754 -1.709 -0.79833 0.849852
10.2 0 -1.3796 -1.66992 -0.173783 -0.112179
10.3 0 -1.98523 -2.53801 -1.89851 -1.26025
10.4 0 0.607201 1.84889 -1.82441 0.972454
10.5 0 4.64254 4.22744 2.61676 4.45269
10.6 0 -0.729308 -3.09899 -0.136024 -1.8632
10.7 0 -5.91218 -3.56893 -1.64106 -5.01445
10.8 0 -1.96769 -2.63044 -4.91491 -5.53071
10.9 0 -0.718609 -2.12549 -4.0219 -4.5978
11 0 0.481192 0.232506 1.59506 -1.45501
11.1 0 2.8469 3.4879 2.92638 2.87217
11.2 0 -0.00671391 0.87065 0.510679 0.244681
11.3 0 -2.23611 -2.26179 -1.61628 -2.37647
11.4 0 1.64854 -0.422365 0.582325 -0.624359
11.5 0 0.541817 1.16948 -0.48364 -0.361831
11.6 0 0.723733 3.34053 0.962512 1.39297
11.7 0 2.42438 0.8112 3.66471 2.26354
11.8 0 -1.52556 -1.33448 1.2693 1.7923
11.9 0 -1.24912 0.000437094 -2.01934 1.2927
12 0 0.267656 -0.596662 -1.64094 1.4744
12.1 0 2.88731 1.68115 3.17796 2.74771
12.2 0 -2.51636 -1.75223 -1.67152 -1.78766
12.3 0 -0.855524 0.336165 0.0202079 0.0367249
12.4 0 2.17875 1.57526 2.00705 2.03281
12.5 0 -2.54768 -3.31696 -2.84959 -2.79121
12.6 0 2.6048 2.5951 2.5025 2.65343
12.7 0 0.229195 1.09717 0.242474 0.666724
12.8 0 -2.08478 -1.24654 -1.7569 -1.31388
12.9 0 0.37494 -1.22372 -0.291897 -0.0132949
13 0 -0.97682 -2.12416 -2.20817 -1.77629
13.1 0 0.461508 1.6105 0.0106625 0.510689
13.2 0 4.30472 5.38612 6.17041 3.93227
13.3 0 -4.03755 -3.37375 -1.62362 -3.78978
13.4 0 -3.19576 -4.15113 -3.95848 -4.23229
13.5 0 6.42415 4.36204 3.37522 3.79047
13.6 0 3.54681 5.15097 3.17014 3.90449
13.7 0 -1.59938 -0.290951 -0.611577 -0.574945
13.8 0 -6.01971 -6.82689 -4.70272 -5.39039
13.9 0 -2.37445 -3.8168 -2.92349 -2.2011
14 0 3.01219 3.40856 2.24938 3.48827
14.1 0 3.66887 4.52615 3.66513 3.60367
14.2 0 -0.987165 -0.792338 -0.387704 -1.01428
14.3 0 0.126691 -0.104268 0.742526 0.0545621
14.4 0 2.92199 3.82551 4.25821 4.07713
14.5 0 -4.77995 -4.80396 -3.99354 -3.6203
14.6 0 0.544871 -0.000610919 -1.99716 0.335181
14.7 0 -1.9033 -2.61944 -4.00127 -2.17126
14.8 0 -0.599442 -2.86164 -1.51839 -2.3572
14.9 0 -1.09047 -0.826543 -0.401938 -1.92929
15 0 1.603 2.97592 3.23595 0.540459
15.1 0 3.7527 5.54276 4.31589 4.10634
15.2 0 1.43619 1.74779 1.7455 1.63399
15.3 0 -6.63768 -6.34069 -5.3915 -5.68479
15.4 0 0.286354 -1.95878 -0.99286 -1.0275
15.5 0 4.39501 3.75324 3.25751 3.67582
15.6 0 3.60812 4.91318 3.63043 4.20186
15.7 0 -1.82741 0.988792 1.17496 1.22148
15.8 0 -0.242246 -3.2247 -0.516107 -0.283898
15.9 0 2.26435 1.8061 -0.222618 2.13455
16 0 -3.84819 -2.95175 -5.4106 -3.40371
16.1 0 -0.779029 -1.83819 0.771367 -0.208632
16.2 0 0.297503 1.16224 3.33363 0.444601
16.3 0 -1.26054 -0.444891 -1.72444 -2.2209
16.4 0 -2.49527 -3.0162 -3.88647 -3.71923
16.5 0 2.25743 -0.77886 -2.19873 -1.85845
16.6 0 -4.11853 -3.86122 -3.50931 -4.6838
16.7 0 -2.19111 -1.61022 -1.92766 -2.03665
16.8 0 0.181545 1.56377 0.884072 0.734368
16.9 0 -4.38108 -3.08697 -3.64998 -3.87044
17 0 0.459468 -0.579819 0.839905 0.0458069
17.1 0 6.88447 5.23612 7.94482 6.4712
17.2 0 0.721027 1.08603 -0.709316 -0.655254
17.3 0 0.874914 1.86478 -0.904791 -0.910704
17.4 0 5.7462 6.75499 5.47096 5.85383
17.5 0 -0.247502 -0.569243 4.0958 2.50359
17.6 0 -5.24094 -4.73643 -2.03469 -2.31164
17.7 0 -3.34718 -2.99239 -3.14402 -1.0504
17.8 0 5.07524 3.4567 0.536965 4.90059
17.9 0 2.93467 2.20406 -0.0883897 1.92441
18 0 -2.62429 -0.909047 -1.42771 -0.833201
18.1 0 -2.41378 -2.59129 -0.351389 -1.01148
18.2 0 2.04557 1.00112 3.51006 2.80109
18.3 0 -1.39856 -0.691058 -0.694514 -0.454296
18.4 0 0.409454 1.45971 -0.613856 0.519601
18.5 0 -0.696679 -1.00033 -1.76145 -2.26773
18.6 0 0.802729 -1.4584 -1.29034 -2.18873
18.7 0 2.63813 2.07128 1.8726 0.657837
18.8 0 -1.9132 1.61973 0.841345 -1.0049
18.9 0 -4.45898 -4.51571 -2.84259 -4.34062
19 0 3.05314 -0.145369 1.08371 0.298741
19.1 0 4.50029 4.85351 3.13431 3.15543
19.2 0 0.335027 2.98259 1.10518 0.999974
19.3 0 -6.21035 -5.35376 -4.23035 -4.35175
19.4 0 -2.19588 -5.06103 -2.64683 -2.20196
19.5 0 2.19944 -0.817531 -0.690601 0.400822
19.6 0 -1.83628 1.21818 -3.40483 -1.90876
19.7 0 -0.524193 2.10669 -0.240684 -0.0797583
19.8 0 8.2333 4.70256 8.6749 6.71552
19.9 0 1.14931 3.29058 6.05015 4.26023
20 0 1.78552 3.07447 2.32992 3.18383
20.1 0 -0.746108 -1.2025 -1.25259 0.125747
20.2 0 -3.38653 -4.28753 -3.28467 -1.50627
20.3 0 -0.440287 -1.52902 0.119317 0.490461
20.4 0 -1.67333 -1.48841 -0.889616 -0.404452
20.5 0 -3.59208 -2.02249 -4.80591 -2.73697
20.6 0 1.64574 2.13506 -0.0692452 1.84043
20.7 0 1.42713 0.365182 -0.114998 1.0142
20.8 0 0.963304 -0.448132 0.702522 -0.533043
20.9 0 1.42552 1.05543 2.11133 0.648841
21 0 -0.844356 -0.12749 0.217961 -1.49456
21.1 0 -3.49526 -2.17657 -2.29421 -4.29098
21.2 0 -2.49666 -2.34935 -2.13905 -3.93422
21.3 0 -1.32975 -3.76401 -4.57016 -4.21712
21.4 0 5.53851 4.23089 2.74759 3.11223
21.5 0 6.56937 8.56731 6.17903 6.12501
21.6 0 -3.07038 -0.398611 -0.165806 -1.89167
21.7 0 0.575507 1.01751 3.63802 1.80338
21.8 0 0.889379 -1.28955 2.42347 1.38851
21.9 0 -1.34386 -2.95516 -1.25409 -0.223369
22 0 -2.62479 -1.02446 -3.65071 -0.83123
22.1 0 1.12504 2.54032 -0.228133 2.67855
22.2 0 0.200581 0.00670953 -0.805786 0.869544
22.3 0 3.14314 2.40685 2.21746 3.5545
22.4 0 0.0521466 -1.48893 0.044557 0.393324
22.5 0 -2.72036 -3.23734 -1.11543 -2.56779
22.6 0 -4.77472 -3.70189 -3.96896 -4.69156
22.7 0 3.26663 4.27684 3.30064 2.85991
22.8 0 1.15933 1.26706 0.691822 0.306033
22.9 0 -2.84324 -3.00079 -3.38059 -3.77215
23 0 1.66399 0.968152 1.483 0.672911
23.1 0 0.491755 0.0879275 0.450667 -0.368793
23.2 0 -1.96369 -1.75084 -2.18026 -2.13927
23.3 0 -0.0423203 0.159232 -0.331515 -0.259321
23.4 0 1.09586 1.15286 0.972687 0.901815
23.5 0 -1.39257 -1.37079 -1.4891 -1.57263
23.6 0 -0.0664893 -0.0990525 -0.14533 -0.244984
23.7 0 -1.17896 -1.31166 -1.20512 -1.36375
23.8 0 -1.5198 -1.83349 -1.3894 -1.70833
23.9 0 -0.923395 -1.00282 -0.642842 -0.984815
24 0 0.318414 0.697223 0.492649 0.372158
24.1 0 -0.000391261 0.336109 0.201678 0.049021
24.2 0 -1.53738 -1.79643 -2.18924 -1.27428
24.3 0 0.88638 -1.46852 -1.55889 -0.444252
24.4 0 2.19878 2.08406 1.32997 1.63141
24.5 0 -1.30281 1.6862 -0.504732 -0.979946
24.6 0 1.62239 3.16538 2.37557 1.47765
24.7 0 5.43019 0.882371 5.48661 3.2204
24.8 0 -2.57292 1.37414 3.27676 1.27926
24.9 0 0.188278 0.923005 0.319474 1.16023
25 0 2.08216 1.23925 1.25455 2.27911
25.1 0 1.96325 -0.12679 -0.0125709 1.94985
25.2 0 -0.154355 -0.40506 -1.54454 1.02391
25.3 0 0.312763 1.15734 0.611626 0.905431
25.4 0 -2.17197 -0.957521 -1.40706 -1.23472
25.5 0 -4.22514 -3.30399 -2.52699 -2.616
25.6 0 -1.36493 -4.5168 -2.65122 -2.71547
25.7 0 2.34332 1.87268 1.48177 1.80738
25.8 0 4.10875 6.12474 2.92866 4.26226
25.9 0 -2.82249 -1.90849 -2.44294 -2.45591
26 0 -1.39796 -2.22349 -0.986726 -1.56259
26.1 0 1.40865 0.218387 2.10653 0.44614
26.2 0 2.08573 2.28885 3.44485 1.34816
26.3 0 -0.403958 2.35008 0.734727 0.751497
26.4 0 -4.40833 -4.21714 -5.52879 -3.92577
26.5 0 1.96572 0.210628 0.512873 1.2239
26.6 0 5.08394 3.4197 4.44122 3.91285
26.7 0 0.191351 0.279119 0.298647 -0.0643238
26.8 0 -3.5677 -2.69019 -3.36517 -3.48936
26.9 0 -2.17656 -1.21856 -1.90389 -2.02326
27 0 1.74047 1.48792 1.797 1.43517
27.1 0 0.168029 -0.347001 0.16701 -0.1385
27.2 0 -0.746318 -1.14711 -0.850758 -1.02167
27.3 0 -2.12531 -1.95508 -2.26315 -2.15362
27.4 0 0.0402789 0.0800147 -0.504557 -0.0130286
27.5 0 -0.993946 -1.16062 -1.4602 -0.958981
27.6 0 0.961751 0.773913 0.964332 0.870615
27.7 0 -0.211734 -0.225923 0.151387 -0.226285
27.8 0 0.1264 0.282447 0.736809 0.306816
27.9 0 0.705974 0.915626 0.438944 0.826023
28 0 0.661845 -0.0866979 -0.488543 0.0386604
28.1 0 -0.774651 -0.438816 -0.407136 -0.93617
28.2 0 -0.293251 -0.0519946 -0.0644789 -0.387456
28.3 0 1.47378 1.71396 1.76267 1.64769
28.4 0 2.43337 2.94667 3.09783 3.15276
28.5 0 -2.28091 -2.89734 -2.14724 -2.08826
28.6 0 -0.165934 -0.298215 -0.00212313 0.248145
28.7 0 1.9764 2.4065 2.19901 2.62113
28.8 0 -2.38617 -1.79136 -2.13076 -1.65331
28.9 0 0.493166 0.902117 0.727135 1.22169
29 0 1.88835 0.589083 1.58362 1.735
29.1 0 -2.32127 -2.30759 -2.43149 -2.87052
29.2 0 1.15053 1.70439 1.0185 0.795387
29.3 0 0.505515 0.847994 0.279623 0.118982
29.4 0 -1.89717 -2.25914 -1.88544 -2.38286
29.5 0 0.570508 -0.137036 0.335723 -0.129202
29.6 0 0.226791 0.395005 0.11607 0.0248429
29.7 0 -1.41416 -1.17805 -1.62427 -1.6359
29.8 0 -0.765379 -1.0292 -1.2176 -1.33788
29.9 0 0.0806471 -1.46489 -1.64667 -1.73037
30 0 2.30119 2.74762 1.77084 2.06602
30.1 0 1.32419 2.20724 2.24273 2.23303
30.2 0 0.0996351 1.39885 1.56857 1.58486
30.3 0 -1.7766 -1.35022 -0.178785 -0.216893
30.4 0 -1.62477 -2.65152 -0.884178 -0.908714
30.5 0 1.2046 -0.641887 0.335593 0.746569
30.6 0 1.42625 2.15451 1.19406 1.96172
30.7 0 1.78739 4.43849 1.40211 2.9311
30.8 0 -1.26441 -0.983621 0.0584725 -0.415525
30.9 0 0.322657 -1.44154 1.28601 -0.388506
31 0 0.500671 -0.198121 -0.134474 -0.356207
31.1 0 -1.65373 -1.24619 -2.25433 -1.97396
31.2 0 -0.13978 0.179901 -1.16433 -0.613046
31.3 0 -1.17297 -1.21226 -2.34451 -1.81969
31.4 0 -1.33302 -2.37529 -1.89112 -2.20457
31.5 0 0.755351 0.6701 0.728917 0.355871
31.6 0 1.2271 1.66882 1.50245 1.09835
31.7 0 0.00860915 0.641908 0.427159 0.00973529
31.8 0 -0.831917 -0.99087 -0.507118 -0.989764
31.9 0 -2.75005 -3.15656 -2.38688 -2.96125
32 0 -4.21344 -5.78414 -5.81014 -6.09397
32.1 0 0.280523 1.03333 -0.536824 -0.545756
32.2 0 4.26108 4.27176 3.51591 4.09421
32.3 0 2.98443 3.86697 2.43599 2.60594
32.4 0 3.65954 4.76595 3.58931 3.54956
32.5 0 2.36417 1.21609 5.85696 3.83729
32.6 0 -1.39285 -1.80091 2.19625 0.399138
32.7 0 -3.13317 -0.917334 -2.37765 -1.35494
32.8 0 0.476695 0.40529 -0.391023 1.38475
32.9 0 1.36453 0.439603 -0.29887 2.27289
33 0 1.88482 1.00513 1.98173 2.92697
33.1 0 -1.5567 -1.20295 -1.61499 -0.51135
33.2 0 -4.33069 -3.38234 -5.24457 -3.46158
33.3 0 -0.701493 -0.896869 -1.61924 -0.393864
33.4 0 1.34133 0.082124 0.491515 1.10751
33.5 0 -1.39129 -2.04432 -0.164185 -2.1198
33.6 0 -3.69476 -2.88431 -2.99477 -4.14373
33.7 0 0.424036 0.46588 -0.538076 -1.80565
33.8 0 1.76737 1.97609 0.861452 -0.889562
33.9 0 1.7651 1.77599 1.47318 -0.635389
34 0 1.70026 1.18112 1.86296 0.561824
34.1 0 -0.0180954 -0.25051 0.540365 -0.812101
34.2 0 0.249587 1.23855 1.47716 0.426409
34.3 0 0.637408 1.08218 0.389715 1.52609
34.4 0 1.83466 1.35997 1.22564 2.32287
34.5 0 1.34184 0.714956 0.864112 1.83935
34.6 0 -0.65731 -0.440461 -0.465912 0.680874
34.7 0 -1.8852 -0.0319434 -0.0132267 1.46127
34.8 0 -0.293538 -0.732869 0.47702 1.58055
34.9 0 -0.00671529 -1.19322 0.322111 0.668561
35 0 -2.36349 -2.33507 -3.49164 -1.85712
35.1 0 -1.47329 -1.46958 -3.10978 -1.36092
35.2 0 0.714626 0.576057 -0.360901 0.82401
35.3 0 -0.156256 -0.187317 0.240443 -0.929676
35.4 0 -0.0898629 -0.649939 0.248527 -1.25393
35.5 0 1.13938 0.146612 0.7755 -1.11366
35.6 0 0.671353 2.24542 1.29384 -0.757108
35.7 0 1.86858 3.52664 2.4556 1.69833
35.8 0 1.83377 1.42666 3.24245 1.854
35.9 0 0.497246 -0.360335 1.27668 0.45863
36 0 0.00886355 0.00249534 -0.511175 -0.100431
36.1 0 0.437718 0.506302 -0.313071 0.349139
36.2 0 -0.832584 -0.865355 -2.45396 -0.115521
36.3 0 0.693697 0.252727 -0.383251 1.4623
36.4 0 1.04155 1.06314 1.3392 1.1053
36.5 0 -1.68574 -1.54212 -0.66338 -1.44505
36.6 0 -3.45758 -3.15828 -2.10968 -2.97029
36.7 0 -4.50683 -3.99193 -3.67908 -4.11273
36.8 0 -1.90828 -2.39108 -2.70593 -2.615
36.9 0 -0.69232 -1.29627 -1.69789 -1.51669
37 0 1.00208 0.928289 0.20313 0.408846
37.1 0 2.59319 2.24409 2.09206 1.99703
37.2 0 3.28086 3.04463 2.87095 2.7576
37.3 0 -0.447803 -0.210939 -0.382076 -0.634161
37.4 0 -3.10407 -2.64562 -2.51496 -3.01773
37.5 0 -2.08847 -2.10216 -1.08461 -1.59998
37.6 0 1.9512 1.1239 0.927069 1.697
37.7 0 4.07243 4.24059 3.51514 4.13603
37.8 0 0.00761796 0.700552 0.117404 0.45623
37.9 0 -2.42955 -1.52819 -1.68148 -1.82259
38 0 -0.375495 -1.53261 -0.600794 -0.793949
38.1 0 1.26594 1.42822 1.65677 1.45551
38.2 0 0.690219 1.41062 1.19898 1.00526
38.3 0 1.21739 0.680949 1.06893 0.892745
38.4 0 -1.77609 -1.83294 -1.45554 -1.59613
38.5 0 -1.27372 -0.933863 -1.57307 -1.38088
38.6 0 1.99931 1.66382 1.64168 1.55084
38.7 0 3.31184 3.63658 3.61946 3.54619
38.8 0 1.51116 1.69564 2.32867 2.28216
38.9 0 0.530351 0.32734 0.523145 0.914079
39 0 -0.457081 0.873559 1.20127 1.61325
39.1 0 -0.314351 -0.525439 0.730429 1.17519
39.2 0 -0.563254 -1.78716 -0.246844 0.128662
39.3 0 -0.201622 0.0631783 -1.65188 0.329471
39.4 0 -0.196933 0.0515259 -1.74008 0.198766
39.5 0 -1.39211 -1.28201 -1.98734 -2.11633
39.6 0 -1.45172 -2.00046 -1.37332 -2.21692
39.7 0 -0.73035 -1.24553 -0.605869 -1.5047
39.8 0 -1.1536 -1.05827 -0.849675 -2.36627
39.9 0 0.0653819 0.417056 0.454409 -1.3616
40 0 0.984634 1.47155 0.397957 0.0871695
40.1 0 -0.585756 -0.697117 -1.32446 -1.06974
40.2 0 -1.61842 -2.21964 -2.07642 -2.15783
40.3 0 0.87931 0.613022 0.616687 0.524589
40.4 0 1.38417 1.19142 1.1853 1.08679
40.5 0 1.31185 1.28344 1.23391 1.13099
40.6 0 0.0596096 0.642219 0.425377 0.317215
40.7 0 -1.01086 -0.570752 -0.348254 -0.671128
40.8 0 -0.213591 -0.575968 0.293216 -0.166594
40.9 0 0.679278 0.512476 0.921484 0.731287
41 0 -0.201877 -0.0132489 -0.108726 -0.0491538
41.1 0 -0.67147 -0.384644 -0.788236 -0.528048
41.2 0 -0.276599 -0.413089 -1.2642 0.452338
41.3 0 -0.779586 -1.23294 -1.5372 -0.141587
41.4 0 -0.687256 -1.36163 0.260057 -0.715918
41.5 0 -1.45697 -1.01628 -0.611915 -1.37313
41.6 0 -0.637244 0.442694 -0.228982 -0.392109
41.7 0 -0.686399 -0.443717 -1.02983 -0.831461
41.8 0 -0.658368 -1.35615 -1.36263 -1.19382
41.9 0 1.64945 -0.900451 -1.05529 -0.812443
42 0 0.313801 0.663885 0.0307754 -0.345252
42.1 0 0.171495 2.55592 1.5723 1.24801
42.2 0 1.50673 2.58634 1.88143 1.67655
42.3 0 3.43436 0.694946 1.78386 1.64233
42.4 0 0.136131 0.879802 1.58676 1.34905
42.5 0 0.248119 2.21488 3.31383 2.41694
42.6 0 2.48262 1.90151 3.16285 3.03353
42.7 0 0.222417 -0.197793 -0.0674592 0.539166
42.8 0 -2.93769 -3.28217 -3.1835 -2.49439
42.9 0 -3.83192 -3.41209 -3.40604 -2.66082
43 0 0.373855 -0.18144 -0.255302 0.516014
43.1 0 1.69469 1.38815 0.902322 1.41185
43.2 0 0.336041 0.713243 -0.497259 0.233541
43.3 0 -0.601051 -0.252056 -0.908553 -0.53097
43.4 0 -0.815186 -1.22668 -0.949388 -0.992294
43.5 0 -0.0273373 -0.42557 0.120212 -0.164642
43.6 0 -0.25054 -0.0938698 0.379998 -0.382094
43.7 0 -0.830748 -0.144547 0.290244 -1.52542
43.8 0 1.33063 1.34789 1.29814 0.45072
43.9 0 1.76117 2.02876 0.232338 1.43872
44 0 0.986622 0.508129 0.454402 0.981468
44.1 0 1.89814 1.14959 1.76524 1.87971
44.2 0 0.840814 0.904404 1.424 1.2386
44.3 0 -1.82049 0.556973 0.879086 0.710809
44.4 0 -0.878997 -0.480975 0.513943 0.553519
44.5 0 -0.137582 -1.04084 -0.971979 -0.038744
44.6 0 0.388417 -0.241369 -0.546996 -0.347543
44.7 0 0.488925 -0.100858 -0.411281 -0.353702
44.8 0 0.604629 0.152303 -0.245505 -0.172833
44.9 0 -0.628618 0.0223583 -0.876951 -0.8354
45 0 -1.65612 -1.92761 -1.58454 -2.06275
45.1 0 -1.84193 -2.12524 -1.72378 -2.23434
45.2 0 -0.00599971 -0.00265798 -0.133484 -0.551642
45.3 0 0.728602 0.834689 0.518085 0.280639
45.4 0 0.306654 0.312484 0.132392 0.037123
45.5 0 -0.43461 -0.379212 -0.545386 -0.63635
45.6 0 0.415385 0.471659 0.336993 0.245325
45.7 0 1.33861 1.39541 1.30744 1.21179
45.8 0 1.21829 1.26753 1.25386 1.15352
45.9 0 -0.666612 -0.741084 -0.600926 -0.710252
46 0 -1.76743 -1.91029 -1.47331 -1.7128
46.1 0 -1.44278 -1.55468 -1.10835 -1.33838
46.2 0 0.351926 0.255983 0.0366308 0.375087
46.3 0 0.414098 0.376521 -0.429925 1.08072
46.4 0 0.173771 0.199819 0.0356457 0.576224
46.5 0 -0.763487 -0.833989 0.169864 -0.674429
46.6 0 -1.76759 -1.41717 -0.839387 -1.62735
46.7 0 -2.27368 -1.60578 -1.99006 -2.0379
46.8 0 -0.988071 -1.18495 -1.67266 -0.995914
46.9 0 -0.325183 -0.978962 -1.09073 -0.577403
47 0 0.42327 0.00953167 0.136101 -0.0295185
47.1 0 2.92884 1.01918 0.870522 0.436845
47.2 0 0.725492 1.87116 0.942453 0.142395
47.3 0 -0.810189 2.11931 0.888284 0.545515
47.4 0 1.78106 0.202634 0.918271 0.939223
47.5 0 2.48696 1.13055 1.70765 1.66556
47.6 0 -1.0709 2.20368 1.42643 1.3431
47.7 0 0.119344 -0.900811 0.875254 0.538987
47.8 0 -1.05268 -2.6048 -0.578574 -0.901212
47.9 0 -0.919217 -0.853182 -1.10777 -0.476996
48 0 0.0316143 0.782429 -0.0339944 0.672437
48.1 0 1.04614 1.58301 0.732571 1.45241
48.2 0 1.87006 1.24452 1.11129 1.51531
48.3 0 0.744803 0.538044 0.848973 0.919321
48.4 0 0.0949887 0.283371 0.392678 0.450967
48.5 0 -1.03726 -0.753318 -0.703287 -0.65239
48.6 0 -1.68767 -1.7418 -1.54966 -1.5008
48.7 0 0.00376248 -0.229437 -0.0484553 0.00678093
48.8 0 1.36979 1.25801 1.30809 1.37722
48.9 0 1.35431 1.54433 1.42692 1.50966
49 0 1.25867 1.4656 1.1269 1.34075
49.1 0 1.76056 1.92964 1.53799 1.79433
49.2 0 0.107227 1.49415 1.57039 1.701
49.3 0 -0.065961 -0.716831 0.602116 0.538517
49.4 0 -1.45297 -1.88127 -1.47172 -2.093
49.5 0 -1.55444 -1.79009 -2.16302 -2.30146
49.6 0 -0.681691 -0.880789 -1.33016 -1.39942
49.7 0 -0.379301 -0.42079 -1.16414 -1.06554
49.8 0 0.104956 0.113522 -0.698993 -0.55143
49.9 0 0.740549 0.0323165 0.745318 0.134926
50 0 -0.365028 0.125074 0.243959 -0.341344
50.1 0 -1.38984 -0.903236 -1.05975 -1.13909
50.2 0 -1.87861 -1.69943 -1.71596 -1.77702
50.3 0 -1.67973 -2.44786 -2.29672 -2.35453
50.4 0 -1.83524 -2.35833 -2.40333 -2.41336
50.5 0 -0.925574 -1.07324 -1.34943 -1.34276
50.6 0 0.502072 0.365632 0.103069 0.0797456
50.7 0 1.54959 1.46572 1.15784 1.12854
50.8 0 2.72289 1.46237 0.726605 0.673585
50.9 0 0.806896 1.97809 0.633299 0.18601
51 0 0.155623 1.64746 1.56663 1.17842
51.1 0 1.01531 1.20435 1.68036 1.68163
51.2 0 1.23934 0.19152 1.91216 1.70438
51.3 0 0.392464 -0.258076 1.86967 1.3012
51.4 0 -1.48204 0.512201 -0.109375 0.526536
51.5 0 -1.99528 -0.566934 -0.533949 0.150549
51.6 0 0.564376 -1.45606 -0.345382 0.370633
51.7 0 1.26433 -1.46326 -0.354457 0.408961
51.8 0 -0.604993 0.871704 -0.374347 0.253967
51.9 0 -0.688062 2.37035 -1.24652 0.382542
52 0 0.836855 0.262702 0.62038 0.709334
52.1 0 2.08243 -1.13256 1.20646 0.844146
52.2 0 -0.844385 0.198601 1.38831 -0.207047
52.3 0 -1.37311 1.67394 0.326297 -0.360532
52.4 0 0.0551424 0.00923211 -0.326785 -0.61885
52.5 0 0.429115 -0.481968 -0.530405 -0.690471
52.6 0 0.833229 -0.892171 -0.705502 -0.494671
52.7 0 -0.0181446 -0.965948 -1.16082 -0.933812
52.8 0 -1.10967 -0.502793 -1.42699 -1.21995
52.9 0 -0.26122 0.077641 -0.0872437 -0.294286
53 0 0.383075 0.668931 0.674655 0.376454
53.1 0 -0.524249 -0.485945 -0.0352994 -0.498245
53.2 0 -2.31891 -2.56142 -1.94043 -2.46067
53.3 0 -2.90929 -3.0277 -2.83452 -3.11136
53.4 0 0.696645 -1.45476 -1.88936 -1.51699
53.5 0 0.400076 0.128816 -1.67125 -0.29304
53.6 0 -0.62945 1.92806 0.723103 0.588155
53.7 0 0.626728 2.1707 1.2871 0.649169
53.8 0 2.60392 -0.273424 0.621222 0.0239298
53.9 0 0.0807945 -0.225674 2.12884 -0.029147
54 0 -0.750935 -0.173904 1.6785 -0.316864
54.1 0 -0.311209 1.94191 0.15591 0.181015
54.2 0 1.60075 0.781163 0.904568 0.837397
54.3 0 2.72688 1.02678 1.98202 3.20672
54.4 0 -0.478922 3.27785 2.48132 4.16075
54.5 0 2.00384 0.945671 1.62279 3.77567
54.6 0 1.26535 0.783555 0.299922 2.72517
54.7 0 1.72572 1.42275 1.79837 1.73918
54.8 0 1.76457 1.28898 1.77672 1.6933
54.9 0 1.98084 1.69607 2.09757 2.01032
55 0 -0.765798 1.29406 1.69843 1.62592
55.1 0 -0.792156 -0.434298 0.698721 0.664432
55.2 0 -0.627257 -2.22828 -0.303658 -0.256192
55.3 0 -1.38242 -1.20811 -2.40169 -0.778022
55.4 0 -2.66256 -0.413495 -3.5563 -1.03376
55.5 0 -1.49858 -2.23754 -3.42857 -1.86356
55.6 0 -1.07537 -3.21199 -1.63486 -1.98601
55.7 0 -0.521055 -1.52262 -1.03281 -2.37652
55.8 0 -0.94488 0.965534 -0.516966 -1.54239
55.9 0 0.620934 -0.0774706 -0.288261 -1.2244
56 0 -0.0108536 -1.28855 -0.106939 -1.67229
56.1 0 -1.61381 -0.0740944 -1.38068 -2.47376
56.2 0 -0.0893469 -1.0614 -0.777765 -2.86703
56.3 0 -1.74781 -1.85774 -1.67926 -2.3001
56.4 0 -2.22833 -2.30798 -2.43308 -2.47748
56.5 0 -1.79264 -1.86065 -2.00598 -2.04312
56.6 0 -0.917322 -0.99217 -1.14989 -1.18553
56.7 0 0.206572 0.118189 -0.0438355 -0.083872
56.8 0 1.28707 1.19342 1.03435 0.984266
56.9 0 1.44384 1.1219 0.968206 0.903002
57 0 2.07068 0.246863 0.0974709 -0.167247
57.1 0 0.334549 1.19036 1.13855 -0.0198098
57.2 0 -0.0943464 2.3477 2.29277 0.679565
57.3 0 0.555915 2.428 2.71793 1.14491
57.4 0 2.88724 1.61968 3.3817 1.96037
57.5 0 1.51461 0.769486 1.94038 1.08695
57.6 0 0.89509 0.414214 0.0366644 1.48623
57.7 0 -0.0180201 0.729359 -1.32941 0.847289
57.8 0 -0.704646 -0.717534 -1.78018 0.534453
57.9 0 -0.969805 -1.54238 -1.74854 0.404641
58 0 -1.16361 -1.5089 -1.65393 0.311489
58.1 0 -1.38806 -1.28196 -0.451442 -0.766325
58.2 0 -1.06954 -0.817956 -0.109396 -0.491811
58.3 0 -0.701785 -0.456856 0.203111 -0.192533
58.4 0 -0.704826 -0.289971 -0.385011 -0.385637
58.5 0 0.19614 -0.0919435 0.0350812 0.0674718
58.6 0 1.07518 0.687513 0.786327 0.823029
58.7 0 1.46167 1.22404 1.18691 1.2308
58.8 0 1.53003 1.57612 1.36894 1.41666
58.9 0 0.594353 1.43977 1.14783 1.18907
59 0 0.843475 0.935961 1.12652 1.08716
59.1 0 0.947803 0.999973 1.20799 1.16521
59.2 0 1.48959 1.52135 1.7284 1.69359
59.3 0 1.48855 1.2658 1.5792 1.56556
59.4 0 0.518022 0.216166 0.533908 0.556551
59.5 0 -2.58258 -1.17375 -0.834137 -0.759624
59.6 0 -2.08025 -2.0515 -1.20379 -0.882527
59.7 0 -1.34363 -1.47286 -2.56009 -0.958403
59.8 0 -1.54896 -1.85 -3.2515 -1.46047
59.9 0 -0.479641 -1.3285 -1.92428 -1.48033
60 0 0.31007 -1.00323 -0.205455 -1.06884
60.1 0 -0.197846 -0.334402 -0.0562168 -0.963579
60.2 0 0.0679108 0.154054 -0.00144301 -0.79262
60.3 0 1.05346 1.15836 0.554915 -0.212751
60.4 0 0.351877 1.73801 0.569052 -0.412511
60.5 0 0.54306 0.746255 1.79502 -0.195129
60.6 0 0.973749 0.0967497 1.88914 0.386531
60.7 0 -0.660175 0.19119 0.272893 -0.251636
60.8 0 -0.90464 -0.348826 -1.09552 -0.846172
60.9 0 -0.85934 -0.929746 -1.71169 -1.22058
61 0 0.540113 -0.553355 -0.535127 -0.273615
61.1 0 0.968523 0.206886 0.0989223 0.397889
61.2 0 0.138832 -0.0146647 -0.944907 0.956952
61.3 0 -0.934406 -0.805363 -0.362657 0.493448
61.4 0 -2.10623 -0.610662 -0.258011 -0.15449
61.5 0 -0.28591 -0.962501 -0.0393571 -0.430033
61.6 0 0.816651 0.437929 0.853035 0.267778
61.7 0 1.01368 1.18782 0.762097 0.760975
61.8 0 0.35145 0.893882 -0.14004 0.256243
61.9 0 0.278461 0.0221167 -0.0107949 -0.0430912
62 0 -0.227006 -0.477792 -0.156098 -0.494245
62.1 0 -0.327242 -0.342311 -0.073495 -0.32186
62.2 0 0.379611 0.520044 0.611877 0.591985
62.3 0 1.21149 1.45156 1.37785 1.53487
62.4 0 1.62621 1.6878 1.77297 1.98193
62.5 0 1.46484 1.2391 1.40982 1.65465
62.6 0 0.379441 0.399085 0.424751 0.683786
62.7 0 -2.29046 -0.393796 -0.391008 -0.0625661
62.8 0 -1.03301 -1.49371 -0.339818 -0.235183
62.9 0 -0.144911 -0.529465 -0.503202 -0.558002
63 0 0.0556981 -0.297906 -0.72527 -0.647061
63.1 0 0.209857 -0.135212 -0.639874 -0.498305
63.2 0 0.502316 0.187832 -0.33277 -0.177378
63.3 0 0.504517 0.234204 -0.223385 -0.111604
63.4 0 -0.125412 0.130523 0.133995 -0.222787
63.5 0 -0.183344 0.0738333 0.126114 -0.246904
63.6 0 -0.748197 -0.594527 -0.455086 -0.832867
63.7 0 -0.960257 -0.949764 -0.724882 -1.09308
63.8 0 -0.539221 -0.671811 -0.4738 -0.642577
63.9 0 0.250768 -0.295988 -0.247846 -0.315389
64 0 0.229932 0.179632 -0.0442023 -0.0766541
64.1 0 -0.201938 -0.231589 -0.400417 -0.456867
64.2 0 -0.562544 -0.545851 -0.719343 -0.770355
64.3 0 -0.527697 -0.493529 -0.641386 -0.700988
64.4 0 -0.385222 -0.476731 -0.337349 -0.53514
64.5 0 -0.0692829 -0.232375 0.08798 -0.195458
64.6 0 0.378644 0.268436 0.55525 0.290565
64.7 0 0.31276 0.711022 0.433475 0.536163
64.8 0 0.112127 0.581562 -0.303572 1.08782
64.9 0 -0.480859 -0.732433 -0.391461 0.375066
65 0 -0.687146 -1.19954 0.403371 -0.322759
65.1 0 -0.636323 0.0122093 -0.288737 -0.441887
65.2 0 0.247815 0.356042 -0.416973 -0.346846
65.3 0 1.23517 -0.189006 -0.765424 -0.824071
65.4 0 0.213044 0.410765 -0.343857 -0.761428
65.5 0 -0.0950392 0.217049 0.367561 -0.0404204
65.6 0 0.193294 0.734926 0.814003 0.777078
65.7 0 0.839683 1.40496 1.49578 1.48542
65.8 0 0.998594 0.448918 1.13899 1.10129
65.9 0 -0.381027 -0.294881 0.301347 0.268364
66 0 -0.550072 -0.133606 -0.150723 0.108636
66.1 0 -0.24572 -0.325648 -0.217619 0.111225
66.2 0 -0.0118698 -0.25333 -0.11444 0.221082
66.3 0 -0.131744 -0.353736 -0.270249 0.0690226
66.4 0 -0.469674 -0.438931 -0.45027 -0.271901
66.5 0 -0.22895 -0.0437913 -0.186818 -0.000963847
66.6 0 -0.167737 -0.00957152 -0.183047 -0.000606726
66.7 0 -0.293772 -0.402067 -0.473283 -0.305723
66.8 0 0.127991 -0.0486826 -0.107744 0.037258
66.9 0 1.0092 0.931552 0.83893 0.907541
67 0 1.28827 1.38695 1.80689 0.660307
67.1 0 1.19064 1.63202 2.05393 0.818405
67.2 0 1.33901 1.62071 1.11866 1.50625
67.3 0 0.929945 0.931328 0.343461 1.05276
67.4 0 0.469049 -0.0949287 0.0743905 0.471534
67.5 0 -1.92285 -0.824048 -0.348719 -0.0394357
67.6 0 -0.965275 -1.53808 -0.297352 -0.135962
67.7 0 -0.425713 -0.33241 -0.583812 -0.539793
67.8 0 -0.445998 -0.484741 -0.995846 -0.932949
67.9 0 -0.666724 -0.847947 -1.35611 -1.23649
68 0 -0.342863 -0.547936 -1.03918 -0.916792
68.1 0 0.12778 -0.295793 -0.324675 -0.434536
68.2 0 0.0905603 0.113129 0.202535 -0.130469
68.3 0 -0.683776 -0.422486 -0.442803 -0.774814
68.4 0 -0.456557 -0.607216 -0.603866 -0.927563
68.5 0 -0.731799 -0.890454 -0.88153 -1.1909
68.6 0 -0.857455 -1.01034 -1.09459 -1.22188
68.7 0 -0.447371 -0.583782 -0.684771 -0.804566
68.8 0 0.22466 -0.0489066 -0.248746 -0.364431
68.9 0 2.49966 1.33614 0.800262 0.679082
69 0 1.07793 2.22966 1.10766 0.610333
69.1 0 -0.0883655 0.849422 1.91607 0.253203
69.2 0 -0.47599 -0.0177236 1.23076 0.239128
69.3 0 -0.445642 -0.272316 0.411453 0.897965
69.4 0 0.125406 -0.525497 0.0285864 0.832875
69.5 0 0.241269 -0.366449 -0.767336 0.621647
69.6 0 0.00569275 0.932633 -1.22144 0.855275
69.7 0 0.325174 0.114481 0.405741 1.06599
69.8 0 0.267875 -0.504728 0.778976 0.972289
69.9 0 -0.831148 -0.386973 0.0958288 0.401091
70 0 -1.18013 -0.317365 -1.14096 -0.20334
70.1 0 -0.262224 -0.811652 -1.47288 -0.422489
70.2 0 0.886691 -0.9876 0.0127644 -1.32346
70.3 0 -0.768542 -0.113042 -0.647841 -1.85945
70.4 0 -1.07372 -0.00305913 -0.5162 -1.85722
70.5 0 -0.811121 -0.300897 0.127364 -1.59172
70.6 0 0.273772 -0.245249 0.516134 -0.825672
70.7 0 0.637606 0.319365 0.341497 -0.494562
70.8 0 0.805985 0.938217 -0.718094 0.756667
70.9 0 1.12758 0.737844 0.45922 1.19344
71 0 1.39466 1.13495 1.33951 1.70236
71.1 0 0.384916 0.95821 1.0923 1.38764
71.2 0 -0.242872 0.329441 0.526855 0.762561
71.3 0 0.127551 -0.04887 0.558317 0.750214
71.4 0 0.105662 -0.0855023 0.518344 0.695615
71.5 0 0.0803494 0.211882 0.155333 0.641568
71.6 0 -0.185022 -0.121681 0.00184689 0.138653
71.7 0 -0.0387747 -0.077121 0.0585518 0.208154
71.8 0 0.389397 0.286147 0.408214 0.574817
71.9 0 0.594124 0.505025 0.571153 0.757354
72 0 0.42515 0.467767 0.453598 0.658471
72.1 0 -1.17741 0.129296 -0.161586 0.219899
72.2 0 -1.42277 -0.908821 -0.74159 -0.195601
72.3 0 -0.457881 -1.26253 -1.41929 -0.268059
72.4 0 0.0217326 -1.18203 -0.947286 -1.39285
72.5 0 0.156204 -0.549643 -0.892257 -1.14554
72.6 0 0.550852 0.721138 -0.154954 -0.342124
72.7 0 0.558482 0.892945 0.78309 0.0928331
72.8 0 0.171623 0.780278 0.943408 0.0865485
72.9 0 0.0808162 0.215432 0.823468 -0.102297
73 0 0.00287978 -0.0321797 0.310673 -0.121376
73.1 0 -0.449249 -0.550407 -0.47281 -0.676602
73.2 0 -0.702111 -0.782239 -1.03811 -0.99938
73.3 0 -0.0393809 -0.154886 -0.51488 -0.373006
73.4 0 0.436831 0.277545 -0.0135598 0.115349
73.5 0 0.389623 0.395747 0.333738 0.273043
73.6 0 0.114053 0.106023 0.228405 0.0694957
73.7 0 0.0505278 0.067098 0.289897 0.0777138
73.8 0 -0.246313 -0.162796 0.0298271 -0.161593
73.9 0 -0.341746 -0.206516 -0.197943 -0.261675
74 0 -0.519923 -0.446096 -0.519009 -0.48886
74.1 0 -0.278895 -0.47496 -0.576448 -0.484669
74.2 0 -0.540625 -0.764171 -0.911418 -0.591558
74.3 0 -1.08238 -1.20202 -1.75407 -0.565901
74.4 0 -1.5149 -1.59565 -1.50931 -1.30414
74.5 0 -1.29039 -1.56609 -0.674938 -1.32711
74.6 0 1.07366 -0.0642454 -0.155156 -0.628332
74.7 0 0.631854 1.57089 0.381082 0.366754
74.8 0 0.790147 1.68057 1.13055 1.22919
74.9 0 1.0531 1.5286 1.51663 1.56049
75 0 1.40257 0.688487 1.36304 1.33102
75.1 0 0.793913 0.234826 0.885566 0.81354
75.2 0 -0.298658 0.0360675 0.502388 0.43187
75.3 0 -0.594466 0.203666 -0.014187 0.20593
75.4 0 -0.667006 -0.583935 -0.518598 -0.270905
75.5 0 -0.628011 -0.64228 -0.562588 -0.323492
75.6 0 -0.356693 -0.484399 -0.348572 -0.221849
75.7 0 0.392522 0.12577 0.262484 0.393065
75.8 0 1.04871 0.761805 0.844629 0.9836
75.9 0 0.996371 1.05635 0.926841 1.07353
76 0 0.491187 0.918895 0.723511 0.869051
76.1 0 0.479936 0.710406 0.725192 0.626266
76.2 0 0.329254 0.347415 0.810513 0.00522352
76.3 0 0.314244 0.0999744 0.53345 -0.0362757
76.4 0 0.329199 0.24669 -0.120356 0.230427
76.5 0 0.117366 0.175183 -0.644667 0.0585329
76.6 0 0.106075 0.013222 -0.468469 -0.0828145
76.7 0 -0.0697815 -0.118797 0.64143 -0.315926
76.8 0 -1.19882 0.0540845 0.752451 0.193592
76.9 0 -0.123613 -0.0730049 -0.482426 0.625884
77 0 -0.127435 -0.751599 -0.831152 -0.151988
77.1 0 -0.273113 -0.840587 -0.722878 -0.822507
77.2 0 -0.321239 -0.718468 -0.865712 -0.867294
77.3 0 -0.520449 -0.296604 -0.759378 -0.752189
77.4 0 -0.120263 0.0243789 -0.159057 -0.308013
77.5 0 0.236223 -0.107736 0.157696 -0.122851
77.6 0 0.145938 0.34084 0.345369 0.0677314
77.7 0 0.338633 0.507124 0.5259 0.260589
77.8 0 0.34776 0.0161255 0.252679 0.0262013
77.9 0 -0.41111 -0.283462 -0.373065 -0.436905
78 0 -0.862815 -0.65203 -0.812312 -0.843295
78.1 0 -1.00471 -1.45024 -1.50993 -1.52794
78.2 0 -1.32009 -1.41998 -1.55479 -1.62698
78.3 0 -0.81372 -0.892522 -1.03988 -1.10771
78.4 0 -0.218229 -0.263715 -0.362571 -0.475513
78.5 0 -0.147983 -0.049075 -0.037763 -0.274287
78.6 0 1.53443 0.151954 0.152873 -0.200125
78.7 0 0.581652 1.06108 0.463611 -0.049449
78.8 0 0.0475475 0.709097 0.321463 0.758419
78.9 0 0.183369 0.831375 0.842502 1.00323
79 0 -0.0463559 0.464338 0.600141 0.706834
79.1 0 0.35674 -0.372812 0.417499 0.484742
79.2 0 0.441802 -0.164017 0.553979 0.613571
79.3 0 -0.122361 -0.0599008 -0.090808 0.231654
79.4 0 -0.399593 0.155974 -0.328106 0.11444
79.5 0 -0.328764 0.245302 -0.191597 0.188255
79.6 0 0.46849 -0.0758159 0.284189 0.286129
79.7 0 0.518215 0.123424 0.462743 0.415508
79.8 0 0.44525 0.647521 0.693738 0.634618
79.9 0 0.0956945 0.784851 0.665399 0.605788
80 0 -0.04998 -0.041238 0.25459 0.270067
80.1 0 -0.335183 -0.286591 -0.159049 -0.0600017
80.2 0 -0.0724054 -0.0707744 0.0419232 0.1477
80.3 0 0.338512 0.302543 0.391081 0.507001
80.4 0 0.350452 0.311058 0.367193 0.495029
80.5 0 0.337755 0.295042 0.313661 0.453221
80.6 0 0.284689 0.250501 0.230703 0.379704
80.7 0 0.294769 0.180841 0.173304 0.328124
80.8 0 0.689257 0.545523 0.532559 0.689457
80.9 0 0.780668 0.706641 0.795747 0.651236
81 0 0.462401 0.697446 1.01514 -0.19409
81.1 0 -0.282132 0.207938 -0.039897 -0.721568
81.2 0 -2.15447 -0.105939 -1.62772 -0.639191
81.3 0 -0.655794 -1.98304 -0.801606 -0.395565
81.4 0 -0.252056 -1.53339 -0.659916 -0.775166
81.5 0 0.195533 -0.580808 -0.479716 -0.434759
81.6 0 0.0468621 0.565212 -0.207361 -0.109582
81.7 0 0.365104 0.950349 0.0932494 0.234506
81.8 0 0.58878 0.644025 0.591819 0.383191
81.9 0 0.817644 0.735626 0.802649 0.574645
82 0 0.805084 0.639596 0.781982 0.552232
82.1 0 0.498405 0.318271 0.493523 0.273226
82.2 0 -0.0608489 -0.159628 -0.0954235 -0.192076
82.3 0 -0.567633 -0.461022 -0.507892 -0.571939
82.4 0 -0.577719 -0.550814 -0.566866 -0.600931
82.5 0 -0.486978 -0.438878 -0.47106 -0.481423
82.6 0 -0.33142 -0.288991 -0.319637 -0.312769
82.7 0 -0.0634671 -0.0476286 -0.0610407 -0.0432364
82.8 0 -0.019884 -0.0488468 -0.0362011 0.0190786
82.9 0 -0.0742742 -0.142623 -0.158671 0.0449651
83 0 -0.321049 -0.414998 -0.400823 -0.172594
83.1 0 -0.458265 -0.496239 -0.47184 -0.361201
83.2 0 -0.439251 -0.311713 -0.356536 -0.345963
83.3 0 -0.295692 -0.527631 -0.527698 -0.647812
83.4 0 -0.504773 -0.602287 -0.716771 -0.858593
83.5 0 -0.470141 -0.538813 -0.661406 -0.78679
83.6 0 -0.548129 -0.591403 -0.711183 -0.836764
83.7 0 -0.310671 -0.336289 -0.51101 -0.510029
83.8 0 -0.264461 -0.36695 -0.416608 -0.369923
83.9 0 -0.428361 -0.658146 -0.452088 -0.448639
84 0 -1.03017 -1.05854 -0.938947 -0.737639
84.1 0 -0.877688 -0.66492 -0.42725 -0.326849
84.2 0 -0.758474 -0.326851 -0.0946426 -0.200346
84.3 0 0.112991 0.293054 0.000674004 0.0700421
84.4 0 1.66672 0.57649 0.244862 0.125455
84.5 0 0.648383 0.645277 0.446751 0.159492
84.6 0 0.27445 0.694214 0.402896 0.337143
84.7 0 0.0969434 0.60214 0.489169 0.443679
84.8 0 0.22519 0.595781 0.54788 0.551001
84.9 0 0.740289 0.136051 0.353213 0.308705
85 0 0.663885 -0.0564165 0.0704425 -0.00962148
85.1 0 -0.172495 -0.0417435 -0.424808 -0.534509
85.2 0 -0.687241 0.4633 -0.485307 -0.643416
85.3 0 0.205652 0.340049 0.517289 -0.154359
85.4 0 1.22599 -0.116889 2.20832 0.536467
85.5 0 0.88291 1.08225 1.91996 0.765218
85.6 0 0.38909 3.26401 0.395231 1.1648
85.7 0 0.571985 -0.772731 1.75122 1.34266
85.8 0 0.574444 0.401413 0.176206 1.47728
85.9 0 0.620904 0.47444 -0.371844 1.98235
86 0 0.761576 0.375195 -0.248332 2.03898
86.1 0 0.716562 0.174743 1.13202 0.845382
86.2 0 0.0936033 0.412225 0.718676 0.569682
86.3 0 -0.288495 0.266394 0.24679 0.22953
86.4 0 0.0867783 0.325444 0.449193 0.435333
86.5 0 0.287848 0.184022 0.457679 0.452319
86.6 0 -0.307786 -0.020989 0.400438 0.414303
86.7 0 -1.1552 -0.756435 0.319307 0.373462
86.8 0 -0.310339 -1.24906 0.286285 0.419574
86.9 0 -0.13337 -0.0690762 -1.02465 0.372905
87 0 -0.0552205 0.429848 -1.72403 0.263155
87.1 0 0.0754573 0.65056 -1.97072 0.21748
87.2 0 0.169521 -0.496112 0.24249 -0.745715
87.3 0 0.198739 -0.588748 0.364012 -0.72172
87.4 0 0.0225306 -0.553131 0.376984 -0.750269
87.5 0 -0.70957 -0.0210752 -0.0899864 -0.951177
87.6 0 -1.0749 -0.364311 -0.433678 -1.48569
87.7 0 -1.05565 -0.59497 -0.502375 -1.79111
87.8 0 -0.261467 -0.486214 -0.303799 -1.56237
87.9 0 0.789457 0.0181296 -0.534544 -0.52075
88 0 1.10979 0.400547 -0.857522 -0.00786158
88.1 0 0.210072 0.210066 0.180351 -0.00489702
88.2 0 -0.501119 -0.400993 -0.37449 -0.609959
88.3 0 -0.592066 -0.427747 -0.355954 -0.61418
88.4 0 -0.366824 -0.187159 -0.0939358 -0.318734
88.5 0 -0.015957 0.0477302 0.378253 0.0488367
88.6 0 0.0212728 -0.0246496 0.504596 0.094558
88.7 0 -0.534572 -0.446811 -0.301426 -0.48904
88.8 0 -0.667179 -0.786238 -0.837337 -0.889435
88.9 0 -0.860017 -0.807795 -1.07601 -1.02493
89 0 -0.792482 -0.808314 -0.993031 -0.964711
89.1 0 -0.25991 -0.390431 -0.410027 -0.447656
89.2 0 -0.114857 -0.329066 -0.227069 -0.313881
89.3 0 -0.137478 -0.375811 -0.232276 -0.3351
89.4 0 -0.181221 -0.37216 -0.288872 -0.363816
89.5 0 -0.297626 -0.373472 -0.458499 -0.456764
89.6 0 -0.212894 -0.228599 -0.365202 -0.347634
89.7 0 -0.248607 -0.054964 -0.253795 -0.264441
89.8 0 1.48148 0.370706 0.0488039 -0.0636022
89.9 0 0.556045 1.02304 0.775795 -0.0334961
90 0 0.128094 0.992328 1.18607 0.0170393
90.1 0 -0.116748 0.585305 0.436076 0.602709
90.2 0 -0.00407144 0.0167714 0.0122212 0.591854
90.3 0 0.411315 -0.294686 0.0907599 0.631762
90.4 0 -0.13185 0.361151 0.16505 0.670417
90.5 0 -0.0231367 0.345856 0.234743 0.698175
90.6 0 0.739534 -0.0790165 0.407301 0.826083
90.7 0 0.487649 0.629572 0.520411 0.902158
90.8 0 0.806995 1.17718 0.922288 1.26433
90.9 0 0.674194 0.941592 1.08846 1.43833
91 0 0.537168 0.180886 0.910436 1.21762
91.1 0 0.279374 0.366358 0.536054 0.60839
91.2 0 -0.141795 -0.0123035 0.0738604 0.177387
91.3 0 -0.0538712 0.0363581 0.111654 0.224815
91.4 0 0.421189 0.350539 0.472233 0.597174
91.5 0 0.578303 0.40949 0.543456 0.683178
91.6 0 0.640448 0.497894 0.580652 0.737985
91.7 0 0.34672 0.427956 0.364085 0.538473
91.8 0 0.1495 0.445881 0.396322 0.582888
91.9 0 -1.54402 0.272473 0.309422 0.556535
92 0 -0.497951 -1.15314 -0.36098 0.194414
92.1 0 -0.301834 -0.818764 -1.73501 -0.159819
92.2 0 -0.28942 -0.658594 -1.45021 -0.706536
92.3 0 -0.0391221 -0.443856 -0.654487 -0.975005
92.4 0 0.149244 -0.658645 0.044153 -0.747515
92.5 0 -0.415622 0.271549 -0.317999 -0.737686
92.6 0 -0.783556 -0.394155 -0.397 -1.0964
92.7 0 -0.561002 -0.841081 -0.463741 -1.29604
92.8 0 -0.671779 -1.01924 -0.763597 -1.49369
92.9 0 -0.853763 -0.919159 -0.967883 -1.563
93 0 -0.874757 -0.893609 -1.06127 -1.56841
93.1 0 -0.57525 -0.594151 -1.06789 -1.01595
93.2 0 1.16569 -0.39775 -0.600212 -0.697422
93.3 0 2.03926 0.539846 -0.0596722 -0.186225
93.4 0 0.329783 2.16294 0.643075 0.0869299
93.5 0 0.134898 1.43741 2.24768 0.392069
93.6 0 -0.0678275 1.42219 2.15276 0.37722
93.7 0 0.532314 0.146229 1.89758 0.275858
93.8 0 0.685748 0.265024 1.34749 0.292373
93.9 0 0.261314 -0.221964 -0.23551 0.882308
94 0 -0.13274 0.112135 -0.698362 0.853067
94.1 0 -1.05691 0.712299 -1.23669 0.979994
94.2 0 0.160109 -1.41699 -0.636588 1.18312
94.3 0 0.136553 -1.59876 -0.629021 1.16078
94.4 0 -0.740953 -0.332964 -0.706973 0.323124
94.5 0 -1.12585 0.823547 -0.697206 0.436258
94.6 0 0.137031 -0.740998 0.272834 0.469088
94.7 0 1.15212 -0.687448 0.222366 0.311028
94.8 0 -0.043263 0.777507 -0.210012 0.180041
94.9 0 -0.357879 0.800811 0.0534419 0.116243
95 0 0.0750872 0.228084 1.20692 -0.875584
95.1 0 0.245888 0.043153 1.00718 -0.91089
95.2 0 0.294967 0.437836 0.1927 -0.961079
95.3 0 0.399791 0.84285 -0.407961 -0.63502
95.4 0 1.0474 -0.0873491 -0.107952 -0.468242
95.5 0 -0.296948 -0.37716 -0.106581 0.495258
95.6 0 -0.930998 -0.19198 0.137827 0.810089
95.7 0 -0.590518 -0.436496 -0.041392 0.765054
95.8 0 -0.100901 -0.252289 -0.553957 0.613267
95.9 0 0.0887336 -0.173624 -0.51215 0.237252
96 0 0.163453 -0.20526 0.176946 -0.486119
96.1 0 -0.015647 0.0273351 0.0974069 -0.492502
96.2 0 -0.109434 0.136504 -0.04989 -0.525891
96.3 0 -0.0711832 0.0719853 -0.146582 -0.558743
96.4 0 -0.020493 -0.184123 -0.0910649 -0.602432
96.5 0 0.0527402 -0.169412 -0.147577 -0.489606
96.6 0 0.156502 -0.0301882 -0.0994172 -0.404872
96.7 0 0.0782725 0.0888576 -0.105461 -0.39685
96.8 0 -0.230594 0.400459 -0.00062785 -0.347691
96.9 0 0.0441726 -0.302891 -0.049276 0.41247
97 0 0.0961092 -0.346611 0.0266106 0.64653
97.1 0 -0.181628 0.137864 0.0618114 0.607393
97.2 0 -0.109575 0.212617 0.117527 0.59167
97.3 0 0.0807961 0.0744375 0.244175 0.465861
97.4 0 0.236689 -0.0549278 0.213641 0.407483
97.5 0 0.0394009 0.277411 0.191819 0.196215
97.6 0 0.111088 0.276468 0.645456 -0.36743
97.7 0 0.23098 0.440743 0.167156 -0.232093
97.8 0 0.487591 0.27825 -0.485937 0.237632
97.9 0 0.018263 -0.418508 0.0259478 0.251868
98 0 -0.75787 -0.332891 0.310634 -0.0235506
98.1 0 -0.430318 -0.00503362 -0.208354 -0.202429
98.2 0 0.0753532 -0.129858 -0.372053 -0.271148
98.3 0 0.272319 -0.21031 -0.37906 -0.302689
98.4 0 0.174168 -0.160239 -0.228937 -0.331913
98.5 0 -0.0581942 -0.0645996 -0.13557 -0.332878
98.6 0 -0.254762 0.0522819 -0.0923909 -0.272015
98.7 0 -0.354085 -0.0511707 0.067314 -0.114844
98.8 0 0.232414 -0.320735 -0.0754047 0.327527
98.9 0 0.21508 0.0759146 -0.0180862 0.326843
99 0 -0.116666 0.412284 0.236923 0.183803
99.1 0 -0.063747 0.272395 0.527898 -0.0118643
99.2 0 0.353498 -0.0550162 0.172868 0.24621
99.3 0 0.292662 0.112096 -0.0853042 0.280746
99.4 0 -0.108081 0.287926 -0.0689252 0.22335
99.5 0 -0.305869 -0.121056 0.400704 -0.0973168
99.6 0 0.0169009 -0.246392 0.0761599 -0.100249
99.7 0 0.163465 0.0516143 -0.560412 0.016122
99.8 0 -0.0296776 0.0122028 -0.245809 -0.269742
99.9 0 -0.186656 -0.264659 0.117602 -0.313328
100 0 -0.204151 -0.146489 0.049833 -0.257651
100.1 0 0.0736173 0.0499703 -0.393206 0.0352508
100.2 0 0.179294 -0.0511613 -0.212638 0.0963554
