0.1 0 -0.0468611 -0.0686877 -0.0785468 -0.0823407
0.2 0 0.0491519 0.0424902 0.0274382 0.0182071
0.3 0 -0.0568449 -0.0412314 -0.0300876 -0.027346
0.4 0 0.347197 0.477186 0.552412 0.590238
0.5 0 -0.51771 -0.549995 -0.505948 -0.470881
0.6 0 0.677211 0.602874 0.498339 0.445355
0.7 0 -0.903184 -0.896763 -0.942472 -1.00016
0.8 0 -0.0471107 -0.562486 -0.701571 -0.715227
0.9 0 1.88028 2.67843 2.74538 2.71825
1 0 -1.43915 -0.780566 0.0679385 0.435562
1.1 0 -0.461649 -1.16411 -1.40228 -1.43076
1.2 0 0.703594 -0.83786 -1.60141 -1.73223
1.3 0 -2.07332 -1.46225 -2.3354 -3.24324
1.4 0 1.44506 1.67193 1.77053 2.03074
1.5 0 -1.33457 -1.94939 -1.15611 -0.768107
1.6 0 8.49875 11.5992 12.537 12.9577
1.7 0 0.669717 2.72553 4.21364 4.54756
1.8 0 -11.5007 -12.9267 -13.2741 -12.2681
1.9 0 -7.48134 -11.9283 -12.521 -13.1009
2 0 3.9768 0.729549 -3.12106 -3.6632
2.1 0 2.18253 1.76512 0.76813 -1.98454
2.2 0 4.69884 5.72645 7.9066 4.97784
2.3 0 -3.81514 -3.05497 -2.49083 -1.67655
2.4 0 2.71478 3.427 3.95191 4.71434
2.5 0 9.74325 10.4119 10.9003 11.6142
2.6 0 -8.47797 -4.01171 -3.94605 -3.08304
2.7 0 -0.620629 -1.38607 -1.00567 1.24913
2.8 0 1.40216 1.16968 0.438637 2.2522
2.9 0 -11.2111 -12.6146 -12.4075 -12.4535
3 0 -11.974 -15.0441 -15.0845 -15.2027
3.1 0 -6.19131 -5.39537 -6.53269 -7.18075
3.2 0 5.25916 6.11394 7.6883 5.26204
3.3 0 17.209 18.5614 18.7337 17.3666
3.4 0 -11.495 -9.38392 -11.0709 -11.2207
3.5 0 18.5909 15.1392 16.8771 17.4815
3.6 0 4.87803 6.10446 5.10722 6.43278
3.7 0 -14.4711 -11.6312 -11.7046 -10.8652
3.8 0 0.897112 -3.7883 -1.87851 -1.04631
3.9 0 6.21689 8.47673 5.67996 5.72892
4 0 1.78865 2.82925 3.53825 1.71482
4.1 0 6.47758 5.51842 8.54955 7.47894
4.2 0 5.98027 6.17864 4.54499 7.72936
4.3 0 -3.97548 -3.64644 -3.94595 -3.72086
4.4 0 -2.27946 -1.84948 -2.30639 -2.03395
4.5 0 0.950972 1.36136 0.929343 1.15997
4.6 0 -8.16217 -8.1563 -7.84527 -8.0123
4.7 0 4.90417 4.81988 5.20866 4.9817
4.8 0 12.2077 12.2288 12.3532 12.2428
4.9 0 9.24206 9.43874 9.27332 9.29643
5 0 2.62056 2.96265 2.64731 2.73752
5.1 0 -0.359041 0.00902427 -0.211707 -0.172857
5.2 0 -0.184961 1.32048 1.58595 1.38807
5.3 0 -13.1648 -8.21623 -7.87821 -8.07083
5.4 0 -2.66209 -5.69541 -3.12035 -2.39909
5.5 0 -7.45053 -9.2386 -8.83454 -8.70529
5.6 0 -4.1614 -4.87813 -5.67431 -6.06898
5.7 0 4.96119 4.29013 3.65271 3.07118
5.8 0 -9.66492 -10.2934 -10.889 -11.4321
5.9 0 11.8813 11.2926 10.7362 10.229
6 0 -4.60743 -5.15702 -5.67684 -6.15051
6.1 0 -7.51563 -8.02908 -9.13218 -8.33936
6.2 0 4.20249 1.34694 2.24056 1.49915
6.3 0 4.29362 4.38421 4.24278 4.15007
6.4 0 -3.9867 -3.43217 -3.60473 -3.68163
6.5 0 -1.32192 -1.12093 -1.30456 -1.37086
6.6 0 -0.351426 -0.12889 -0.304813 -0.366107
6.7 0 6.82298 7.05689 6.90445 6.84303
6.8 0 -3.67777 -3.04965 -3.16371 -3.22916
6.9 0 -0.0293635 1.12707 1.06814 0.996629
7 0 -9.72368 -10.0544 -10.0418 -9.73903
7.1 0 -11.3359 -11.754 -12.0817 -10.9756
7.2 0 -9.14317 -9.62022 -9.38358 -9.35562
7.3 0 7.68046 4.7775 5.21296 4.86459
7.4 0 -0.522579 -3.21732 -2.78242 -3.25788
7.5 0 9.55582 7.2209 7.37886 7.17262
7.6 0 5.66021 7.99816 5.75764 5.80324
7.7 0 1.47912 3.64216 1.52465 2.14873
7.8 0 5.92206 6.81391 8.73874 7.29447
7.9 0 -1.27423 0.4342 3.41127 1.21804
8 0 -2.65221 0.297925 1.56161 0.148445
8.1 0 -1.13564 -1.68472 -1.94707 -1.10629
8.2 0 0.0942709 -0.385701 -0.859206 0.155332
8.3 0 -0.693723 -0.895234 -2.20273 -0.368474
8.4 0 -2.39235 -2.82932 -3.91364 -1.82023
8.5 0 0.111761 -0.517305 0.00861538 -0.136819
8.6 0 1.6541 1.07144 1.63781 1.33367
8.7 0 7.69584 7.60654 7.84033 7.48271
8.8 0 -0.412781 2.76509 1.44913 1.04018
8.9 0 0.556681 -0.480634 1.76559 0.941737
9 0 6.02251 6.08648 6.0281 6.4645
9.1 0 2.37954 2.4874 2.31333 2.88346
9.2 0 5.71067 5.8721 5.65815 6.2393
9.3 0 3.80606 4.10023 3.93233 4.16884
9.4 0 1.30001 1.7286 1.41945 1.71063
9.5 0 0.529867 0.991298 0.737366 0.983342
9.6 0 -3.08681 -2.7844 -2.6283 -2.60485
9.7 0 -5.37975 -2.76872 -2.48456 -2.53473
9.8 0 -4.69841 -2.26712 -2.08499 -2.07495
9.9 0 -4.33739 -5.70963 -3.90802 -3.67221
10 0 -3.54715 -3.67558 -4.2048 -2.8109
10.1 0 0.181979 0.174519 -0.574963 0.840771
10.2 0 2.36299 0.191053 0.609832 1.85462
10.3 0 -1.97229 -5.57658 -2.87114 -4.76943
10.4 0 -3.30246 -6.36557 -4.00954 -6.4788
10.5 0 1.79098 4.38707 0.273109 -0.274182
10.6 0 1.46909 3.90615 0.053643 -0.457098
10.7 0 1.01349 0.270263 0.96561 -0.457578
10.8 0 -3.18686 -5.06151 -4.21923 -4.25344
10.9 0 -3.8091 -4.28272 -4.18613 -4.19049
11 0 -0.397341 -0.482742 -0.598641 -0.56802
11.1 0 0.473353 0.401995 0.262719 0.323181
11.2 0 -2.6302 -2.6927 -2.84604 -2.76337
11.3 0 -2.38294 -2.44873 -2.60616 -2.50941
11.4 0 -1.38207 -1.46621 -1.83376 -1.2947
11.5 0 2.24312 -0.219572 -1.02055 0.420411
11.6 0 3.10804 0.849677 0.791128 0.760909
11.7 0 0.963611 -1.0169 -0.879097 -1.35202
11.8 0 0.100121 1.7495 0.222488 -0.311146
11.9 0 2.12284 4.69654 2.82195 2.36018
12 0 0.804284 2.39139 2.33896 1.20695
12.1 0 -0.910545 -1.36399 2.61572 0.675281
12.2 0 -2.16792 -1.52722 1.9143 0.0105319
12.3 0 -2.37054 1.38347 -0.829488 0.0631029
12.4 0 1.05249 0.629368 0.401266 1.41555
12.5 0 4.34175 3.73236 3.04613 5.39813
12.6 0 2.84936 1.8892 1.63195 4.15027
12.7 0 1.50191 0.451166 3.0748 1.93083
12.8 0 2.07606 2.61135 2.44322 2.57057
12.9 0 0.844766 1.59639 1.27084 1.42631
13 0 1.5119 2.32663 1.89674 2.09707
13.1 0 0.228631 0.748716 0.188428 0.569139
13.2 0 1.08536 1.61323 1.05598 1.4239
13.3 0 0.859056 1.0998 1.12401 1.18941
13.4 0 0.655297 0.719778 1.1023 0.978361
13.5 0 0.37066 0.410217 0.850895 0.69104
13.6 0 -1.01022 1.5624 1.64257 1.66533
13.7 0 -3.1967 -1.23084 -1.13018 -0.976774
13.8 0 -1.6165 -3.05351 -2.31145 -1.51633
13.9 0 -1.05305 -1.98622 -2.33553 -1.0595
14 0 -0.111453 -0.943011 -1.51265 -0.219756
14.1 0 0.239407 -1.4365 -0.740929 -1.11501
14.2 0 -1.97 -4.43543 -2.9191 -4.17131
14.3 0 -2.31255 -2.88609 -1.90605 -4.07632
14.4 0 -1.91686 -1.53195 -1.46758 -3.68975
14.5 0 -2.29721 -1.69486 -3.33531 -2.72518
14.6 0 -1.93578 -0.580306 -3.75934 -2.35414
14.7 0 0.76929 0.337309 0.407933 0.187905
14.8 0 -0.000601735 -0.623764 -0.358061 -0.711386
14.9 0 0.4059 -0.252514 0.0591629 -0.302655
15 0 5.29003 2.92121 2.97391 2.80569
15.1 0 3.97333 1.56231 1.57524 1.41678
15.2 0 0.648755 0.106594 0.0409555 -0.103976
15.3 0 0.014924 0.830037 0.679801 0.549299
15.4 0 -3.96388 -0.529297 -1.9482 -2.07596
15.5 0 -3.89965 0.674739 -1.25375 -1.41487
15.6 0 -1.43704 -1.18398 -0.894714 -1.12258
15.7 0 2.58325 -0.785638 0.629203 0.722484
15.8 0 4.96298 0.212717 3.66639 3.51099
15.9 0 -0.396311 0.162635 -0.168279 0.455212
16 0 -0.428699 1.49459 0.436075 1.2534
16.1 0 -3.21948 -0.338686 -1.18811 -0.529101
16.2 0 -0.825079 0.226195 0.339519 0.267636
16.3 0 -0.956726 -1.27785 -0.512764 -0.741526
16.4 0 -2.3451 -2.75679 -1.94738 -2.20586
16.5 0 0.320007 0.168249 0.332247 0.392817
16.6 0 -0.553358 -0.681346 -0.6736 -0.54092
16.7 0 0.197985 0.233724 -0.177677 0.150632
16.8 0 1.45269 1.52897 0.963118 1.3429
16.9 0 2.91579 2.81624 2.62517 2.68286
17 0 2.15642 1.92715 2.40954 1.4705
17.1 0 2.52946 2.48211 2.92521 1.99166
17.2 0 1.26677 1.23446 0.936373 1.27658
17.3 0 0.340948 0.325217 -0.192491 0.466104
17.4 0 1.74862 1.58093 1.41765 1.85928
17.5 0 -0.384027 -0.515054 -0.284365 -0.297652
17.6 0 -1.4519 -1.33292 -0.914371 -1.36403
17.7 0 -1.61835 -1.32854 -1.10895 -1.61135
17.8 0 -0.0675408 0.179565 0.00514059 0.140738
17.9 0 -0.409461 -0.300686 -0.533468 -0.183627
18 0 -0.10485 0.600722 0.777559 1.17908
18.1 0 -0.137647 -0.177292 0.265729 0.507935
18.2 0 -1.27955 -1.54165 -1.20225 -1.44456
18.3 0 -0.545889 -0.559788 -0.647694 -0.858148
18.4 0 -1.69827 -1.71284 -1.87314 -2.03074
18.5 0 -1.29138 -1.75873 -1.92857 -2.05823
18.6 0 -0.428473 -0.893278 -1.11188 -1.13844
18.7 0 0.902199 -0.738044 -1.23221 -1.17159
18.8 0 2.76894 0.565754 0.406248 0.287212
18.9 0 2.11932 1.42868 0.741729 0.602333
19 0 -1.62367 2.6396 0.45014 0.251735
19.1 0 -2.24219 0.59404 1.28961 0.0625637
19.2 0 -1.32434 -0.64301 0.844781 0.689082
19.3 0 2.21225 -1.94117 1.42765 1.12252
19.4 0 2.79648 0.226434 1.49107 2.06236
19.5 0 -0.782467 2.83654 -0.496048 1.5748
19.6 0 -1.41905 2.28472 -0.766428 1.00322
19.7 0 -0.133323 -1.54124 0.268887 0.394848
19.8 0 0.0796104 -2.14638 0.509304 0.215674
19.9 0 -1.23812 -2.06881 -1.32463 -1.95658
20 0 0.293074 0.346979 0.0134138 -0.46972
20.1 0 -1.83626 -1.92179 -2.3758 -2.80089
20.2 0 0.71256 -0.662593 -1.21893 -1.58542
20.3 0 -0.533923 -1.48311 -2.58711 -2.90498
20.4 0 -1.00613 0.979614 -1.28684 -1.40854
20.5 0 0.199547 2.26523 0.203276 -0.0183934
20.6 0 0.609659 1.31796 0.759859 0.0536092
20.7 0 1.80842 -0.299649 3.54548 0.927698
20.8 0 0.652439 -1.72647 2.17729 0.993831
20.9 0 1.15202 1.6617 1.25439 2.07001
21 0 0.163104 1.28334 -0.192799 1.17313
21.1 0 -0.254664 1.7322 -1.44259 0.776677
21.2 0 0.0429596 0.105285 0.120001 0.829187
21.3 0 -0.641297 -1.01572 -0.152056 0.0458154
21.4 0 0.867895 0.0226363 2.04575 1.25926
21.5 0 0.533752 0.642036 0.748735 0.930482
21.6 0 1.16023 1.42007 1.39917 1.6307
21.7 0 0.443569 0.734098 0.671129 0.916666
21.8 0 -1.64943 0.342166 0.295606 0.472022
21.9 0 -2.78135 -1.44767 -1.31074 -0.921562
22 0 0.613973 -1.01513 -0.518254 0.458688
22.1 0 -0.0859389 -1.23867 -2.0077 -0.488277
22.2 0 0.466892 -0.601362 -1.56457 -0.0820719
22.3 0 -1.01311 -2.02219 -2.47963 -1.51511
22.4 0 1.09761 -0.349922 0.550317 -0.814645
22.5 0 0.970781 -0.00643407 1.0386 -1.0782
22.6 0 -1.07985 1.42221 1.05294 -1.65249
22.7 0 -1.43012 1.98345 0.378049 -0.901298
22.8 0 1.67587 0.847542 0.659909 0.527028
22.9 0 1.48508 -0.194109 0.707972 0.313366
23 0 0.439454 -0.522087 0.46031 0.0841415
23.1 0 -1.3134 -1.03616 -1.73064 -0.322365
23.2 0 -0.578612 0.120354 -0.964631 0.829427
23.3 0 -1.50292 -1.34627 -1.03868 -0.248708
23.4 0 -0.411207 -0.778804 0.866112 0.244146
23.5 0 0.358046 0.903058 1.0208 0.411358
23.6 0 0.218246 0.432071 0.00114582 -0.32134
23.7 0 0.954542 0.180921 -0.586941 -0.496228
23.8 0 1.04543 0.305248 -0.380711 -0.3037
23.9 0 -0.59287 0.708435 -0.0236949 -0.200969
24 0 -1.16418 -0.921975 0.373505 -0.488276
24.1 0 0.174949 -0.961925 0.213634 0.455672
24.2 0 -0.356866 -0.356334 -1.14685 -0.149836
24.3 0 0.352949 0.792312 -0.37296 0.554745
24.4 0 1.2297 1.09973 1.34001 1.21462
24.5 0 1.05599 1.07206 2.25918 0.729192
24.6 0 -0.32031 0.568764 0.774968 0.476418
24.7 0 -1.51158 -0.023291 -0.163742 0.301915
24.8 0 0.00689403 -0.772637 -0.623332 0.437132
24.9 0 1.26398 0.267205 0.00140951 1.08402
25 0 -0.374424 -0.969773 -0.693664 -1.18424
25.1 0 -1.32651 -1.31299 -1.47988 -1.85915
25.2 0 -0.396503 -0.470102 -0.718881 -1.08777
25.3 0 0.415644 0.338235 -0.00632046 -0.380778
25.4 0 -0.513206 -0.837077 -1.06776 -1.5498
25.5 0 1.70629 0.976709 0.39717 0.254121
25.6 0 -0.535421 0.833145 -0.1128 -0.627127
25.7 0 -0.476513 -0.0426585 1.31484 -0.313605
25.8 0 0.260962 -0.0923107 0.893685 0.969663
25.9 0 0.311232 0.286253 0.355169 1.01272
26 0 0.811956 1.02388 0.763518 1.58464
26.1 0 -0.819173 0.140647 -0.174925 0.710166
26.2 0 0.840626 0.138736 0.756457 1.65192
26.3 0 -0.137627 -0.427994 -0.656987 0.443094
26.4 0 -1.20699 -1.16257 -1.80556 -0.594457
26.5 0 0.554883 0.344221 0.282181 1.03033
26.6 0 -0.32634 -0.54442 0.576493 -0.862852
26.7 0 -0.0249711 0.239367 0.514209 -0.554576
26.8 0 -0.311845 0.129392 -0.0544398 -1.05219
26.9 0 -0.123204 -0.0250095 -0.102017 -1.14454
27 0 -0.994363 -1.40069 -1.88977 -1.82994
27.1 0 0.589466 -0.960619 -1.52609 -1.43941
27.2 0 1.50451 0.551022 -0.13298 -0.178514
27.3 0 0.302998 2.22156 0.354278 0.236168
27.4 0 -0.639177 0.349468 1.23829 -0.277854
27.5 0 -0.573458 -0.558906 1.18438 -0.062567
27.6 0 -0.496527 -0.93222 0.21184 0.386936
27.7 0 0.206559 -0.0669362 0.0907807 0.805453
27.8 0 0.254843 0.189162 -0.311801 0.70499
27.9 0 0.817352 0.995415 0.117257 1.28002
28 0 -0.354975 -0.279676 -0.826812 0.123307
28.1 0 0.536502 0.396601 0.668799 0.79019
28.2 0 0.293216 0.183924 0.819283 0.711647
28.3 0 -0.551755 -0.282955 0.104624 0.0735977
28.4 0 -0.369858 0.0937268 0.0898981 0.25901
28.5 0 0.0251007 0.302851 0.177294 0.456699
28.6 0 0.492059 0.423876 0.326306 0.669769
28.7 0 0.879618 0.100815 0.292252 0.822011
28.8 0 -0.432952 -0.352501 -0.794692 0.0977341
28.9 0 -0.705011 -0.514324 -0.847719 -0.0816704
29 0 0.0450139 0.0935735 0.983827 -0.198584
29.1 0 -0.21326 0.0180777 0.433795 -0.646037
29.2 0 -0.252628 -0.0648647 -0.0700667 -0.835311
29.3 0 0.232637 0.0237032 -0.00131214 -0.621095
29.4 0 0.572059 0.278401 -0.0127134 0.00373934
29.5 0 -0.515898 -0.759117 -1.07687 -1.03053
29.6 0 -0.824106 -0.885934 -1.28891 -1.22864
29.7 0 0.153818 -0.0100161 -0.189239 -0.255605
29.8 0 0.427478 0.122416 0.00895237 -0.0896522
29.9 0 0.862069 0.867364 0.641866 0.530712
30 0 -0.217801 0.200745 -0.0911675 -0.225448
30.1 0 -0.349147 0.205071 0.000115662 -0.169201
30.2 0 -0.450753 -0.427322 -0.00612184 -0.384689
30.3 0 -0.258811 -0.742573 0.0328237 -0.249657
30.4 0 -0.49326 -1.07567 -1.046 0.0731206
30.5 0 -0.392266 -0.797061 -1.21904 0.0478321
30.6 0 0.324719 0.35589 0.0663685 -0.0133052
30.7 0 -1.33616 -1.29338 -0.519926 -2.01374
30.8 0 0.162805 0.842511 0.908961 -0.0286499
30.9 0 -0.254699 0.514718 -0.388208 0.303354
31 0 1.13281 1.12405 1.24833 1.50893
31.1 0 -0.465742 -0.871842 -0.342049 -0.231691
31.2 0 -1.74725 -2.1661 -1.6713 -1.54936
31.3 0 -0.380805 -0.176957 -0.673515 -0.120958
31.4 0 -0.0700233 0.203537 -0.252805 0.128054
31.5 0 0.278383 0.289809 0.234557 0.392464
31.6 0 0.243903 0.0131527 0.36244 0.285304
31.7 0 0.506346 0.290342 0.734179 0.522316
31.8 0 1.57859 1.60377 1.74911 1.44186
31.9 0 1.06283 1.22554 1.15976 0.872081
32 0 -0.630172 -0.375239 -0.732193 -0.715491
32.1 0 0.614396 0.784671 0.4517 0.517368
32.2 0 0.757456 0.759372 0.721308 0.671188
32.3 0 -0.360322 -0.443954 -0.233468 -0.358909
32.4 0 -0.0127953 -0.15858 0.146453 0.0848577
32.5 0 0.64702 0.67053 0.677582 0.865839
32.6 0 0.407209 0.429824 0.35209 0.606214
32.7 0 1.59054 1.59253 1.55341 1.69188
32.8 0 1.64819 1.63269 1.67872 1.64029
32.9 0 -0.415467 -0.419152 -0.329387 -0.502489
33 0 -0.575046 -0.540758 -0.427657 -0.774325
33.1 0 0.518756 0.577797 0.407546 0.492897
33.2 0 0.626594 0.646178 0.429011 0.621671
33.3 0 0.594204 0.492033 0.463491 0.564751
33.4 0 0.231862 0.0909535 0.205898 0.183961
33.5 0 -0.0244981 -0.0134267 0.132016 -0.0778854
33.6 0 -0.87889 -0.113451 -0.0495294 -0.0644439
33.7 0 -1.64264 -0.663052 -0.435903 -0.101495
33.8 0 -0.724367 -0.787932 -0.610159 -0.405218
33.9 0 -0.108479 -0.379259 -0.179574 -0.235153
34 0 -1.51264 -1.60427 -1.71012 -1.78797
34.1 0 -1.7086 -1.84142 -1.91003 -2.04634
34.2 0 -0.992088 -1.6328 -1.70594 -1.82433
34.3 0 0.327893 -0.293509 -0.38517 -0.480069
34.4 0 0.57807 0.285335 -0.0254381 0.00544338
34.5 0 0.565479 0.617211 0.144421 0.195031
34.6 0 0.194251 0.0777043 -0.0134449 -0.146865
34.7 0 0.325358 0.120781 0.074961 -0.0737572
34.8 0 0.612482 0.327292 0.322079 0.160946
34.9 0 -0.120479 -0.309257 -0.373148 -0.359952
35 0 -0.146185 -0.271795 -0.397819 -0.204718
35.1 0 -0.966137 -1.18473 -1.23617 -0.955831
35.2 0 0.350646 0.583222 0.609271 0.572343
35.3 0 -0.318375 0.93302 0.795584 0.394102
35.4 0 -0.309524 -0.271684 0.326637 0.0995627
35.5 0 0.540076 0.200844 0.741721 0.773451
35.6 0 0.91721 1.02647 0.663757 1.18368
35.7 0 -0.0743697 0.125916 -0.2388 0.232301
35.8 0 0.18586 0.28306 0.284172 0.43596
35.9 0 0.653353 0.431157 0.934099 0.633957
36 0 0.226426 0.466579 0.782587 0.391864
36.1 0 -0.208626 0.0306658 0.21748 0.118853
36.2 0 -1.4257 -0.514978 -0.573921 -0.401325
36.3 0 0.457713 -0.351249 -0.65834 0.134689
36.4 0 0.359774 -0.555362 -0.57905 -0.750126
36.5 0 0.46502 0.484446 0.374977 -0.0757353
36.6 0 0.340366 0.860751 0.606261 0.177101
36.7 0 -0.689873 -0.160931 -0.217267 -0.530518
36.8 0 -0.770365 -0.590213 -0.500381 -0.528793
36.9 0 -0.306278 -0.701131 -0.765738 0.118052
37 0 -0.596798 -1.407 -1.07768 -0.742416
37.1 0 0.00721057 -0.630409 -0.353051 -0.626324
37.2 0 0.846734 -0.166019 -0.391813 -0.748276
37.3 0 0.055445 1.5771 0.0935864 -0.215683
37.4 0 0.0679634 0.853564 1.10858 0.121617
37.5 0 0.478065 0.479953 0.942006 1.06273
37.6 0 0.121765 -0.110849 0.691433 0.722717
37.7 0 0.298439 0.417182 0.620586 0.969036
37.8 0 -0.545586 -0.280361 -0.306922 0.176041
37.9 0 -0.00970572 0.188973 0.0276348 0.6183
38 0 0.122651 0.140689 0.0788322 0.53383
38.1 0 0.182166 -0.566355 -0.190941 0.301262
38.2 0 -0.0018316 0.145079 -0.441589 0.508027
38.3 0 -0.0822571 0.219951 -0.0798456 0.199227
38.4 0 0.0376792 -0.187405 0.693524 -0.558648
38.5 0 0.141658 0.252441 0.531847 -0.389931
38.6 0 -0.182241 0.132767 -0.0115557 -0.642232
38.7 0 -0.0100207 0.205164 -0.253231 -0.273062
38.8 0 0.291605 0.158369 -0.087441 -0.082105
38.9 0 0.0921482 -0.174469 -0.336017 -0.317855
39 0 -0.470893 -0.818973 -0.789731 -0.848579
39.1 0 -0.925641 -1.21762 -1.1948 -1.24812
39.2 0 -0.214265 -0.333059 -0.421257 -0.468025
39.3 0 0.194384 0.0700689 -0.0666652 0.0535419
39.4 0 -0.0567675 -0.182828 -0.350353 -0.124166
39.5 0 -0.0700936 -0.176672 -0.323966 0.00255518
39.6 0 0.211019 0.08159 0.137416 -0.0342099
39.7 0 -0.502376 -0.331055 0.148151 -0.297859
39.8 0 0.479534 0.757156 0.865983 0.896045
39.9 0 0.020573 0.396909 0.278033 0.531552
40 0 0.4145 0.777637 0.686051 0.96321
40.1 0 0.144386 0.0170729 0.306656 0.376661
40.2 0 -0.257539 -0.35195 -0.243766 -0.133097
40.3 0 -0.307254 -0.267176 -0.424629 -0.307385
40.4 0 -0.0932975 -0.0964653 -0.141627 -0.231351
40.5 0 0.135679 0.0864723 0.243259 -0.21363
40.6 0 -0.170176 -0.219932 -0.277985 -0.348493
40.7 0 -0.244191 -0.258699 -0.436606 -0.321398
40.8 0 0.0923304 0.0563197 -0.0664087 0.0700808
40.9 0 0.199664 0.124448 0.14941 0.201624
41 0 0.585656 0.525546 0.673319 0.610562
41.1 0 0.568087 0.602104 0.730463 0.652437
41.2 0 0.313715 0.581059 0.490715 0.529996
41.3 0 0.38125 0.546073 0.501213 0.559175
41.4 0 0.511937 0.516155 0.58466 0.614123
41.5 0 0.857133 0.739011 0.869498 0.882819
41.6 0 0.321489 0.188198 0.29245 0.308608
41.7 0 0.190571 0.622908 0.651995 0.687785
41.8 0 -1.15322 0.608467 0.747131 0.802291
41.9 0 0.436314 -0.0106529 0.485321 0.699371
42 0 0.112595 -0.35388 -0.235695 -0.219662
42.1 0 -0.0203258 -0.255569 -0.472998 -0.471693
42.2 0 0.0572131 -0.165304 -0.311133 -0.447041
42.3 0 0.0662198 -0.136145 -0.283061 -0.407212
42.4 0 -0.44314 -0.620466 -0.768912 -0.877671
42.5 0 -0.802703 -0.956728 -1.10573 -1.19692
42.6 0 -0.698558 -0.836896 -1.06008 -0.979203
42.7 0 -0.644896 -0.779328 -0.977005 -0.905488
42.8 0 -0.388871 -0.74098 -0.607018 -0.742155
42.9 0 -0.703471 -0.805748 -0.897423 -1.02539
43 0 -0.319844 -0.409622 -0.488217 -0.612561
43.1 0 0.00968636 -0.070531 -0.131118 -0.252997
43.2 0 0.0886312 0.0160718 -0.106079 -0.0570473
43.3 0 0.0919332 0.0228733 -0.153704 0.0691126
43.4 0 -0.268849 -0.341252 -0.490374 -0.234127
43.5 0 0.112344 0.032087 0.0137864 0.111816
43.6 0 0.286345 0.0344245 0.474809 0.259497
43.7 0 -0.387213 -0.617181 -0.0642177 -0.342846
43.8 0 -0.409303 0.263252 0.0307767 0.0599123
43.9 0 -0.670889 0.331578 -0.102537 0.305404
44 0 0.0372153 0.129844 0.354602 0.41016
44.1 0 1.26211 -0.301327 0.187003 -0.16149
44.2 0 0.587596 0.803515 0.0437331 -0.0362072
44.3 0 0.299043 0.404618 0.210568 0.22274
44.4 0 0.107871 0.297846 0.602202 0.391414
44.5 0 -0.0095203 0.086045 0.481401 0.401401
44.6 0 0.0615883 0.18722 0.487259 0.517094
44.7 0 -0.25576 0.279684 -0.251324 0.186501
44.8 0 0.231291 0.421873 0.17662 0.522267
44.9 0 0.388998 0.332764 0.503421 0.58136
45 0 0.0400924 -0.130907 0.258713 0.201069
45.1 0 0.326977 0.428292 0.603173 0.548264
45.2 0 0.291654 0.466085 0.550931 0.413749
45.3 0 -0.255549 0.00182943 -0.0742176 -0.191587
45.4 0 -0.0114039 0.179298 0.0181136 -0.0298453
45.5 0 0.506842 0.290102 0.246671 0.288468
45.6 0 0.817959 0.449416 0.532423 0.566545
45.7 0 -0.181069 -0.192759 -0.108172 -0.0576194
45.8 0 -0.971897 -0.321534 -0.279168 -0.0747166
45.9 0 -0.452324 -0.45883 -0.372355 -0.458697
46 0 -0.034543 -0.319297 -0.176349 -0.309328
46.1 0 -0.0694467 -0.48111 -0.463804 -0.498743
46.2 0 0.10437 -0.17896 -0.40938 -0.335611
46.3 0 -0.0468263 0.0750739 -0.314935 -0.297357
46.4 0 -0.325109 -0.294818 -0.434415 -0.584349
46.5 0 0.0970074 -0.0235947 -0.103568 -0.239346
46.6 0 0.0800471 -0.0995002 -0.094173 -0.130744
46.7 0 -0.027656 -0.144788 -0.0673535 -0.0976315
46.8 0 0.0568793 0.089464 0.152199 0.163206
46.9 0 -0.407365 -0.259968 -0.307068 -0.095103
47 0 -0.422945 -0.329559 -0.312984 -0.171524
47.1 0 -0.0941653 -0.177274 0.0237691 -0.163704
47.2 0 0.248314 -0.259363 -0.267083 -0.394083
47.3 0 0.136665 0.514555 -0.134202 -0.0700889
47.4 0 0.100391 0.0858201 0.383413 0.240475
47.5 0 -0.069719 -0.120443 0.217228 0.115465
47.6 0 -0.160322 -0.13619 0.00129592 0.0723921
47.7 0 -0.104315 0.236455 -0.0523843 0.270757
47.8 0 0.0612385 0.274649 0.293323 0.415228
47.9 0 0.0217891 -0.132823 0.153106 0.136645
48 0 0.0549924 0.0977587 -0.0224371 0.072941
48.1 0 0.421475 0.451418 0.369857 0.340769
48.2 0 0.272614 0.238069 0.286159 0.0943529
48.3 0 0.478579 0.463344 0.554144 0.310299
48.4 0 0.547195 0.530268 0.48011 0.501106
48.5 0 0.538437 0.528163 0.425121 0.554403
48.6 0 0.853996 0.833756 0.778905 0.909455
48.7 0 -0.0304524 0.596473 0.69599 0.734299
48.8 0 -1.51641 0.0313096 0.37234 0.373842
48.9 0 -0.532306 -1.44941 -0.165151 -0.0262749
49 0 0.218053 -0.22281 -0.361628 -0.055046
49.1 0 0.0945382 -0.130488 -0.47625 -0.399323
49.2 0 0.152979 -0.0420589 -0.306452 -0.438706
49.3 0 0.159889 -0.00343135 -0.279913 -0.412155
49.4 0 -0.352554 -0.485592 -0.763791 -0.895544
49.5 0 0.244761 0.137215 -0.131965 -0.262874
49.6 0 -0.539071 -0.602996 -0.864901 -0.994492
49.7 0 -0.517916 -0.426104 -0.511555 -0.637196
49.8 0 -0.386125 -0.530585 -0.576241 -0.707672
49.9 0 -0.306957 -0.458778 -0.466464 -0.601794
50 0 -0.491925 -0.64419 -0.62208 -0.757199
50.1 0 -0.277259 -0.42183 -0.381121 -0.510425
50.2 0 -0.343755 -0.474561 -0.589543 -0.375619
50.3 0 -0.341721 -0.514987 -0.851798 -0.149229
50.4 0 0.252861 -0.620192 -0.855075 -0.677161
50.5 0 0.432186 0.405753 -0.295456 -0.594712
50.6 0 -0.380658 0.0433905 0.787175 -0.532867
50.7 0 0.0637853 0.383598 0.963971 0.740792
50.8 0 -0.214147 0.0103579 0.664292 0.550814
50.9 0 -0.0636593 0.550519 0.367678 0.686688
51 0 -0.162492 0.496206 0.124346 0.552718
51.1 0 0.549555 0.461196 0.553964 0.910688
51.2 0 0.194304 0.0495355 0.199818 0.51851
51.3 0 0.0852834 -0.0779197 0.077698 0.37438
51.4 0 0.261488 0.164959 0.294085 0.399907
51.5 0 0.502361 0.497833 0.511441 0.641285
51.6 0 0.791211 0.860998 0.730251 0.907337
51.7 0 0.826013 1.06013 0.874697 1.05187
51.8 0 0.578265 0.799245 0.718521 0.814214
51.9 0 0.610735 0.762092 0.811883 0.81463
52 0 -0.155749 -0.0549094 0.0845723 0.018485
52.1 0 0.072516 0.15812 0.255888 0.200379
52.2 0 0.362088 0.0592498 0.344727 0.17624
52.3 0 0.259209 -0.168073 0.132622 -0.217986
52.4 0 0.0259229 4.85035e-05 -0.287826 -0.761768
52.5 0 0.48799 0.783989 -0.419352 -0.0510061
52.6 0 0.509923 -0.00121208 0.303359 0.0513957
52.7 0 -1.19997 -0.49885 0.294518 0.182946
52.8 0 -0.872798 -0.764673 0.0104427 0.313538
52.9 0 -0.620557 -0.3324 -0.81887 0.0180482
53 0 -0.477906 -0.519823 -0.640462 -0.69248
53.1 0 -0.41701 -0.573541 -0.640749 -0.860335
53.2 0 -0.217461 -0.388639 -0.438834 -0.677117
53.3 0 0.245908 -0.249886 -0.29667 -0.535586
53.4 0 -0.347233 -0.80374 -0.864453 -1.08696
53.5 0 -0.38414 -0.328625 -0.739455 -0.738368
53.6 0 -0.0758339 -0.146902 -0.273607 -0.385378
53.7 0 -0.180617 -0.245604 -0.342996 -0.459451
53.8 0 -0.135688 -0.198949 -0.258423 -0.382677
53.9 0 -0.0937475 -0.189633 -0.214509 -0.346571
54 0 0.0661859 -0.00672088 -0.16842 -0.308606
54.1 0 0.683024 0.287305 0.0277641 0.126453
54.2 0 -0.0871446 0.264676 -0.625182 0.0982797
54.3 0 0.228006 0.239384 1.12693 0.778964
54.4 0 -0.134825 -0.0147398 0.969949 0.566389
54.5 0 -0.0625033 0.286409 0.790909 0.743145
54.6 0 -0.202166 0.366859 0.0423202 0.406774
54.7 0 -0.320605 -0.119314 -0.429621 0.0260416
54.8 0 0.781064 0.72379 0.604618 0.895365
54.9 0 0.108995 -0.25193 -0.123411 0.0714476
55 0 0.208762 -0.177535 -0.00261779 0.0858949
55.1 0 0.645507 0.609529 0.760317 0.48719
55.2 0 -0.183131 0.0753751 0.297597 -0.642338
55.3 0 -0.0145125 0.409976 -0.15155 0.0107221
55.4 0 -0.069341 0.111846 -0.417886 -0.0582047
55.5 0 0.163992 -0.0587513 0.0641918 0.180995
55.6 0 -0.188964 -0.551157 -0.0348668 -0.137962
55.7 0 0.0253483 -0.0699654 0.227668 0.198738
55.8 0 0.0811298 0.348996 0.366562 0.429086
55.9 0 -0.441675 0.515452 0.194928 0.415812
56 0 0.379127 -0.0122598 0.286836 0.222591
56.1 0 0.221897 -0.149615 -0.0864885 -0.195925
56.2 0 0.0955131 -0.135419 -0.200415 -0.249475
56.3 0 0.0175708 0.0587585 -0.159871 -0.144003
56.4 0 -0.214648 -0.171721 -0.417821 -0.40333
56.5 0 -0.0929927 -0.198971 -0.235323 -0.332352
56.6 0 -0.0413407 -0.222702 -0.141668 -0.26629
56.7 0 -0.0173655 0.00454781 -0.0447038 -0.0541827
56.8 0 -0.534439 -0.485351 -0.538852 -0.501191
56.9 0 -0.22182 -0.207224 -0.212428 -0.164713
57 0 -0.153385 -0.2739 -0.222165 -0.192068
57.1 0 -0.0450626 -0.105918 -0.0467903 -0.0362462
57.2 0 -0.211227 -0.165745 -0.148961 -0.146598
57.3 0 -0.243909 -0.119005 -0.141655 -0.142291
57.4 0 -0.167604 -0.117897 -0.139277 -0.146676
57.5 0 -0.147082 -0.416832 -0.42808 -0.444396
57.6 0 0.92607 0.0285962 -0.0663714 -0.0941013
57.7 0 0.485664 0.689058 -0.0266682 -0.12869
57.8 0 -0.506179 -0.00830083 0.160616 -0.19251
57.9 0 -0.468426 -0.10841 0.237863 0.16254
58 0 -0.281766 -0.213182 0.178485 0.269375
58.1 0 0.232469 0.19467 0.452427 0.596872
58.2 0 0.426863 0.626508 0.336749 0.752138
58.3 0 0.294652 0.226173 0.100896 0.41632
58.4 0 0.276248 0.130515 0.13262 0.358264
58.5 0 0.317747 0.243248 0.360447 0.414736
58.6 0 0.263613 0.312338 0.505975 0.208296
58.7 0 0.297941 0.473296 0.775459 -0.0137969
58.8 0 0.0813079 0.371237 0.117679 0.180547
58.9 0 -0.0382176 0.372066 0.0240566 0.344891
59 0 -0.4722 -0.00298611 -0.0103612 0.283447
59.1 0 -0.21082 -1.16628 -0.168583 0.0541217
59.2 0 -0.0186077 -0.278571 -0.319062 -0.300234
59.3 0 0.116305 0.17489 -0.157421 -0.256406
59.4 0 -0.0594411 0.178901 -0.258335 -0.44431
59.5 0 0.0637083 0.219725 -0.0872467 -0.273337
59.6 0 0.192159 0.0463683 0.0776488 -0.188098
59.7 0 -0.0634609 -0.401246 -0.251133 -0.41601
59.8 0 -0.0155996 -0.347416 -0.26345 -0.229359
59.9 0 -0.429725 -0.388057 -0.567166 -0.341742
60 0 -0.299499 -0.142489 -0.333939 -0.0763713
60.1 0 -0.451797 -0.43647 -0.407236 -0.365915
60.2 0 -0.355508 -0.36412 -0.140016 -0.275056
60.3 0 -0.705689 -0.67464 -0.438995 -0.602295
60.4 0 -0.179433 -0.324628 -0.444183 -0.394717
60.5 0 1.02365 -0.222414 -0.528045 -0.416751
60.6 0 0.0735575 0.783639 -0.317233 -0.35235
60.7 0 -0.206998 -0.202154 0.304284 -0.263752
60.8 0 -0.347614 -0.203689 0.411211 0.137816
60.9 0 0.0859458 0.235551 0.745458 0.696019
61 0 0.187678 0.634643 0.507984 0.779307
61.1 0 0.0638142 0.486246 0.336974 0.622866
61.2 0 -0.0655597 -0.0439845 -0.0201472 0.269058
61.3 0 0.163357 0.15629 0.18349 0.459165
61.4 0 0.363811 0.298231 0.394429 0.529485
61.5 0 0.45849 0.239952 0.350252 0.500219
61.6 0 0.378694 0.164717 0.179115 0.361234
61.7 0 0.0250168 0.0889379 -0.0688842 0.13096
61.8 0 0.0785793 0.188589 0.0590952 0.0947067
61.9 0 0.265176 0.34599 0.627194 -0.162753
62 0 0.334081 0.398097 0.689863 -0.252736
62.1 0 0.637507 0.725213 0.181347 0.587762
62.2 0 0.623428 0.547996 0.0144054 0.624345
62.3 0 0.735924 0.326178 0.463169 0.670042
62.4 0 -0.0671192 0.0681175 0.535831 0.381791
62.5 0 -1.73284 0.0229722 0.464677 0.228131
62.6 0 -0.552483 -0.97342 0.106401 0.0411991
62.7 0 -0.124751 -0.408429 -0.731259 -0.173202
62.8 0 -0.142551 -0.256909 -0.663648 -0.497621
62.9 0 -0.156594 -0.283195 -0.529637 -0.681364
63 0 -0.107981 -0.249985 -0.480261 -0.639309
63.1 0 -0.0260406 -0.182967 -0.392213 -0.554302
63.2 0 -0.0977574 -0.267004 -0.452719 -0.612895
63.3 0 -0.171511 -0.362151 -0.510215 -0.67
63.4 0 -0.126226 -0.707632 -0.58443 -0.695609
63.5 0 -0.268041 -0.351788 -0.461779 -0.564295
63.6 0 -0.270874 -0.33054 -0.435315 -0.529688
63.7 0 -0.240297 -0.282389 -0.371908 -0.462361
63.8 0 -0.0987469 -0.130747 -0.297421 -0.18121
63.9 0 -0.128499 -0.331576 -0.55115 -0.252291
64 0 0.225463 -0.320514 -0.50453 -0.179487
64.1 0 1.04185 0.0316773 -0.145804 -0.181515
64.2 0 -0.223699 1.06962 0.538199 -0.0762166
64.3 0 -0.521705 0.311281 1.0035 0.40583
64.4 0 -0.117038 0.27874 1.04113 0.842957
64.5 0 0.142032 0.231164 0.968102 0.815906
64.6 0 0.380114 0.436946 0.431542 0.789977
64.7 0 0.384129 0.526985 0.297482 0.77558
64.8 0 0.16121 0.237154 -0.111287 0.456591
64.9 0 0.103444 -0.0178186 -0.204189 0.278995
65 0 0.188448 -0.179949 -0.0134459 0.191154
65.1 0 0.167808 -0.0917212 0.0662162 0.20561
65.2 0 0.0600496 0.14625 0.142201 0.278054
65.3 0 -0.241191 0.163495 0.0716293 0.180704
65.4 0 -0.264134 0.124662 0.108781 0.170389
65.5 0 -0.104065 0.0444609 0.568517 -0.26198
65.6 0 0.256027 0.0743089 0.670541 -0.453123
65.7 0 0.508764 0.135411 -0.714711 0.129376
65.8 0 -0.0501364 0.0501752 -0.705356 0.0659207
65.9 0 -0.338399 -0.343989 -0.20495 -0.502818
66 0 -0.229328 -0.330599 0.207458 -0.446444
66.1 0 0.0348017 0.0158762 0.323103 -0.0759339
66.2 0 -0.237401 -0.193672 -0.268986 -0.234883
66.3 0 0.0188184 0.0566419 -0.369519 0.141752
66.4 0 -0.29049 -0.452349 -0.798143 -0.342446
66.5 0 -0.0184549 -0.315096 -0.203891 -0.257695
66.6 0 -0.308619 -0.41638 -0.204351 -0.565283
66.7 0 0.0563911 0.0167381 0.148534 -0.235674
66.8 0 0.0326319 0.126999 -0.0864703 -0.169361
66.9 0 -0.0563979 0.0258948 -0.287897 -0.184088
67 0 0.262483 -0.0302412 -0.351941 0.0991211
67.1 0 -0.0294997 -0.109682 0.270018 0.0413399
67.2 0 -0.05552 0.118977 0.503145 0.266994
67.3 0 0.03985 0.339779 0.468986 0.493862
67.4 0 0.0211531 0.427748 0.110993 0.443805
67.5 0 0.26681 0.220219 0.185184 0.403994
67.6 0 0.222637 -0.0225197 0.191101 0.203124
67.7 0 0.24274 0.113846 0.341238 0.208258
67.8 0 0.0305022 0.172454 0.340263 0.00503857
67.9 0 -0.239588 0.221272 -0.258504 -0.0460974
68 0 -0.199017 -0.0364209 -0.19371 0.00815901
68.1 0 0.234628 -0.671517 0.027463 -0.173937
68.2 0 0.0240787 0.0960522 -0.0848644 -0.0601379
68.3 0 -0.460777 0.152412 -0.368817 -0.323055
68.4 0 0.101208 -0.033055 -0.0394228 -0.139626
68.5 0 0.26136 -0.174735 0.177284 -0.0131323
68.6 0 0.210454 0.023093 -0.0148459 0.222434
68.7 0 -0.0676103 0.122388 -0.108463 0.100346
68.8 0 -0.354427 0.0617043 0.113835 -0.126947
68.9 0 -0.227899 -0.265417 0.0509411 -0.198757
69 0 -0.00288889 -0.0832958 -0.218998 0.03263
69.1 0 0.0182035 -0.184646 -0.325203 -0.0694653
69.2 0 0.0645579 -0.137583 -0.111624 -0.219778
69.3 0 -0.0813974 -0.215453 -0.203625 -0.400941
69.4 0 -0.0360426 0.0732808 -0.202083 -0.369886
69.5 0 0.0989332 0.259647 0.213464 -0.0216061
69.6 0 -0.152529 -0.250786 -0.044004 0.082098
69.7 0 -0.0219625 -0.0244446 0.0792364 0.321715
69.8 0 0.0757901 0.0940208 0.129237 0.389787
69.9 0 0.241611 0.326101 0.322385 0.454153
70 0 0.262981 0.427982 0.411466 0.389804
70.1 0 0.0827629 0.207281 0.365989 -0.00230163
70.2 0 0.148129 0.286266 0.339418 0.181095
70.3 0 0.0561929 0.270866 -0.0472452 0.243892
70.4 0 -0.161864 -0.436594 -0.174099 0.113626
70.5 0 -0.203585 -0.530683 -0.124595 -0.289138
70.6 0 -0.189899 -0.130543 -0.326127 -0.411312
70.7 0 -0.16501 -0.0482152 -0.408702 -0.449597
70.8 0 -0.123529 -0.122837 -0.427924 -0.490854
70.9 0 0.356512 -0.0969707 -0.151318 -0.283659
71 0 -0.105091 -0.215426 -0.254959 -0.470802
71.1 0 -0.367272 -0.102431 0.0659345 0.0760514
71.2 0 -0.385354 -0.387649 -0.167208 -0.0501303
71.3 0 1.14093 1.11745 1.22326 1.4485
71.4 0 -0.875697 -0.719969 -0.903848 -0.611929
71.5 0 -0.299723 -0.323728 -0.237812 -0.219394
71.6 0 0.941815 0.833386 0.938866 0.794636
71.7 0 -0.243475 -0.169884 -0.201564 -0.557989
71.8 0 0.270009 0.411139 0.149232 0.198806
71.9 0 0.683106 0.750701 0.620869 0.697135
72 0 0.171499 0.197993 0.335004 0.352521
72.1 0 -0.156041 -0.0165465 0.266828 0.259427
72.2 0 -0.574034 0.0928689 0.274395 0.389129
72.3 0 -0.200374 -0.379167 0.288384 0.469411
72.4 0 0.327558 -0.0256187 -0.392206 0.230721
72.5 0 0.0665087 -0.227554 -0.368381 -0.562814
72.6 0 0.0604262 -0.0396853 -0.274876 -0.572614
72.7 0 -0.289505 -0.223368 -0.540071 -0.785617
72.8 0 0.153107 0.171734 0.103539 -0.236804
72.9 0 -0.184111 -0.197963 -0.197784 -0.403696
73 0 -0.279879 -0.344896 -0.218127 -0.453501
73.1 0 -0.15243 -0.262053 -0.268006 -0.224014
73.2 0 -0.47884 -0.579286 -0.895401 -0.236667
73.3 0 -0.188788 -0.453089 -0.578287 -0.0821148
73.4 0 0.248187 -0.141712 0.20486 -0.14228
73.5 0 0.431921 0.378355 0.530038 -0.187474
73.6 0 -0.180354 0.470243 0.169943 -0.0536643
73.7 0 0.301484 0.664345 0.60159 0.84733
73.8 0 0.101739 0.121877 0.275354 0.586549
73.9 0 -0.0966341 -0.274916 0.0489909 0.281534
74 0 0.148226 0.141639 0.135721 0.453164
74.1 0 0.286569 0.42528 0.254329 0.600713
74.2 0 0.0514787 0.200644 0.271796 0.195843
74.3 0 0.0461088 0.189778 0.698951 -0.231039
74.4 0 -0.117151 0.0941235 0.0169928 -0.145416
74.5 0 0.113665 0.0127155 -0.65652 0.144657
74.6 0 0.0900346 -0.462246 -0.259525 0.0402192
74.7 0 -0.354464 -0.596794 -0.13088 -0.60783
74.8 0 -0.530342 -0.0742323 -0.26331 -0.597214
74.9 0 -0.178277 -0.0256569 -0.31539 -0.4093
75 0 0.468176 -0.128425 -0.355284 -0.320383
75.1 0 0.332875 0.00279993 -0.439752 -0.152819
75.2 0 -0.455736 -0.029136 0.322261 0.0540256
75.3 0 -0.205351 -0.0125092 0.381898 0.303603
75.4 0 0.00200824 0.0024304 0.253445 0.348806
75.5 0 0.0488975 0.108229 -0.0749921 0.287086
75.6 0 0.255048 0.172174 0.0265264 0.272879
75.7 0 0.180083 0.131989 0.0975868 0.0790504
75.8 0 0.246875 0.280725 0.576135 -0.153727
75.9 0 0.127954 0.362757 0.11297 0.127965
76 0 0.0788373 0.202566 -0.0142693 0.273736
76.1 0 0.0356436 -0.0183689 0.118427 0.301168
76.2 0 -0.294958 -0.391686 0.185167 0.262678
76.3 0 -0.350871 -0.263453 -0.13228 0.016232
76.4 0 0.052542 -0.0329368 -0.25273 -0.346183
76.5 0 0.148407 0.0350893 -0.271949 -0.417231
76.6 0 0.0663192 0.0489309 -0.228934 -0.418885
76.7 0 -0.035155 -0.125639 -0.218149 -0.390338
76.8 0 -0.111439 -0.157392 -0.150409 -0.282227
76.9 0 -0.134873 -0.2353 -0.186254 -0.0486257
77 0 -0.308101 -0.311137 -0.094211 0.25849
77.1 0 -0.107865 -0.041412 0.0898993 0.136747
77.2 0 0.338445 0.370711 0.156321 -0.0497453
77.3 0 0.211067 0.306855 0.272345 0.027015
77.4 0 0.131913 0.145693 0.201914 0.296928
77.5 0 0.0654357 0.0455278 0.228397 0.332984
77.6 0 -0.02234 0.147758 0.0415402 0.319019
77.7 0 -0.0969865 -0.0125341 0.0443486 0.227586
77.8 0 0.0114505 -0.119724 0.189143 -0.121104
77.9 0 0.0524089 0.0720188 -0.0717272 -0.281663
78 0 0.0108365 0.0355523 -0.329176 -0.166641
78.1 0 -0.057504 -0.17677 -0.241427 -0.163658
78.2 0 -0.106079 -0.339518 0.0220289 -0.199969
78.3 0 -0.241708 -0.0680344 -0.147504 -0.0989839
78.4 0 -0.0798213 0.0484191 -0.224551 -0.0336527
78.5 0 0.266614 -0.0918122 0.0464258 -0.0961881
78.6 0 0.0979489 0.0739696 0.145047 -0.0347339
78.7 0 -0.172503 0.253963 0.048286 0.178409
78.8 0 0.0250718 -0.0154429 0.145023 0.271322
78.9 0 0.188591 -0.0931116 0.194062 0.219373
79 0 0.0112181 0.262388 0.060555 0.0744312
79.1 0 -0.0239014 0.22738 0.073976 -0.0363769
79.2 0 0.117507 -0.142297 0.0823747 -0.00668741
79.3 0 -0.0106637 -0.155478 -0.108341 0.0635837
79.4 0 -0.214726 0.0190828 -0.172139 -0.0373595
79.5 0 -0.069442 -0.0842328 -0.030176 -0.243556
