0.1 -1.52762e+06 -711522 -321395 -123677
0.2 -5.48323e+06 -3.51741e+06 -1.9814e+06 -874570
0.3 -9.24336e+06 -7.40206e+06 -5.03108e+06 -2.5064e+06
0.4 -1.08298e+07 -9.06266e+06 -6.746e+06 -3.6281e+06
0.5 -9.47586e+06 -7.44235e+06 -5.13849e+06 -2.66903e+06
0.6 -6.46179e+06 -4.38705e+06 -2.47986e+06 -1.01277e+06
0.7 -4.65439e+06 -2.80648e+06 -1.65683e+06 -787190
0.8 -7.47683e+06 -4.98202e+06 -3.10981e+06 -1.56776e+06
0.9 -1.03174e+07 -8.54126e+06 -5.7354e+06 -2.7482e+06
1 -2.24288e+06 -4.9324e+06 -4.9071e+06 -2.9496e+06
1.1 4.34024e+06 4.91498e+06 2.90674e+06 1.06725e+06
1.2 -1.32383e+07 -1.16893e+06 4.20037e+06 3.70307e+06
1.3 -4.59832e+07 -3.26829e+07 -1.88624e+07 -8.00802e+06
1.4 -4.24981e+07 -4.89293e+07 -4.1797e+07 -2.38614e+07
1.5 1.06732e+07 -5.2609e+06 -1.36104e+07 -1.06973e+07
1.6 5.58985e+07 5.56379e+07 4.41177e+07 2.47047e+07
1.7 6.24656e+07 6.05015e+07 5.06208e+07 2.85238e+07
1.8 6.8825e+07 4.96063e+07 3.40353e+07 1.79212e+07
1.9 7.81845e+07 4.57776e+07 1.87776e+07 5.26166e+06
2 5.4492e+07 4.91693e+07 3.46356e+07 1.63658e+07
2.1 -1.34741e+07 1.43242e+07 2.89327e+07 2.20687e+07
2.2 -6.15089e+07 -4.82181e+07 -2.81933e+07 -1.12162e+07
2.3 -3.75483e+07 -5.93231e+07 -5.63122e+07 -3.40529e+07
2.4 -2.17193e+07 -2.71378e+07 -4.44835e+07 -3.36615e+07
2.5 7.5273e+06 5.54388e+06 1.08058e+07 6.9082e+06
2.6 3.54689e+07 4.16995e+07 5.27208e+07 3.60415e+07
2.7 5.2477e+07 6.11508e+07 4.02074e+07 2.58033e+07
2.8 3.48006e+07 1.97661e+07 1.04353e+07 550799
2.9 9.6217e+06 -5.64582e+06 -2.55486e+06 -8.02152e+06
3 -2.76841e+06 -770931 -1.22769e+07 218402
3.1 4.81619e+06 686288 3.34995e+06 -366360
3.2 -6.49617e+06 1.7527e+06 9.82438e+06 1.32861e+06
3.3 -1.72699e+07 -4.25284e+06 -5.47027e+06 4.64455e+06
3.4 1.18637e+07 -1.22346e+07 -1.05868e+07 -6.07317e+06
3.5 1.41824e+07 9.70986e+06 -501324 -9.69063e+06
3.6 -8.92226e+06 1.48324e+07 1.00893e+07 7.83972e+06
3.7 7.27339e+06 -7.40378e+06 1.22797e+07 1.36158e+07
3.8 4.23603e+07 1.78524e+07 234201 1.44757e+06
3.9 7.81715e+07 6.35647e+07 1.98224e+07 -4.54047e+06
4 7.1795e+07 6.12735e+07 5.94123e+07 2.73546e+07
4.1 3.57451e+07 4.37859e+07 5.20801e+07 4.6343e+07
4.2 3.8521e+07 2.81792e+07 9.22399e+06 7.56024e+06
4.3 4.04115e+07 1.16204e+07 -467099 -1.32915e+07
4.4 -1.79389e+07 2.99272e+06 -3.60436e+06 -1.01941e+07
4.5 -7.9693e+07 -4.57451e+07 -1.27641e+07 9.14562e+06
4.6 -8.95544e+07 -7.35412e+07 -4.09742e+07 -1.09423e+07
4.7 -7.99511e+07 -7.78737e+07 -6.5248e+07 -4.7226e+07
4.8 -4.81689e+07 -5.43573e+07 -6.69064e+07 -4.75349e+07
4.9 -1.5259e+07 -1.8834e+07 -1.00293e+07 -2.53328e+06
5 -1.29854e+07 -1.2946e+06 1.87617e+07 2.23795e+07
5.1 -1.09736e+07 2.73085e+07 2.97175e+07 1.88421e+07
5.2 1.84126e+07 5.89598e+06 5.05014e+06 961641
5.3 3.40518e+07 1.6612e+06 -1.19897e+07 -1.14094e+07
5.4 -2.97055e+06 1.27494e+07 -2.74343e+06 -5.78491e+06
5.5 6.4397e+06 779558 1.39505e+07 9.26103e+06
5.6 3.37406e+07 1.39245e+07 1.44413e+07 1.23062e+07
5.7 2.44056e+07 4.21641e+07 1.33663e+07 6.30224e+06
5.8 -671060 2.55352e+06 1.82074e+07 4.98472e+06
5.9 -2.25722e+07 -2.03873e+07 -3.98577e+06 4.18895e+06
6 -3.66137e+07 -2.37645e+07 -2.5616e+07 -9.1411e+06
6.1 -6.0735e+07 -4.54573e+07 -3.88896e+07 -2.20241e+07
6.2 -7.56425e+07 -7.43252e+07 -4.0629e+07 -3.30835e+07
6.3 -7.10842e+07 -5.49069e+07 -4.98093e+07 -1.17559e+07
6.4 -166555 -1.40469e+07 -1.29097e+07 -1.2279e+07
6.5 7.84176e+07 2.9804e+07 8.49136e+06 -6.7429e+06
6.6 4.02407e+07 7.69546e+07 5.02243e+07 1.80033e+07
6.7 -1.29356e+07 3.03977e+07 6.0331e+07 4.77012e+07
6.8 -1.45688e+07 -1.86085e+07 2.37383e+06 2.68078e+07
6.9 4.42806e+06 -2.81138e+07 -3.31653e+07 -1.41663e+07
7 -8.93555e+06 -8.52434e+06 -3.70917e+07 -4.77032e+07
7.1 -2.5468e+07 -1.6141e+07 -1.01054e+07 -2.74303e+07
7.2 -4.92423e+07 -3.50518e+07 -1.40213e+07 -1.10434e+06
7.3 -5.06072e+07 -4.48389e+07 -2.30485e+07 2.29543e+07
7.4 -5.20493e+06 -1.2258e+07 -9.71966e+06 406012
7.5 3.30592e+07 2.18545e+07 9.76099e+06 -1.87546e+07
7.6 3.19688e+07 4.30496e+07 1.81056e+07 -1.06107e+07
7.7 1.08335e+07 1.08542e+07 1.0295e+07 1.38184e+07
7.8 1.12827e+06 -1.02244e+07 1.12705e+07 3.3326e+07
7.9 -2.85965e+07 -177742 7.17431e+06 6.07437e+06
8 -4.42126e+07 -1.57685e+07 -9.76231e+06 -1.57008e+07
8.1 -8.0629e+06 -4.10307e+07 -3.39528e+07 -2.33223e+07
8.2 -1.46929e+07 -2.96895e+07 -4.7901e+07 -2.3663e+07
8.3 -4.21085e+07 -1.35585e+07 -6.94624e+06 -1.11996e+07
8.4 -3.15911e+07 -1.99099e+07 1.07599e+07 -3.07813e+06
8.5 -7.47206e+06 -1.3542e+07 -1.52117e+07 1.48106e+07
8.6 2.61589e+06 -231723 -7.80469e+06 5.8242e+06
8.7 -2.14894e+07 5.18939e+06 1.56531e+07 -1.20155e+07
8.8 -2.93165e+07 -1.73401e+07 -5.8604e+06 -7.54584e+06
8.9 -1.4969e+07 -2.77011e+07 -2.96261e+07 274320
9 -1.14322e+07 -2.29207e+07 -2.1385e+07 -8.38433e+06
9.1 -1.37769e+07 -5.96943e+06 -2.11964e+06 -1.34046e+07
9.2 1.39206e+07 1.2423e+07 6.50747e+06 -6.4236e+06
9.3 5.31009e+07 2.52664e+07 9.35393e+06 1.25563e+07
9.4 2.01654e+07 3.84963e+07 2.77951e+07 1.87965e+07
9.5 2.69316e+07 2.60427e+07 4.34362e+07 2.2782e+07
9.6 7.45929e+07 3.7664e+07 1.07251e+07 1.02064e+07
9.7 1.73176e+07 3.84673e+07 1.37783e+07 6.18875e+06
9.8 2.81843e+07 7.45287e+06 2.8597e+07 3.97109e+06
9.9 9.68052e+07 3.13814e+07 8.44807e+06 8.67621e+06
10 7.15672e+07 8.9034e+07 2.18269e+07 1.13402e+07
10.1 1.12057e+07 3.65318e+07 7.15582e+07 1.79426e+07
10.2 3.02684e+06 2.96524e+06 1.62331e+07 4.08351e+07
10.3 1.68297e+07 -8.23478e+06 -8.8985e+06 7.16525e+06
10.4 2.68243e+07 1.36761e+07 -1.53471e+07 -1.97375e+07
10.5 1.1647e+07 1.50203e+07 4.3188e+06 -3.72352e+07
10.6 -8.16522e+07 -2.64189e+07 -1.07627e+07 -2.49106e+06
10.7 -1.19251e+08 -9.91142e+07 -4.0351e+07 2.32484e+07
10.8 -1.19252e+08 -1.07326e+08 -6.92916e+07 -1.26264e+07
10.9 -4.32616e+07 -5.15366e+07 -5.23569e+07 -4.77092e+07
11 -2.86334e+07 -1.82258e+07 -2.32069e+07 -4.77156e+07
11.1 -2.88326e+07 -1.55282e+07 -2.07529e+07 -1.10634e+07
11.2 -1.2307e+07 -2.30945e+07 -1.37466e+07 -8.39928e+06
11.3 8.32396e+07 -6.09689e+06 -9.74624e+06 -2.0211e+06
11.4 1.1925e+08 1.01972e+08 2.9152e+07 2.56887e+07
11.5 5.59053e+07 1.07334e+08 8.34863e+07 3.97059e+07
11.6 1.83488e+07 2.98699e+07 8.35024e+07 4.54485e+07
11.7 -1.32034e+07 1.94291e+07 2.07821e+07 2.48618e+07
11.8 -3.57025e+07 4.46644e+06 1.65982e+07 6.70329e+06
11.9 2.90032e+07 -3.1297e+07 -2.11606e+06 -1.01885e+07
12 1.19256e+08 4.99832e+06 -7.74395e+07 -1.59078e+07
12.1 6.43116e+07 4.59818e+07 -3.00109e+06 -1.79354e+07
12.2 1.48293e+07 7.5225e+07 3.33167e+07 -1.82119e+07
12.3 2.35734e+07 1.69163e+07 8.3505e+07 3.08274e+06
12.4 3.59626e+07 1.26642e+07 1.89728e+07 4.77129e+07
12.5 -213673 2.93588e+07 1.44887e+07 4.7723e+07
12.6 -1.19268e+08 5.12456e+06 1.22057e+07 1.14816e+07
12.7 -1.19327e+08 -1.0733e+08 1.091e+06 9.61183e+06
12.8 -1.19347e+08 -1.07356e+08 -8.34779e+07 -8.10987e+06
12.9 -2.89922e+07 -9.18453e+07 -8.34994e+07 -4.77161e+07
13 -2.66834e+07 -2.51228e+07 -8.23368e+07 -4.77384e+07
13.1 -3.54336e+07 -2.36579e+07 -1.84267e+07 -4.77531e+07
13.2 -9.53621e+07 -3.73223e+07 -1.27359e+07 -4.77534e+07
13.3 -6.06999e+07 -7.43233e+07 -2.47404e+07 -1.07965e+07
13.4 -1.47054e+07 -2.97545e+07 -3.91392e+07 -9.27079e+06
13.5 1.19272e+08 -1.76866e+07 -5.23151e+07 -8.29011e+06
13.6 2.91786e+07 4.73583e+07 -1.39639e+07 -7.87545e+06
13.7 1.70762e+07 9.44736e+07 4.07602e+07 -7.35838e+06
13.8 4.52997e+07 1.79214e+07 8.35237e+07 7.66366e+06
13.9 4.8763e+07 1.82391e+07 6.25566e+07 3.80859e+07
14 5.09176e+07 8.3195e+07 1.82755e+07 4.77363e+07
14.1 1.19298e+08 8.02146e+07 2.21611e+07 4.77416e+07
14.2 1.19317e+08 4.25639e+07 7.31171e+07 1.16925e+07
14.3 2.56208e+07 1.07335e+08 8.35248e+07 1.3037e+07
14.4 -2.77647e+07 2.48101e+07 1.96773e+07 4.77427e+07
14.5 -3.38262e+07 -2.68177e+07 1.74643e+07 1.81799e+07
14.6 4.63464e+06 -4.12071e+07 1.34303e+07 1.13019e+07
14.7 3.31176e+07 -1.29713e+07 -3.27669e+07 1.02786e+07
14.8 4.17391e+07 3.28476e+07 -4.80889e+07 8.50284e+06
14.9 4.3903e+07 3.8015e+07 5.14372e+06 -1.76514e+07
15 7.19559e+07 2.02612e+07 3.11281e+07 -2.34259e+07
15.1 1.13211e+08 5.62667e+07 3.75976e+07 -2.80147e+07
15.2 2.64603e+07 1.0734e+08 3.6639e+07 -1.06346e+07
15.3 -3.35312e+07 1.54075e+07 2.04946e+07 -7.0197e+06
15.4 -4.64104e+07 -4.27778e+07 1.80564e+07 1.87262e+07
15.5 -2.76782e+07 -9.0469e+07 -6.31032e+06 4.67616e+07
15.6 3.37774e+07 -1.81508e+07 -4.81347e+07 4.77438e+07
15.7 1.19322e+08 6.26238e+07 -2.00672e+07 1.02775e+07
15.8 1.1938e+08 1.07359e+08 2.96212e+07 -8.82641e+06
15.9 1.19385e+08 1.0737e+08 8.35354e+07 -1.75654e+07
16 1.19389e+08 9.77791e+07 8.35668e+07 -1.14454e+07
16.1 1.19412e+08 9.8353e+07 8.19298e+07 1.56004e+07
16.2 1.19424e+08 8.40746e+07 2.02294e+07 2.93563e+07
16.3 3.13248e+07 2.65266e+07 2.49698e+07 4.77587e+07
16.4 2.74087e+07 2.57824e+07 6.86134e+07 4.77704e+07
16.5 2.46985e+07 4.11364e+07 3.97234e+07 4.77717e+07
16.6 2.45531e+07 4.38924e+07 2.04855e+07 1.16195e+07
16.7 4.64485e+07 2.53115e+07 2.03292e+07 1.09978e+07
16.8 1.19463e+08 2.62462e+07 2.0206e+07 1.03931e+07
16.9 2.98117e+07 7.05291e+07 2.31874e+07 9.8305e+06
17 2.57583e+07 4.55078e+07 3.78398e+07 9.39575e+06
17.1 2.22065e+07 2.38179e+07 3.80091e+07 9.20771e+06
17.2 1.94145e+07 2.02916e+07 1.97778e+07 1.19627e+07
17.3 1.27581e+07 9.42054e+06 1.78009e+07 1.20725e+07
17.4 -2.6891e+07 -5.39902e+06 1.52915e+07 1.18496e+07
17.5 -2.18786e+07 -2.10862e+07 1.18853e+07 1.15966e+07
17.6 1.78855e+07 -478771 -2.8204e+07 1.09484e+07
17.7 -1.8975e+07 -8.37915e+06 -4.67412e+07 9.44328e+06
17.8 -4.03519e+07 -2.77427e+07 -1.05745e+07 -1.66157e+07
17.9 -7.60092e+07 -3.991e+07 1.48217e+07 -1.85228e+07
18 -1.19379e+08 -6.14327e+07 -2.20677e+07 -2.54058e+07
18.1 -1.19419e+08 -1.06799e+08 -7.63791e+07 -3.19615e+07
18.2 -1.19435e+08 -1.07364e+08 -8.35258e+07 -3.83201e+07
18.3 -9.55157e+07 -9.94218e+07 -8.35442e+07 -4.56655e+07
18.4 -1.04954e+08 -7.52636e+07 -8.35501e+07 -4.77557e+07
18.5 -1.19439e+08 -9.74413e+07 -5.4996e+07 -4.51661e+07
18.6 -1.19448e+08 -9.45236e+07 -5.36462e+07 -1.18401e+07
18.7 -1.19481e+08 -7.00264e+07 -5.55473e+07 -1.28345e+07
18.8 -1.19529e+08 -9.12335e+07 -4.41404e+07 -4.39204e+07
18.9 -1.19555e+08 -1.03325e+08 -8.35501e+07 -3.82771e+07
19 -2.95436e+07 -5.54116e+07 -5.99051e+07 -2.02059e+07
19.1 -2.7359e+07 -2.55236e+07 -2.01467e+07 -2.45794e+07
19.2 -2.50449e+07 -2.3202e+07 -1.89933e+07 -1.18338e+07
19.3 -2.37296e+07 -1.81499e+07 -1.78975e+07 -1.15499e+07
19.4 -2.35443e+07 -1.115e+07 -1.66604e+07 -1.12116e+07
19.5 -3.12308e+07 -1.0891e+07 -1.52046e+07 -1.08142e+07
19.6 -3.42056e+07 -2.4573e+07 -735852 -1.03077e+07
19.7 -3.56316e+07 -2.63476e+07 1.26984e+07 -9.56077e+06
19.8 -2.78055e+07 -1.78879e+07 -1.82283e+07 -8.5735e+06
19.9 -2.28194e+07 -1.39903e+07 -2.45798e+07 1.42528e+07
20 4.31056e+07 -1.07022e+07 -1.87969e+07 1.6342e+07
20.1 5.21654e+07 2.39639e+07 1.49957e+07 7.21203e+06
20.2 8.23144e+07 4.07459e+07 2.64845e+07 -1.01032e+07
20.3 9.1537e+07 9.3224e+07 2.87139e+07 -3.46557e+06
20.4 9.7963e+07 1.01702e+08 3.19686e+07 1.31729e+07
20.5 6.99001e+07 2.58044e+07 6.35337e+07 1.45923e+07
20.6 2.91523e+07 3.3269e+07 7.26736e+07 1.66066e+07
20.7 2.90359e+07 7.6974e+07 1.97934e+07 1.9063e+07
20.8 4.71605e+07 2.56773e+07 1.88781e+07 4.61837e+07
20.9 1.19466e+08 2.41947e+07 2.33009e+07 4.77735e+07
21 2.96765e+07 4.23799e+07 2.97476e+07 1.14764e+07
21.1 3.5298e+07 8.9458e+07 5.66073e+07 1.08655e+07
21.2 1.19496e+08 3.91637e+07 6.03121e+07 1.06944e+07
21.3 1.19554e+08 8.92325e+07 2.044e+07 1.33898e+07
21.4 1.19615e+08 9.83733e+07 2.6499e+07 1.53116e+07
21.5 1.19664e+08 5.45114e+07 8.35689e+07 1.79203e+07
21.6 1.19689e+08 1.07375e+08 7.31918e+07 4.77747e+07
21.7 1.19702e+08 1.07386e+08 4.5985e+07 4.77807e+07
21.8 1.15865e+08 8.54335e+07 8.3573e+07 3.70654e+07
21.9 2.97902e+07 5.52036e+07 6.48063e+07 1.99084e+07
22 2.90021e+07 2.67059e+07 1.9971e+07 2.94781e+07
22.1 2.7796e+07 2.56298e+07 1.86776e+07 1.18236e+07
22.2 2.63487e+07 2.42762e+07 1.76035e+07 1.14886e+07
22.3 2.49905e+07 2.26795e+07 1.66138e+07 1.11054e+07
22.4 2.35964e+07 2.09137e+07 1.57037e+07 1.06742e+07
22.5 2.18522e+07 1.80521e+07 1.48489e+07 1.01974e+07
22.6 1.99093e+07 1.06899e+07 1.39688e+07 9.67904e+06
22.7 1.78778e+07 7.29322e+06 8.47239e+06 9.10883e+06
22.8 -3.21023e+07 3.3032e+06 -6.06862e+06 8.41871e+06
22.9 -4.29541e+07 -2.98852e+07 -1.86137e+07 7.48043e+06
23 -4.41141e+07 -4.22915e+07 -1.73027e+07 -1.74814e+07
23.1 -4.46282e+07 -4.8026e+07 -2.35724e+07 -1.84736e+07
23.2 -4.55277e+07 -3.14191e+07 -3.0978e+07 -2.0989e+07
23.3 -4.66318e+07 -3.23577e+07 -3.1736e+07 -2.85761e+07
23.4 -4.79874e+07 -5.02322e+07 -3.24582e+07 -3.1059e+07
23.5 -6.10154e+07 -4.58373e+07 -3.33018e+07 -1.18826e+07
23.6 -6.62423e+07 -4.47317e+07 -4.03506e+07 -1.18042e+07
23.7 -5.21095e+07 -5.39758e+07 -3.96765e+07 -1.28625e+07
23.8 -2.95651e+07 -3.4549e+07 -2.06217e+07 -1.46317e+07
23.9 -2.86098e+07 -2.53462e+07 -2.02873e+07 -1.59136e+07
24 -2.70778e+07 -1.78934e+07 -2.00055e+07 -1.6019e+07
24.1 -2.52245e+07 -1.44755e+07 -1.95104e+07 -1.18207e+07
24.2 -8.28723e+06 -1.7353e+07 -1.86662e+07 -1.16142e+07
24.3 3.83063e+07 -1.07961e+07 -1.74734e+07 -1.13557e+07
24.4 3.92169e+07 2.31088e+07 -703632 -1.09856e+07
24.5 3.72413e+07 3.60108e+07 2.64752e+07 -1.03037e+07
24.6 2.92206e+07 3.91171e+07 2.82474e+07 -9.09311e+06
24.7 2.84115e+07 3.91746e+07 2.82544e+07 1.63647e+07
24.8 2.13897e+07 2.47978e+07 2.05863e+07 1.79488e+07
24.9 -2.13779e+07 1.18725e+07 2.01697e+07 2.09731e+07
25 -3.60924e+07 -2.50592e+07 1.59172e+07 3.32857e+07
25.1 -3.71552e+07 -3.25788e+07 -236230 3.44085e+07
25.2 -3.78257e+07 -2.38351e+07 -1.98581e+07 1.12436e+07
25.3 -3.84002e+07 -2.28477e+07 -2.0446e+07 9.83256e+06
25.4 -3.87658e+07 -3.356e+07 -9.68294e+06 7.98005e+06
25.5 -2.91948e+07 -1.99987e+07 4.57159e+06 -1.77825e+07
25.6 -2.54538e+07 -1.40091e+07 -1.48017e+07 -2.17928e+07
25.7 3.33776e+06 -7.64331e+06 -2.43063e+07 -3.51265e+07
25.8 2.303e+07 -1.35856e+06 -2.60072e+07 -3.81916e+07
25.9 7.67498e+06 -4.82102e+06 -2.64173e+07 -1.16889e+07
26 -2.62462e+07 -1.61021e+07 -2.00755e+07 -1.12255e+07
26.1 -3.37893e+07 -2.43197e+07 -1.43103e+07 -1.07611e+07
26.2 -3.49746e+07 -3.0938e+07 -4.95107e+06 -1.0214e+07
26.3 -3.63051e+07 -2.80876e+07 -1.0196e+07 -9.53784e+06
26.4 -3.76286e+07 -2.07484e+07 -1.64544e+07 -6.89726e+06
26.5 -3.87063e+07 -2.16627e+07 -1.97001e+07 1.47177e+07
26.6 -3.94171e+07 -2.74447e+07 -1.3432e+07 1.38795e+07
26.7 -3.94615e+07 -3.12711e+07 -701769 -8.28622e+06
26.8 -2.94993e+07 -2.40548e+07 -9.70882e+06 -1.35068e+07
26.9 -2.88786e+07 -1.84248e+07 -1.84718e+07 -1.37623e+07
27 -2.8063e+07 -1.62767e+07 -2.39179e+07 -1.1918e+07
27.1 -2.70953e+07 -2.3115e+07 -2.40519e+07 -1.18605e+07
27.2 -2.44313e+07 -2.91578e+07 -1.92499e+07 -1.17885e+07
27.3 -1.32696e+07 -2.55033e+07 -1.60262e+07 -1.16422e+07
27.4 8.36813e+06 -1.59389e+07 -1.38675e+07 -9.011e+06
27.5 1.7515e+07 1.87432e+07 -8.79576e+06 -1.57894e+06
27.6 2.02069e+07 2.61642e+07 1.90928e+07 9.01911e+06
27.7 2.25927e+07 2.70698e+07 2.58498e+07 1.23186e+07
27.8 2.60102e+07 2.07969e+07 2.67809e+07 1.34073e+07
27.9 2.90716e+07 2.78477e+07 2.68814e+07 1.36114e+07
28 3.15018e+07 2.94855e+07 2.04884e+07 1.37628e+07
28.1 3.30568e+07 2.794e+07 1.99922e+07 1.37925e+07
