0.1 -2.22331e-05 -1.03556e-05 -4.67763e-06 -1.80001e-06
0.2 -8.1119e-05 -5.18055e-05 -2.91143e-05 -1.28351e-05
0.3 -0.00014038 -0.000111285 -7.51666e-05 -3.73229e-05
0.4 -0.000172447 -0.000142185 -0.000104571 -5.58365e-05
0.5 -0.000166168 -0.000129003 -8.8385e-05 -4.55954e-05
0.6 -0.000114867 -8.6089e-05 -5.32503e-05 -2.38986e-05
0.7 -5.74994e-05 -3.86275e-05 -2.69236e-05 -1.43125e-05
0.8 -3.90705e-05 -2.24577e-05 -1.24412e-05 -6.81011e-06
0.9 -6.94635e-05 -4.5065e-05 -2.28861e-05 -7.19852e-06
1 -0.000130088 -9.36e-05 -6.24857e-05 -3.18669e-05
1.1 -0.000192072 -0.000151501 -0.000105473 -5.55455e-05
1.2 -0.000210138 -0.000172191 -0.000119776 -5.91815e-05
1.3 -0.000220005 -0.000155174 -0.000102971 -5.29673e-05
1.4 -0.000169983 -0.00013515 -8.70607e-05 -4.26297e-05
1.5 2.04251e-05 -2.92321e-05 -4.0567e-05 -2.3452e-05
1.6 9.90193e-05 0.000119619 8.01741e-05 3.37617e-05
1.7 5.97653e-07 6.84875e-05 0.00010426 7.23901e-05
1.8 -0.000111788 -0.00011842 -8.40637e-05 -3.36733e-05
1.9 -0.00026493 -0.000234559 -0.000219013 -0.000143328
2 -0.000336134 -0.000264054 -0.000155996 -7.10277e-05
2.1 -0.00035047 -0.000224188 -0.00011467 -2.96234e-05
2.2 -0.000488728 -0.000313018 -0.000215241 -0.000128758
2.3 -0.000235459 -0.000357727 -0.000284438 -0.000149251
2.4 0.000124199 6.95572e-05 -1.74535e-05 -1.84195e-05
2.5 -0.000157354 0.000206139 0.000281541 0.000152594
2.6 -0.000230994 -0.000282316 -9.39181e-05 2.50886e-05
2.7 -0.000244985 -0.000389 -0.000514971 -0.000339836
2.8 -0.000687172 -0.000348189 -0.000200898 -0.00016285
2.9 -0.000400974 -0.000380674 -3.73138e-05 0.000145655
3 0.000381799 0.000176886 -0.00013049 -0.000155137
3.1 -1.48417e-05 0.000281901 0.000211457 -7.21522e-06
3.2 -0.0013582 -0.000794946 -9.82766e-05 0.000235396
3.3 -0.00166064 -0.00160671 -0.00133596 -0.000758682
3.4 -0.00117996 -0.00130485 -0.00136194 -0.000992252
3.5 -0.000946854 -0.000435774 7.43085e-05 0.000298666
3.6 -0.000361405 0.000153891 0.000470197 0.000364687
3.7 0.000389115 -3.46323e-06 -0.000421148 -0.00046457
3.8 0.000449365 -3.67625e-05 -0.000205592 -7.34316e-05
3.9 0.00132728 0.00113381 0.00105026 0.000621724
4 0.00487133 0.00285734 0.00177124 0.000803199
4.1 0.00819323 0.00401993 0.00224556 0.00114075
4.2 0.00706066 0.00381144 0.00237242 0.00128417
4.3 0.00305334 0.00141246 0.00089091 0.000504925
4.4 0.000634806 -0.0010711 -0.00125086 -0.000699716
4.5 -0.000433645 -0.000923373 -0.00116615 -0.000800707
4.6 -0.000313074 8.88648e-05 0.000440809 0.000355586
4.7 0.00243913 0.00078094 0.000565938 0.00050804
4.8 0.00396211 0.00157772 0.000231411 -0.00021157
4.9 0.00250898 0.00105622 0.000783727 0.000428469
5 0.00047415 3.40964e-05 0.000280517 0.000539976
5.1 -0.00333554 -0.00174131 -0.00153228 -0.00108467
5.2 -0.00845378 -0.00615053 -0.00307426 -0.00141298
5.3 -0.00880341 -0.00887912 -0.00377384 -0.00101224
5.4 -0.00177938 -0.00527254 -0.00244187 -0.00121914
5.5 0.00319354 0.00176082 0.00114288 0.00051119
5.6 0.00447739 0.00458339 0.00415903 0.00317077
5.7 0.00822526 0.00339307 0.00373098 0.00287882
5.8 0.0113663 0.00442028 0.00205091 0.000871923
5.9 0.0114587 0.00599491 0.00352697 0.00183061
6 0.00899601 0.00534061 0.00550302 0.00477005
6.1 0.00838371 0.00388034 0.00394892 0.00390709
6.2 0.00882401 0.00318754 0.00141482 2.66432e-05
6.3 0.00364778 0.00243948 0.00101019 -0.000179599
6.4 -0.00595184 -0.00197633 0.00110183 0.00262799
6.5 -0.0137115 -0.00868928 -0.00206288 0.000391519
6.6 -0.013009 -0.0112194 -0.00875429 -0.00671753
6.7 -0.00345518 -0.00841201 -0.011147 -0.0092795
6.8 0.00297964 -0.00177125 -0.00292954 -0.00386758
6.9 0.0014882 0.00471944 0.00758003 0.00437841
7 0.00538106 0.00430024 0.00876787 0.00852495
7.1 0.0131831 0.00301942 0.00272359 0.00510588
7.2 0.00704153 0.0036614 0.000903827 -0.000966443
7.3 -0.00743357 -0.00268828 0.0020717 -0.0010978
7.4 -0.0157859 -0.0106432 -0.00550951 0.00217022
7.5 -0.0179329 -0.0135667 -0.0151693 -0.00505636
7.6 -0.0157842 -0.0135092 -0.014149 -0.022754
7.7 -0.0137968 -0.00965424 -0.0108263 -0.0309958
7.8 -0.00377711 -0.00549705 -0.0113783 -0.0219943
7.9 0.0151495 0.000883917 -0.00568094 -0.00774169
8 0.0191642 0.0153999 0.00875001 0.00486936
8.1 0.0133537 0.0217251 0.0239466 0.0151566
8.2 0.0150656 0.0150079 0.0262011 0.020966
8.3 0.0154889 0.0161695 0.0114885 0.0191567
8.4 0.0151046 0.0181457 0.00230316 0.00735216
8.5 0.0170594 0.0113793 0.00779608 -0.00590065
8.6 0.0140293 0.0119333 0.00969537 -0.00587125
8.7 0.0148762 0.0170076 0.00597714 0.00656922
8.8 0.0212912 0.0167943 0.0118731 0.0161199
8.9 0.0183972 0.0185251 0.0247191 0.0173269
9 0.012176 0.0190243 0.0264302 0.0178428
9.1 0.0165013 0.0129753 0.0146815 0.0174026
9.2 0.0207244 0.014222 0.00442827 0.00832049
9.3 0.0160329 0.0193426 0.00623686 -0.00367815
9.4 0.0116677 0.0106527 0.013801 -0.00392168
9.5 0.00942482 0.000171727 0.0122584 0.00818114
9.6 0.00164856 0.0010911 0.00286796 0.0164423
9.7 -0.00622182 0.000823851 -0.00043246 0.00919774
9.8 -0.00628408 -0.00682666 0.000778668 -0.00593167
9.9 -0.00393577 -0.00863198 -0.00600626 -0.0155432
10 -0.00209813 -0.00285203 -0.0122094 -0.0200728
10.1 -0.00808195 -0.0030567 -0.0049594 -0.0221132
10.2 -0.0253466 -0.0108459 -0.000479467 -0.0154754
10.3 -0.0368133 -0.0178925 -0.0120564 -0.00489244
10.4 -0.03394 -0.0176901 -0.0236334 -0.00717925
10.5 -0.0224512 -0.0121518 -0.0197107 -0.0247329
10.6 -0.00251536 -0.00661948 -0.00874241 -0.0368908
10.7 0.0133286 0.00243993 -0.0020293 -0.028581
10.8 0.0150728 0.0150803 0.00494682 -0.00556904
10.9 0.0211986 0.020816 0.0197122 0.0202217
11 0.0285099 0.0196342 0.0389991 0.0389019
11.1 0.0222102 0.018708 0.0494329 0.0492047
11.2 0.0101448 0.0155293 0.0461786 0.0500123
11.3 -0.000852358 0.00741044 0.0359048 0.0387348
11.4 -0.00376995 -0.00170146 0.0189633 0.0219259
11.5 -0.00266954 -0.00495862 -0.00385251 0.0024824
11.6 -0.00458178 -0.00467111 -0.0170726 -0.0226401
11.7 -0.00456073 -0.00718766 -0.0142697 -0.0444407
11.8 -0.00461057 -0.00705783 -0.0128179 -0.0447343
11.9 -0.0100932 -0.00395884 -0.0178147 -0.0240058
12 -0.0145345 -0.00658123 -0.0162203 -0.00118553
12.1 -0.0156467 -0.0117011 -0.00651494 0.0107317
12.2 -0.0220227 -0.0106045 0.00155492 0.00978099
12.3 -0.0288368 -0.00779658 0.000935085 0.00141057
12.4 -0.0304532 -0.0127663 -0.00779089 -0.00798733
12.5 -0.0385995 -0.021197 -0.0202274 -0.018781
12.6 -0.0669062 -0.0231399 -0.0299333 -0.0364165
12.7 -0.119606 -0.0217173 -0.0299207 -0.0595594
12.8 -0.19809 -0.021852 -0.0265895 -0.075899
12.9 -0.290157 -0.0218479 -0.029639 -0.0776439
13 -0.366412 -0.022768 -0.0297623 -0.0752838
13.1 -0.39303 -0.0217158 -0.0257356 -0.0766289
13.2 -0.343198 -0.0167048 -0.0264631 -0.0751903
13.3 -0.230212 -0.0135896 -0.024589 -0.0709085
13.4 -0.119593 -0.0130747 -0.0161021 -0.0666217
13.5 -0.0574088 -0.0111147 -0.00645938 -0.0603376
13.6 -0.0184429 -0.00295249 -0.000455039 -0.0492444
13.7 0.0238119 0.0141116 0.00221895 -0.0296957
13.8 0.0682806 0.0287854 0.012539 -0.000573543
13.9 0.120641 0.0278223 0.0379128 0.0331406
14 0.167502 0.0248651 0.0655844 0.0639234
14.1 0.185113 0.0363412 0.0802114 0.088354
14.2 0.190138 0.0522554 0.0842054 0.106436
14.3 0.202332 0.0621228 0.0839131 0.118214
14.4 0.211567 0.0645934 0.083107 0.122353
14.5 0.209853 0.0618085 0.0824775 0.120592
14.6 0.195337 0.0585308 0.0784766 0.1182
14.7 0.170678 0.0543524 0.0722333 0.11606
14.8 0.149696 0.0484724 0.0659241 0.112592
14.9 0.138626 0.0422876 0.0592655 0.107635
15 0.134595 0.0365071 0.0523443 0.101075
15.1 0.132657 0.0317955 0.045284 0.0928495
15.2 0.124147 0.0285726 0.0382898 0.0829538
15.3 0.103039 0.0268546 0.0316582 0.0714491
15.4 0.0725189 0.0262279 0.0257395 0.0584732
15.5 0.0453864 0.0260253 0.0208588 0.0442497
15.6 0.0268647 0.0256148 0.0172235 0.0290921
15.7 0.0192023 0.024236 0.0150382 0.0133012
15.8 0.0197606 0.0217664 0.0133899 -0.000341254
15.9 0.0138969 0.018981 0.00973007 -0.00547536
16 0.00128077 0.0145514 0.00413611 -0.000583491
16.1 -0.00401101 0.00475063 0.001429 0.00585998
16.2 -0.0048787 -0.00502986 0.00159187 0.0052225
16.3 -0.0131851 -0.00413692 -0.000944391 -0.00209282
16.4 -0.0215867 -0.000445854 -0.00287943 -0.0107414
16.5 -0.0215339 -0.00539954 -0.0011758 -0.0156779
16.6 -0.0208028 -0.011471 -0.00341387 -0.014008
16.7 -0.0216715 -0.0111891 -0.0110678 -0.00808996
16.8 -0.00728256 -0.00861797 -0.015254 -0.00343037
16.9 0.0213486 -0.00387504 -0.0103398 -0.00272382
17 0.0432287 0.00740229 0.000722146 -0.00255554
17.1 0.0565338 0.0206307 0.0129825 0.0015739
17.2 0.0705344 0.0296808 0.0240047 0.00893048
17.3 0.0858328 0.0339787 0.033051 0.0168679
17.4 0.0951952 0.0341274 0.0399185 0.0245609
17.5 0.0977318 0.0332131 0.0431159 0.0319837
17.6 0.0932341 0.0334916 0.0424263 0.038131
17.7 0.0814171 0.0325864 0.0408895 0.0409976
17.8 0.070474 0.0296366 0.0397459 0.040267
17.9 0.0594721 0.0260926 0.0377771 0.0374632
18 0.0472481 0.0226469 0.0344449 0.0334264
18.1 0.0398023 0.0199774 0.0297293 0.0281808
18.2 0.03697 0.018757 0.0237684 0.0217011
18.3 0.0366237 0.0188852 0.0172088 0.0139383
18.4 0.0368917 0.0189771 0.0116863 0.00516401
18.5 0.0292705 0.0179977 0.00780519 -0.00138974
18.6 0.00673281 0.0152037 0.00450953 -0.00121954
18.7 -0.0197812 0.00625349 0.00258188 0.00315116
18.8 -0.0388311 -0.00802633 0.00126497 0.0040095
18.9 -0.0545594 -0.0131393 -0.00452804 -0.00158627
19 -0.0729465 -0.00640014 -0.0124686 -0.0110807
19.1 -0.090931 -0.00520926 -0.012327 -0.0215531
19.2 -0.103134 -0.0135337 -0.00557188 -0.029638
19.3 -0.113891 -0.0165762 -0.00558794 -0.0312533
19.4 -0.130104 -0.0108374 -0.0141558 -0.0270978
19.5 -0.152474 -0.00995025 -0.0186134 -0.0225061
19.6 -0.179147 -0.0167402 -0.0154722 -0.0197697
19.7 -0.20669 -0.0176687 -0.0145984 -0.0171493
19.8 -0.230722 -0.0109962 -0.0180298 -0.0141607
19.9 -0.24681 -0.0103761 -0.01776 -0.0118406
20 -0.255661 -0.0170057 -0.0139426 -0.00986381
20.1 -0.26167 -0.0176679 -0.0144791 -0.00764995
20.2 -0.261164 -0.0112674 -0.0182942 -0.00656928
20.3 -0.25107 -0.00915518 -0.0172318 -0.00758453
20.4 -0.23722 -0.0125423 -0.0114428 -0.00865956
20.5 -0.221261 -0.0133246 -0.00756266 -0.00737194
20.6 -0.201658 -0.00953563 -0.0075933 -0.0036884
20.7 -0.183252 -0.00626552 -0.00763846 -0.000320142
20.8 -0.16989 -0.00646429 -0.00471565 -0.000284574
20.9 -0.163267 -0.0077151 -0.00171466 -0.00229518
21 -0.167492 -0.00780514 -0.00243078 -0.00283517
21.1 -0.184927 -0.00816277 -0.00549472 -0.00187619
21.2 -0.21106 -0.0102457 -0.00770799 -0.00167358
21.3 -0.236087 -0.0126471 -0.00850115 -0.00332839
21.4 -0.25427 -0.013226 -0.00911756 -0.006254
21.5 -0.265376 -0.0127446 -0.00991489 -0.00897235
21.6 -0.267891 -0.0131818 -0.0103573 -0.0103266
21.7 -0.260263 -0.0130728 -0.0105459 -0.0102224
21.8 -0.243009 -0.011538 -0.0101859 -0.00881913
21.9 -0.215819 -0.0110041 -0.0087702 -0.00591851
22 -0.179195 -0.0116766 -0.00683626 -0.00215035
22.1 -0.137022 -0.0114498 -0.00471551 0.000103522
22.2 -0.0929421 -0.0094762 -0.00241687 -0.000787723
22.3 -0.0472919 -0.00595341 -0.0015878 -0.00247233
22.4 -0.00190896 -0.00144436 -0.00225352 -0.00216065
22.5 0.0381797 0.00402581 -0.00014809 -0.000222927
22.6 0.070611 0.0115344 0.00667339 0.00229772
22.7 0.0970078 0.0208584 0.0152519 0.00546473
22.8 0.118428 0.0303 0.0232894 0.00940129
22.9 0.134664 0.0401009 0.0307182 0.0136151
23 0.143144 0.0495846 0.0390486 0.0179385
23.1 0.143777 0.0528548 0.0514763 0.0227967
23.2 0.141033 0.0495133 0.0651188 0.0290544
23.3 0.134079 0.0489982 0.0685321 0.0384315
23.4 0.12256 0.0527887 0.0598398 0.0498963
23.5 0.110682 0.0526967 0.0502425 0.0583373
23.6 0.10155 0.0463887 0.0456107 0.060581
23.7 0.0990284 0.0376087 0.0440157 0.0574529
23.8 0.103625 0.0295823 0.0430747 0.0511118
23.9 0.108858 0.0245145 0.0414513 0.0429086
24 0.109518 0.0236785 0.0386705 0.0332739
24.1 0.106964 0.0251949 0.0355732 0.0226293
24.2 0.104179 0.0249929 0.0339041 0.0114159
24.3 0.101765 0.0216233 0.0334907 0.001358
24.4 0.0981594 0.0169431 0.0308381 -0.0023223
24.5 0.0920555 0.0138943 0.0235519 0.00255013
24.6 0.08332 0.013984 0.0147609 0.00915662
24.7 0.0701583 0.0149808 0.010021 0.010516
24.8 0.0528735 0.0143301 0.0107256 0.00631209
24.9 0.0358216 0.0132228 0.0121099 0.00107176
25 0.0195161 0.0130052 0.00963911 -0.000116878
25.1 0.00311795 0.0112399 0.00446549 0.00286011
25.2 -0.00876391 0.00277212 0.00110262 0.00457701
25.3 -0.0149371 -0.0101652 -0.000477261 0.000847791
25.4 -0.0212614 -0.0141579 -0.00620713 -0.00684205
25.5 -0.0273465 -0.00810044 -0.0146118 -0.0152196
25.6 -0.0264143 -0.00728767 -0.0153532 -0.0234343
25.7 -0.0193574 -0.0135119 -0.00856629 -0.0298422
25.8 -0.0116125 -0.01376 -0.00569426 -0.0304542
25.9 -0.00266829 -0.00458148 -0.0090957 -0.0247274
26 0.0106716 0.00418477 -0.00871693 -0.0156146
26.1 0.0265579 0.00619549 0.000843235 -0.00347967
26.2 0.041149 0.00649024 0.013498 0.0113444
26.3 0.0529439 0.0110618 0.0227065 0.0252704
26.4 0.059319 0.019058 0.0275972 0.0364217
26.5 0.0594998 0.026182 0.0299904 0.045037
26.6 0.0574348 0.0287505 0.0314478 0.0510686
26.7 0.0545671 0.0268254 0.0314008 0.0544344
26.8 0.0458618 0.0238979 0.0291287 0.0544164
26.9 0.0287329 0.0214217 0.0257705 0.0507502
27 0.00731072 0.0182384 0.0216212 0.0448146
27.1 -0.0124918 0.0105594 0.0154916 0.0374713
27.2 -0.0280377 -0.00216799 0.00508203 0.0275888
27.3 -0.045181 -0.0111192 -0.00863151 0.0104848
27.4 -0.0706501 -0.0110489 -0.0179802 -0.0167505
27.5 -0.10021 -0.00924029 -0.0170927 -0.0482267
27.6 -0.125816 -0.0105982 -0.0126509 -0.0713071
27.7 -0.146936 -0.0103403 -0.0173422 -0.0734523
27.8 -0.166753 -0.0100789 -0.0255891 -0.059716
27.9 -0.188417 -0.0122422 -0.0241272 -0.0474396
28 -0.211851 -0.0109341 -0.0170513 -0.0407225
28.1 -0.230471 -0.00845749 -0.0109201 -0.0347255
28.2 -0.240286 -0.0112468 -0.00647419 -0.0270301
28.3 -0.244482 -0.0157136 -0.00671931 -0.0170181
28.4 -0.246609 -0.0159938 -0.0123579 -0.00662957
28.5 -0.245966 -0.0147197 -0.0163305 -0.000898245
28.6 -0.240892 -0.0157791 -0.0132064 -0.00235477
28.7 -0.23207 -0.015613 -0.00792372 -0.00658285
28.8 -0.219314 -0.0121994 -0.00600597 -0.00821357
28.9 -0.203141 -0.0090716 -0.00669752 -0.00606462
29 -0.18628 -0.00907446 -0.00698117 -0.00215215
29.1 -0.170424 -0.0110001 -0.00542924 8.6009e-05
29.2 -0.156388 -0.0110009 -0.00351856 -0.00104049
29.3 -0.143506 -0.00826205 -0.00319708 -0.00330459
29.4 -0.129354 -0.00586462 -0.00409893 -0.00407329
29.5 -0.1127 -0.00597985 -0.00460188 -0.00319485
29.6 -0.0937847 -0.00750982 -0.00439243 -0.00160904
29.7 -0.0723613 -0.00787055 -0.00411129 -0.000638854
29.8 -0.0480346 -0.006355 -0.00367761 -0.00117682
29.9 -0.02041 -0.00430116 -0.00276588 -0.00225345
30 0.00890111 -0.000111574 -0.00118419 -0.00191057
30.1 0.03647 0.00919312 0.00192845 0.000683166
30.2 0.0608829 0.0208091 0.00778192 0.00446941
30.3 0.0808756 0.030099 0.0161782 0.0082426
30.4 0.0945359 0.036111 0.0252709 0.0119009
30.5 0.10233 0.0391429 0.0337152 0.0156398
30.6 0.105963 0.03944 0.0408674 0.0196902
30.7 0.10523 0.0386346 0.0450411 0.0242874
30.8 0.0990564 0.0384482 0.0446726 0.0289576
30.9 0.0870227 0.0381098 0.0412653 0.0320848
31 0.0686308 0.036287 0.0375967 0.0320707
31.1 0.0447369 0.0328365 0.0344898 0.028912
31.2 0.0181642 0.0277439 0.0314168 0.023677
31.3 -0.00463465 0.0176482 0.0274639 0.0170072
31.4 -0.0162532 0.000753053 0.0191949 0.00905636
31.5 -0.0200476 -0.0111242 0.000611934 8.94753e-05
31.6 -0.0238217 -0.0102063 -0.0215144 -0.0121074
31.7 -0.0256551 -0.00967714 -0.0247559 -0.032928
31.8 -0.0234271 -0.0116471 -0.00920773 -0.0585504
31.9 -0.0181048 -0.00417526 -0.0012141 -0.0711066
32 -0.00387753 0.0030782 -0.00517168 -0.0630225
32.1 0.0184494 -0.000163538 -0.00529299 -0.045409
32.2 0.0350607 -0.00035505 -0.000263802 -0.024854
32.3 0.0399974 0.0108342 0.00320806 -0.000285074
32.4 0.0395223 0.023939 0.00696376 0.0246163
32.5 0.0396781 0.0299368 0.015014 0.0443021
32.6 0.0405036 0.0295037 0.0255377 0.0579085
32.7 0.0392337 0.0277416 0.0342374 0.066802
32.8 0.0350051 0.0277223 0.038432 0.0716381
32.9 0.0290838 0.0293394 0.0381708 0.0724844
33 0.0241122 0.0304985 0.0356805 0.0698017
33.1 0.0223785 0.0294338 0.0326947 0.0651472
33.2 0.0241199 0.0264795 0.0294916 0.0594465
33.3 0.028435 0.0229877 0.0259786 0.0527286
33.4 0.0346254 0.0202007 0.0221115 0.0450406
33.5 0.0421523 0.0192236 0.017867 0.036439
33.6 0.0509864 0.0195917 0.0142428 0.026851
33.7 0.0613544 0.0192973 0.0131967 0.0161036
33.8 0.0715264 0.0184614 0.0139204 0.00554983
33.9 0.0785514 0.0188886 0.0123128 -0.000218864
34 0.0809067 0.0200732 0.00782535 0.00108586
34.1 0.0790347 0.019404 0.00525487 0.00477138
34.2 0.0748063 0.0161526 0.00701698 0.00621172
34.3 0.069088 0.0133766 0.0100396 0.0054634
34.4 0.0599565 0.0136365 0.0109368 0.00424022
34.5 0.0455677 0.0155729 0.0096559 0.00353108
34.6 0.026343 0.0163282 0.0082215 0.00320961
34.7 0.00451321 0.0136411 0.00775797 0.00288853
34.8 -0.014314 0.00444235 0.00678772 0.0024229
34.9 -0.0271889 -0.00869498 0.00104209 0.0010649
35 -0.0412169 -0.0139271 -0.0116875 -0.00286282
35.1 -0.0621014 -0.0116101 -0.0217962 -0.0114148
35.2 -0.0885204 -0.0126775 -0.0200367 -0.0239128
35.3 -0.121424 -0.0132852 -0.0147375 -0.0351448
35.4 -0.160105 -0.00965889 -0.0141138 -0.0407588
35.5 -0.198733 -0.0104313 -0.0148438 -0.0405722
35.6 -0.235581 -0.0165173 -0.015192 -0.0368453
35.7 -0.275239 -0.0178331 -0.018263 -0.0323845
35.8 -0.316917 -0.0154572 -0.0219642 -0.0295142
35.9 -0.353441 -0.0189178 -0.0224729 -0.0296592
36 -0.38456 -0.022021 -0.0249643 -0.0340764
36.1 -0.410746 -0.0205223 -0.0282038 -0.046585
36.2 -0.426942 -0.0213453 -0.026201 -0.0677751
36.3 -0.431592 -0.0218641 -0.0271012 -0.087252
36.4 -0.42794 -0.0200279 -0.0314166 -0.0962457
36.5 -0.421496 -0.018221 -0.0283285 -0.0953967
36.6 -0.414171 -0.0149243 -0.0189495 -0.0871862
36.7 -0.401974 -0.0116038 -0.00887075 -0.0749071
36.8 -0.382339 -0.00991167 -0.00170681 -0.0594194
36.9 -0.355368 -0.00847255 -0.0014417 -0.0388355
37 -0.32112 -0.00811013 -0.00632638 -0.0143976
37.1 -0.279992 -0.010101 -0.00830549 0.0058031
37.2 -0.232948 -0.0111869 -0.00259099 0.0115273
37.3 -0.180387 -0.00633021 0.00412122 0.00389543
37.4 -0.119907 0.00146997 0.00250718 -0.00464627
37.5 -0.0487616 0.00112496 -0.0039203 -0.0062228
37.6 0.0229878 -0.00374326 -0.00604462 -0.00376683
37.7 0.0783337 0.00236187 -0.00169115 -0.00114722
37.8 0.113926 0.01977 0.00792631 0.00184146
37.9 0.133535 0.0430601 0.0202039 0.00604196
38 0.143382 0.0619418 0.0377475 0.0115309
38.1 0.151385 0.0608302 0.0663197 0.0190056
38.2 0.151276 0.0550918 0.0888201 0.034323
38.3 0.139645 0.0615984 0.0859843 0.0621384
38.4 0.130218 0.059604 0.0731164 0.0944569
38.5 0.125627 0.0406113 0.0693114 0.116032
38.6 0.116971 0.0205499 0.0744719 0.116092
38.7 0.101116 0.0108748 0.0787764 0.0993793
38.8 0.0803667 0.0133263 0.0740547 0.0796215
38.9 0.0606225 0.0196447 0.0638339 0.061741
39 0.0467922 0.0215575 0.0541944 0.0447923
39.1 0.0394749 0.0179733 0.0462196 0.0287432
39.2 0.0364893 0.0127815 0.0384374 0.0135934
39.3 0.035392 0.0103569 0.0283577 0.00090668
39.4 0.0352282 0.0110012 0.0140788 -0.00428712
39.5 0.036137 0.0103914 0.000246001 -0.000825009
39.6 0.0364165 0.00505731 -0.00147514 0.00204249
39.7 0.0326904 0.00126704 0.00774964 -0.000195349
39.8 0.0252515 0.00761792 0.0127067 9.14904e-05
39.9 0.0194941 0.0187766 0.0105077 0.0057097
40 0.0197614 0.0237038 0.00985601 0.0111558
40.1 0.0241869 0.0208184 0.013571 0.0131534
40.2 0.0271198 0.0164879 0.0173821 0.0125763
40.3 0.0254957 0.0160266 0.0172723 0.0108994
40.4 0.0206813 0.0185146 0.013872 0.00834235
40.5 0.0159945 0.0191204 0.010482 0.00481247
40.6 0.0136537 0.0152426 0.00871973 0.00121658
40.7 0.0133017 0.00931281 0.00684764 -0.000168024
40.8 0.0133313 0.00554399 0.00336131 0.00122281
40.9 0.0124185 0.00548178 0.00100477 0.00164849
41 0.0106826 0.00693317 0.00206531 -0.000136309
41.1 0.00919662 0.00731497 0.00373713 9.50484e-06
41.2 0.00746495 0.00628172 0.00372727 0.00315916
41.3 0.00348867 0.00459239 0.0029915 0.00572447
41.4 -0.00278617 0.00167489 0.00202044 0.00507933
41.5 -0.0104639 -0.00232258 -0.000344663 0.00077552
41.6 -0.0206187 -0.00499841 -0.00467657 -0.00562348
41.7 -0.0337226 -0.00625067 -0.0094372 -0.0112583
41.8 -0.049226 -0.00776315 -0.0122794 -0.0150329
41.9 -0.0671245 -0.00942981 -0.0122191 -0.017453
42 -0.0875126 -0.00949894 -0.0114588 -0.0178577
42.1 -0.109518 -0.00864686 -0.0120677 -0.0152363
42.2 -0.132214 -0.00941956 -0.0130481 -0.0103484
42.3 -0.156626 -0.0104056 -0.0137691 -0.00518015
42.4 -0.182449 -0.0101293 -0.0137193 -0.0020518
42.5 -0.206977 -0.0100512 -0.0121826 -0.00209973
42.6 -0.228882 -0.0103081 -0.0107056 -0.00414467
42.7 -0.248729 -0.0101468 -0.0111996 -0.00627652
42.8 -0.267116 -0.0102832 -0.0133565 -0.00760049
42.9 -0.284295 -0.0113668 -0.0155621 -0.00844085
43 -0.300645 -0.0128769 -0.0166496 -0.00943039
43.1 -0.315969 -0.0134947 -0.0166916 -0.0107773
43.2 -0.328446 -0.0129274 -0.016431 -0.0120682
43.3 -0.33582 -0.0129517 -0.0163488 -0.012468
43.4 -0.338045 -0.0135884 -0.016683 -0.0120822
43.5 -0.336988 -0.0129744 -0.0166371 -0.0120434
43.6 -0.333546 -0.0119731 -0.0146636 -0.0121939
43.7 -0.327463 -0.0125685 -0.0110438 -0.010867
43.8 -0.319471 -0.0133467 -0.00825508 -0.00704959
43.9 -0.309859 -0.0125739 -0.00753436 -0.00169682
44 -0.297168 -0.0114191 -0.00663203 0.00117174
44.1 -0.280133 -0.0108612 -0.00403729 -0.00107823
44.2 -0.257934 -0.0104121 -0.00241166 -0.00461033
44.3 -0.230185 -0.0099279 -0.00375542 -0.00530736
44.4 -0.197888 -0.0100294 -0.0061944 -0.00366766
44.5 -0.163108 -0.010653 -0.00712789 -0.00198437
44.6 -0.127465 -0.0105851 -0.0061237 -0.0014952
44.7 -0.0915632 -0.00895864 -0.00445194 -0.00169925
44.8 -0.0553576 -0.00619404 -0.00296347 -0.00165257
44.9 -0.0185354 -0.00302932 -0.00180115 -0.000964788
45 0.0163297 0.00193886 1.08965e-05 0.00013357
45.1 0.0451308 0.0108984 0.00401863 0.00138832
45.2 0.0690338 0.0219426 0.0102019 0.00319026
45.3 0.0921588 0.031269 0.0174247 0.00623694
45.4 0.115295 0.0386391 0.0246461 0.0104612
45.5 0.135327 0.0463857 0.0319581 0.015116
45.6 0.150402 0.0528577 0.0420145 0.0199797
45.7 0.16177 0.0529757 0.0581746 0.025488
45.8 0.166965 0.0515965 0.0751509 0.0340338
45.9 0.165529 0.0556679 0.0809583 0.0505612
46 0.165213 0.0555187 0.0780678 0.0746288
46.1 0.165287 0.0479907 0.0777954 0.0977632
46.2 0.158801 0.0463276 0.0786864 0.11196
46.3 0.14947 0.0513629 0.0779695 0.111976
46.4 0.143346 0.0537008 0.0780538 0.10011
46.5 0.140634 0.0509826 0.0773424 0.0857121
46.6 0.138905 0.0460983 0.074318 0.0726935
46.7 0.13597 0.0413089 0.0693219 0.0604263
46.8 0.130846 0.0373057 0.0623418 0.0489925
46.9 0.122854 0.0344313 0.0536853 0.0383279
47 0.112376 0.0326372 0.0439597 0.028251
47.1 0.0993521 0.0315521 0.0339768 0.0185122
47.2 0.0818612 0.0306178 0.0245726 0.0089171
47.3 0.0598682 0.0291991 0.0157802 0.000878412
47.4 0.0346787 0.0261226 0.0071888 -0.00157279
47.5 0.00709795 0.0186845 0.00182651 0.00116099
47.6 -0.0186616 0.00342626 0.00228308 0.00251885
47.7 -0.0422313 -0.011275 0.000722605 -0.000195564
47.8 -0.0712194 -0.0104146 -0.0090571 -0.00620392
47.9 -0.104466 -0.00335547 -0.0143454 -0.0169041
48 -0.133608 -0.00762282 -0.00609674 -0.0303804
48.1 -0.158363 -0.0154225 -6.80493e-05 -0.0381633
48.2 -0.181837 -0.0148342 -0.00830733 -0.0366754
48.3 -0.20278 -0.0128397 -0.0199874 -0.0320501
48.4 -0.220475 -0.0172746 -0.0228919 -0.0306015
48.5 -0.240589 -0.0188314 -0.0211319 -0.0327858
48.6 -0.265076 -0.0121591 -0.0220505 -0.0353974
48.7 -0.28631 -0.0100582 -0.0218822 -0.0366146
48.8 -0.301418 -0.0166036 -0.0190241 -0.0363109
48.9 -0.316071 -0.018606 -0.0202346 -0.0348464
49 -0.329817 -0.0144708 -0.024976 -0.0338556
49.1 -0.33564 -0.0172447 -0.0249454 -0.0352556
49.2 -0.33622 -0.0207064 -0.0242713 -0.0386165
49.3 -0.335463 -0.0161777 -0.0268569 -0.0436525
49.4 -0.329354 -0.0155025 -0.0235965 -0.0505607
49.5 -0.320507 -0.0176616 -0.0164925 -0.0559374
49.6 -0.31294 -0.0137791 -0.0131925 -0.0566265
49.7 -0.302848 -0.00886901 -0.0119788 -0.0526679
49.8 -0.286709 -0.0084338 -0.0101595 -0.0451816
49.9 -0.264948 -0.0108122 -0.00868325 -0.0348047
50 -0.240166 -0.0115982 -0.00939573 -0.0220474
50.1 -0.213842 -0.0101761 -0.0108538 -0.00845987
50.2 -0.185426 -0.00945025 -0.00869666 0.00134324
50.3 -0.155123 -0.00929619 -0.00151962 0.00177723
50.4 -0.123258 -0.0059772 0.00281054 -0.00284594
50.5 -0.0873458 -0.000843808 -0.00152662 -0.00325758
50.6 -0.0441892 -0.00154304 -0.00601569 -0.000693942
50.7 0.00157896 -0.00452022 -0.00411722 -0.000643377
50.8 0.0403464 0.00226524 0.000469142 -0.00154302
50.9 0.0706927 0.0180176 0.00539568 0.000783348
51 0.0978121 0.0339157 0.0118957 0.00604542
51.1 0.123576 0.0469176 0.0206708 0.0117897
51.2 0.146796 0.0548129 0.0337422 0.0172426
51.3 0.166153 0.0542106 0.0540426 0.0228873
51.4 0.177037 0.0531949 0.0752218 0.0313973
51.5 0.177965 0.0599959 0.0846301 0.0487348
51.6 0.17725 0.0629978 0.0828494 0.0774144
51.7 0.176401 0.0572435 0.0809273 0.107968
51.8 0.169065 0.0566376 0.0818116 0.125064
51.9 0.161027 0.0601079 0.0824691 0.123954
52 0.159428 0.0576903 0.0808208 0.113413
52.1 0.159868 0.0520851 0.0758469 0.101874
52.2 0.157328 0.0470367 0.0686792 0.0907762
52.3 0.150026 0.0426526 0.0605436 0.0795626
52.4 0.137041 0.0392015 0.0517921 0.0681466
52.5 0.118544 0.0366547 0.0429081 0.0564207
52.6 0.0951581 0.0347187 0.0344403 0.0442878
52.7 0.0669096 0.032944 0.0269079 0.0316937
52.8 0.0336474 0.0308547 0.0207011 0.0186548
52.9 -0.000903777 0.0248587 0.0157497 0.00575681
53 -0.0285128 0.00812957 0.00957557 -0.0031433
53.1 -0.050324 -0.0119778 -0.00324042 -0.00477387
53.2 -0.079766 -0.0154121 -0.0205073 -0.00571046
53.3 -0.118637 -0.00818396 -0.0235347 -0.0159913
53.4 -0.155311 -0.0111194 -0.00526431 -0.0327773
53.5 -0.186463 -0.0161866 0.00783949 -0.0409197
53.6 -0.213308 -0.0117958 -0.00190889 -0.033709
53.7 -0.232593 -0.010032 -0.0181485 -0.0203121
53.8 -0.245877 -0.0176351 -0.0234557 -0.0114674
53.9 -0.261638 -0.0195719 -0.0216651 -0.00992087
54 -0.280613 -0.00948411 -0.021566 -0.0118107
54.1 -0.292456 -0.00465948 -0.0194422 -0.0133959
54.2 -0.2924 -0.0126645 -0.013188 -0.0133389
54.3 -0.288719 -0.0174815 -0.0113509 -0.0107966
54.4 -0.288663 -0.0100469 -0.015899 -0.00676859
54.5 -0.287667 -0.00354293 -0.0161636 -0.00437043
54.6 -0.280556 -0.00650334 -0.00784156 -0.00441151
54.7 -0.268949 -0.0105082 -0.000603136 -0.0035005
54.8 -0.254296 -0.00900587 -0.00142366 -0.000245125
54.9 -0.234315 -0.00603123 -0.00481308 0.00071959
55 -0.206779 -0.00638309 -0.00466469 -0.00316865
55.1 -0.17273 -0.00849277 -0.00348936 -0.00736385
55.2 -0.135262 -0.00881439 -0.00506658 -0.00779163
55.3 -0.0966271 -0.0073734 -0.00796957 -0.00516283
55.4 -0.0572699 -0.00694953 -0.00805671 -0.00230387
55.5 -0.018171 -0.00728907 -0.00435989 -0.00102466
55.6 0.0149794 -0.00155051 -0.000111159 -0.000576185
55.7 0.0364139 0.0142945 0.00304958 0.000853775
55.8 0.049108 0.0324742 0.0078511 0.00356179
55.9 0.0584812 0.0450015 0.0160415 0.00686089
56 0.0672393 0.0489504 0.0270805 0.0105334
56.1 0.0749759 0.0467725 0.0385868 0.0144819
56.2 0.0772247 0.0477029 0.0453983 0.0188111
56.3 0.0740296 0.0531931 0.0456717 0.0236846
56.4 0.0709034 0.0546146 0.0436684 0.0280127
56.5 0.0692784 0.0487974 0.0432968 0.0297667
56.6 0.0663864 0.040743 0.0433223 0.0286227
56.7 0.0607369 0.0345056 0.0412333 0.0258162
56.8 0.0522131 0.0309875 0.0366057 0.0218984
56.9 0.0406657 0.0302224 0.0299375 0.0167509
57 0.0266717 0.0306049 0.0226377 0.0102106
57.1 0.0118064 0.029433 0.0158208 0.00303282
57.2 -0.000667242 0.0226679 0.00880423 -0.0012383
57.3 -0.00663284 0.00588123 0.00166652 -0.000377607
57.4 -0.0104502 -0.0113486 -0.00561378 0.000220044
57.5 -0.0224041 -0.0109949 -0.0140657 -0.00576391
57.6 -0.0392731 -0.00133997 -0.0160398 -0.0183089
57.7 -0.0493634 -0.0032069 -0.00533537 -0.032452
57.8 -0.0512365 -0.0110423 0.00239662 -0.0389366
57.9 -0.0499325 -0.0109507 -0.00612784 -0.0337964
58 -0.046739 -0.0075248 -0.0188233 -0.0244381
58.1 -0.0404172 -0.0103636 -0.0208797 -0.018187
58.2 -0.0330787 -0.0156791 -0.0141666 -0.0152985
58.3 -0.0275567 -0.0147952 -0.00832468 -0.0123794
58.4 -0.0221131 -0.00904026 -0.0064583 -0.00722955
58.5 -0.0140201 -0.00418284 -0.00548582 -0.00106466
58.6 -0.00327858 -0.00205751 -0.00192993 0.00188541
58.7 0.00702843 0.000623506 0.00298859 0.000559591
58.8 0.0135772 0.00721192 0.00437322 0.000317448
58.9 0.0170213 0.013859 0.0036837 0.00326251
59 0.0192946 0.0153063 0.00641494 0.00595997
59.1 0.0196956 0.0133657 0.0121176 0.00679659
59.2 0.016961 0.0132266 0.0156725 0.00684856
59.3 0.0124912 0.0151791 0.0147882 0.00688722
59.4 0.00883218 0.0153379 0.0116269 0.00640789
59.5 0.00679664 0.0117785 0.00854056 0.00470747
59.6 0.00516245 0.00633706 0.00575305 0.00175685
59.7 0.00212431 0.00222706 0.00190695 -0.000761654
59.8 -0.0024079 -0.000221971 -0.00219992 -0.00141512
59.9 -0.00729782 -0.00244917 -0.00325575 -0.00179476
60 -0.0121585 -0.00285113 -0.00236323 -0.00259509
