0.1 -420101 -195672 -88385.2 -34011.7
0.2 -1.46763e+06 -948542 -536420 -237249
0.3 -2.13833e+06 -1.82219e+06 -1.27682e+06 -645237
0.4 -2.26889e+06 -1.91683e+06 -1.48418e+06 -820928
0.5 -1.24362e+06 -1.07384e+06 -736860 -383891
0.6 2.16378e+06 1.1907e+06 686742 354387
0.7 4.64422e+06 3.97931e+06 2.61154e+06 1.24047e+06
0.8 4.6114e+06 4.25768e+06 3.44715e+06 1.89507e+06
0.9 5.90431e+06 3.55327e+06 2.24125e+06 1.22624e+06
1 8.46036e+06 5.57949e+06 2.68448e+06 876978
1.1 5.88424e+06 6.36591e+06 5.1741e+06 2.75277e+06
1.2 6.47741e+06 4.32773e+06 3.87899e+06 2.63367e+06
1.3 1.74877e+07 9.2389e+06 3.34211e+06 671133
1.4 2.26386e+07 1.90862e+07 1.22766e+07 5.4612e+06
1.5 2.92154e+07 2.3694e+07 1.95844e+07 1.16375e+07
1.6 3.7638e+07 2.72033e+07 1.6725e+07 8.12741e+06
1.7 2.19266e+07 2.10961e+07 1.33213e+07 5.18464e+06
1.8 2.58586e+06 1.16114e+06 5.15058e+06 4.9958e+06
1.9 5.82662e+06 -2.79188e+06 -6.50868e+06 -3.98416e+06
2 2.2411e+07 1.45246e+07 3.99907e+06 -2.05166e+06
2.1 2.97896e+07 2.86167e+07 2.65695e+07 1.69652e+07
2.2 3.10781e+07 2.89955e+07 2.36439e+07 1.45536e+07
2.3 4.566e+07 2.45848e+07 8.06953e+06 -1.09833e+06
2.4 2.86004e+07 2.36987e+07 1.48831e+07 7.90344e+06
2.5 -5.30602e+06 8.85116e+06 1.7883e+07 1.38799e+07
2.6 2.51739e+06 -1.00494e+07 -1.14605e+07 -7.88284e+06
2.7 -1.93621e+07 -1.57515e+07 -2.21668e+07 -1.55184e+07
2.8 -6.40945e+07 -3.66939e+07 -9.7447e+06 -485401
2.9 -5.88165e+07 -5.26798e+07 -3.34689e+07 -1.30941e+07
3 -1.61781e+07 -2.71014e+07 -3.94657e+07 -2.67857e+07
3.1 -3.498e+07 -8.35257e+06 4.99745e+06 -2.93146e+06
3.2 -4.30416e+07 -2.47673e+07 1.18719e+06 1.74998e+07
3.3 9.82719e+06 -1.64075e+07 -3.05373e+07 -2.09654e+07
3.4 2.80361e+07 2.17504e+07 1.74197e+06 -1.89557e+07
3.5 -6.46549e+07 -8.05292e+06 2.47004e+07 3.08167e+07
3.6 -9.08331e+07 -6.64398e+07 -3.40991e+07 4.15962e+06
3.7 -8.65962e+07 -8.24573e+07 -5.85146e+07 -4.76986e+07
3.8 -1.54155e+07 -5.46035e+07 -7.01814e+07 -4.7701e+07
3.9 -1.90796e+07 -9.13323e+06 -1.68019e+07 -1.0695e+07
4 -7.05665e+07 -7.24794e+06 1.09117e+07 3.00011e+06
4.1 -7.15243e+07 -4.88437e+07 8.56502e+06 3.08713e+07
4.2 -1.01676e+08 -7.93415e+07 -4.84198e+07 -1.27932e+07
4.3 -1.19252e+08 -8.43007e+07 -8.34735e+07 -4.7705e+07
4.4 -1.03804e+08 -9.90384e+07 -7.5498e+07 -4.77122e+07
4.5 -1.19265e+08 -1.03052e+08 -5.7553e+07 -4.77142e+07
4.6 -1.19333e+08 -7.25119e+07 -6.74559e+07 -1.5606e+07
4.7 -1.19363e+08 -8.99505e+07 -4.09337e+07 -2.28908e+07
4.8 -2.82636e+07 -5.55483e+07 -4.20818e+07 -3.2998e+07
4.9 -3.10363e+07 -1.26518e+07 -3.50761e+07 -1.16747e+07
5 -1.00714e+08 -2.42904e+07 -9.41727e+06 -1.09985e+07
5.1 -1.19378e+08 -1.06064e+08 -1.39047e+07 -1.00664e+07
5.2 -2.93491e+07 -7.13831e+07 -8.34739e+07 -9.7889e+06
5.3 -2.63642e+07 -1.0586e+07 -4.13681e+07 -1.85792e+07
5.4 -3.02813e+07 -3.70036e+06 1.46752e+07 -4.77144e+07
5.5 -5.24743e+07 -2.08651e+07 1.32338e+06 -9.68489e+06
5.6 -1.19393e+08 -6.24822e+07 -3.92008e+07 2.48553e+07
5.7 -3.98923e+07 -1.07323e+08 -6.59739e+07 1.99676e+06
5.8 -2.5e+07 -1.468e+07 -1.41685e+07 -1.73027e+07
5.9 7.87612e+06 4.50819e+07 458741 -4.22838e+07
6 2.26727e+07 4.06149e+06 2.21022e+07 -1.08481e+07
6.1 -3.3943e+07 -1.95759e+07 -1.84773e+07 29066.4
6.2 -3.71188e+07 -2.68225e+07 -2.11769e+07 4.4854e+07
6.3 -2.65151e+07 -2.95978e+07 9.93369e+06 -7.74491e+06
6.4 1.03511e+08 3.58462e+07 1.33712e+07 -1.58275e+07
6.5 1.1933e+08 9.97161e+07 1.17309e+07 -9.36062e+06
6.6 1.19434e+08 1.07324e+08 7.14065e+07 3.43588e+07
6.7 1.19529e+08 7.61004e+07 8.34825e+07 4.77057e+07
6.8 1.1957e+08 1.07327e+08 8.34855e+07 4.77121e+07
6.9 1.19593e+08 1.07332e+08 6.52429e+07 4.77146e+07
7 1.19637e+08 8.45672e+07 6.68501e+07 2.68332e+07
7.1 1.19671e+08 7.9342e+07 4.69453e+07 1.75003e+07
7.2 2.93815e+07 5.48623e+07 3.14826e+07 2.70041e+07
7.3 2.61511e+07 1.91304e+07 3.04912e+07 1.18403e+07
7.4 2.2357e+07 9.75206e+06 1.87921e+07 1.14602e+07
7.5 1.92101e+07 9.736e+06 7.84115e+06 1.09157e+07
7.6 1.72602e+07 1.85582e+07 -5.95176e+06 9.702e+06
7.7 1.62562e+07 1.2852e+07 1.01306e+07 3.00409e+06
7.8 5.75331e+06 1.57056e+06 1.16429e+07 -1.67704e+07
7.9 -6.60695e+07 -2.27328e+07 -1.91122e+07 -1.62208e+07
8 -1.19405e+08 -7.29025e+07 -5.17305e+07 -7.88642e+06
8.1 -1.19475e+08 -1.07342e+08 -6.8495e+07 -1.37645e+07
8.2 -1.19501e+08 -1.07357e+08 -5.28157e+07 -2.01977e+07
8.3 -1.19503e+08 -9.52282e+07 -7.18288e+07 -4.77218e+07
8.4 -7.3446e+07 -6.14494e+07 -7.21857e+07 -4.77298e+07
8.5 -7.79549e+07 -6.5534e+07 -3.52281e+07 -4.77302e+07
8.6 -5.51464e+07 -4.9289e+07 -4.04554e+07 -1.11547e+07
8.7 -2.94325e+07 -2.63629e+07 -2.63078e+07 -1.00402e+07
8.8 -2.85502e+07 -2.5184e+07 -1.22007e+07 -9.21172e+06
8.9 -2.72885e+07 -2.32351e+07 -8.56654e+06 -8.31279e+06
9 -2.63022e+07 -1.96151e+07 -1.36382e+07 -7.26976e+06
9.1 -2.59609e+07 -1.17623e+07 -1.48179e+07 -407354
9.2 -2.53341e+07 -9.31038e+06 -4.11998e+06 1.29866e+07
9.3 -2.41368e+07 -1.22509e+07 1.47467e+07 1.99948e+06
9.4 -2.23598e+07 -8.80561e+06 -5.59876e+06 -6.6962e+06
9.5 4.00333e+07 -5.48006e+06 -2.05839e+07 -6.82674e+06
9.6 4.31832e+07 1.78618e+07 -8.27816e+06 -6.98211e+06
9.7 4.56526e+07 3.59477e+07 2.19568e+07 1.29089e+06
9.8 4.79235e+07 5.80553e+07 3.66698e+07 1.29429e+07
9.9 8.15196e+07 5.96331e+07 6.11273e+07 1.73445e+07
10 1.06795e+08 7.0451e+07 4.03791e+07 4.0717e+07
10.1 1.16556e+08 9.15474e+07 6.12554e+07 4.77161e+07
10.2 2.96694e+07 8.00689e+07 7.52156e+07 1.87821e+07
10.3 2.83643e+07 1.78486e+07 2.00446e+07 1.95055e+07
10.4 2.708e+07 2.5426e+06 9.5573e+06 1.18617e+07
10.5 2.60133e+07 349496 -1.01179e+07 1.1074e+07
10.6 2.52175e+07 1.88322e+07 -2.38075e+06 9.48642e+06
10.7 2.44822e+07 2.26895e+07 1.85741e+07 -1.60389e+07
10.8 2.33896e+07 2.24927e+07 1.94281e+07 -1.6504e+07
10.9 2.22251e+07 1.51629e+07 -2.61296e+06 -5.5358e+06
11 2.13491e+07 5.52577e+06 -1.42835e+07 1.59039e+07
11.1 2.03351e+07 -2.55556e+06 1.66805e+07 1.62666e+07
11.2 1.91156e+07 2.13684e+07 2.4723e+07 9.3779e+06
11.3 1.80481e+07 3.36956e+07 2.0774e+07 5.71386e+06
11.4 1.32942e+07 2.46553e+07 1.38401e+07 4.74456e+06
11.5 -2.35373e+07 7.67291e+06 1.009e+07 6.4407e+06
11.6 -4.29209e+07 -3.12052e+07 -3.90884e+06 4.27686e+06
11.7 -4.54191e+07 -4.19287e+07 -2.72187e+07 -8.31282e+06
11.8 -4.6372e+07 -6.20343e+07 -5.9375e+07 -1.40767e+07
11.9 -4.71664e+07 -5.21283e+07 -2.67725e+07 -1.62934e+07
12 -4.77359e+07 -2.49152e+07 -1.48012e+07 -1.83349e+07
12.1 -5.32935e+07 -2.33502e+07 -2.35364e+07 -2.21915e+07
12.2 -3.92523e+07 -3.09682e+07 -3.10881e+07 -1.96442e+07
12.3 -2.91688e+07 -3.77481e+07 -2.34596e+07 -1.16155e+07
12.4 -2.79695e+07 -3.48435e+07 -1.87512e+07 -1.11572e+07
12.5 -2.63628e+07 -2.45413e+07 -2.37817e+07 -1.06857e+07
12.6 -1.09147e+07 -1.75885e+07 -1.60457e+07 -1.0215e+07
12.7 3.51843e+07 -2.56103e+06 -1.06896e+07 -9.63161e+06
12.8 3.82448e+07 3.95657e+07 1.10767e+07 -8.60741e+06
12.9 4.02665e+07 6.63514e+07 2.79945e+07 3.63482e+06
13 4.2146e+07 2.00788e+07 4.77649e+07 2.31894e+07
13.1 4.30419e+07 2.44231e+07 3.63088e+07 4.77168e+07
13.2 3.40074e+07 5.08013e+07 2.22221e+07 4.4161e+07
13.3 2.94437e+07 4.94999e+07 5.5805e+07 1.08025e+07
13.4 2.93099e+07 2.11922e+07 2.1238e+07 9.58464e+06
13.5 3.05762e+07 1.59573e+07 1.123e+07 4.14815e+06
13.6 3.18587e+07 1.37319e+07 -7.42914e+06 -1.10687e+07
13.7 3.27835e+07 1.12633e+07 -1.77145e+07 -1.27976e+07
13.8 2.9701e+07 9.51892e+06 1.25414e+07 -5.71835e+06
13.9 2.8604e+07 1.96217e+07 1.65683e+07 1.17423e+07
14 2.66699e+07 2.88164e+07 1.80966e+07 1.55449e+07
14.1 2.43753e+07 3.08994e+07 2.18995e+07 1.60394e+07
14.2 2.22764e+07 1.89687e+07 2.48588e+07 1.18697e+07
14.3 9.82942e+06 1.60102e+07 1.53287e+07 1.16109e+07
14.4 -3.07523e+07 6.39747e+06 9.40251e+06 1.01408e+07
14.5 -4.02131e+07 -2.73913e+07 -8.37964e+06 -1.17562e+06
14.6 -4.16708e+07 -4.02659e+07 -2.72245e+07 -1.46808e+07
14.7 -4.19602e+07 -4.96598e+07 -5.45971e+07 -1.59269e+07
14.8 -4.20934e+07 -5.75148e+07 -2.62805e+07 -1.74705e+07
14.9 -3.56182e+07 -2.49672e+07 -1.62756e+07 -1.87405e+07
15 -2.93811e+07 -1.91095e+07 -3.28799e+07 -2.1466e+07
15.1 -1.97567e+07 -1.56832e+07 -1.43351e+07 -1.2324e+07
15.2 9.38182e+06 -1.28439e+07 -8.84397e+06 -1.14297e+07
15.3 1.75077e+07 -1.63686e+06 -2.84062e+06 -1.04085e+07
15.4 -3.68752e+06 2.93026e+07 4.284e+06 -8.75278e+06
15.5 1.29251e+07 1.43735e+07 1.61629e+07 1.24086e+07
15.6 2.33493e+07 3.03548e+06 1.76284e+07 1.89334e+07
15.7 2.9065e+07 1.87967e+07 1.43157e+07 2.79206e+07
15.8 2.89268e+07 3.09321e+07 2.00713e+07 1.17357e+07
15.9 2.41431e+07 3.54073e+07 2.4961e+07 1.10104e+07
16 1.93202e+07 2.01215e+07 2.63637e+07 1.04091e+07
16.1 9.09944e+06 1.52685e+07 1.21547e+07 8.14201e+06
16.2 -1.57138e+07 1.32756e+06 1.43655e+06 3.57956e+06
16.3 -1.84663e+07 -2.53441e+07 -1.96118e+07 -1.15033e+07
16.4 -2.22909e+07 -3.24609e+07 -2.46992e+07 -1.55115e+07
16.5 -3.1429e+07 -3.30035e+07 -2.77833e+07 -1.57802e+07
16.6 -3.55026e+07 -2.13918e+07 -2.31995e+07 -1.58185e+07
16.7 -3.61242e+07 -2.38967e+07 -1.30069e+07 -1.15286e+07
16.8 -3.62987e+07 -2.79524e+07 -1.33976e+07 -7.23576e+06
16.9 -2.97443e+07 -2.87695e+07 -1.87761e+07 144868
17 -2.95295e+07 -2.3091e+07 -1.7513e+07 -4.05074e+06
17.1 -2.93266e+07 -2.02633e+07 -1.23842e+07 -8.93375e+06
17.2 -2.89148e+07 -1.8396e+07 -1.09912e+07 -1.09025e+07
17.3 -1.97407e+07 -1.74199e+07 -1.39795e+07 -9.08342e+06
17.4 124698 -1.47821e+07 -1.46912e+07 -6.53523e+06
17.5 1.30353e+07 -6.54476e+06 -9.99688e+06 -2.75768e+06
17.6 -3.45504e+06 2.41795e+07 1.26415e+07 3.79686e+06
17.7 -2.02059e+06 1.45069e+07 2.04869e+07 8.81197e+06
17.8 1.30708e+07 -3.21791e+06 1.38649e+07 1.10168e+07
17.9 1.61305e+07 1.02697e+07 3.15865e+06 8.36254e+06
18 1.50779e+07 1.87527e+07 -4.07479e+06 354751
18.1 8.04193e+06 8.22123e+06 1.23645e+07 -8.43711e+06
18.2 -2.51502e+06 -5.0478e+06 5.61202e+06 -1.38006e+06
18.3 1.05185e+06 -5.08286e+06 -1.47717e+07 8.9236e+06
18.4 1.65487e+07 4.02271e+06 -469956 3.41652e+06
18.5 1.95099e+07 1.68393e+07 1.54493e+07 -8.0923e+06
18.6 1.82247e+07 2.10828e+07 1.50187e+07 733783
18.7 9.90471e+06 1.50935e+07 6.17108e+06 1.21984e+07
18.8 -1.99737e+07 -1.48669e+06 6.07325e+06 1.41382e+07
18.9 -2.81373e+07 -2.11811e+07 3.42676e+06 7.01566e+06
19 -3.36147e+07 -2.5752e+07 -1.75944e+07 -1.05974e+07
19.1 -3.39379e+07 -2.83614e+07 -2.68484e+07 -1.46433e+07
19.2 -2.87534e+07 -3.14635e+07 -3.20036e+07 -1.55068e+07
19.3 -2.69322e+07 -3.18455e+07 -1.55653e+07 -1.61095e+07
19.4 -2.81485e+07 -1.88589e+07 -1.75164e+07 -1.61114e+07
19.5 -2.67234e+07 -1.61216e+07 -2.05932e+07 -1.13297e+07
19.6 -2.21533e+07 -2.03942e+07 -1.43777e+07 -1.03922e+07
19.7 -1.71593e+07 -2.11994e+07 -1.16993e+07 -6.85795e+06
19.8 -1.46137e+07 -1.57531e+07 -9.49111e+06 5.63577e+06
19.9 -1.23017e+07 -6.69631e+06 -1.01305e+06 8.06715e+06
20 2.75261e+06 1.58238e+07 1.31719e+07 -6.05486e+06
20.1 1.97005e+07 1.8644e+07 1.0517e+07 1.8414e+06
20.2 2.70343e+07 6.9182e+06 2.89613e+06 9.29793e+06
20.3 3.24933e+07 1.68453e+07 1.12658e+07 9.6981e+06
20.4 3.31057e+07 2.65271e+07 1.6139e+07 6.29325e+06
20.5 2.51241e+07 3.27107e+07 2.06537e+07 4.17966e+06
20.6 1.59485e+07 2.04517e+07 2.16529e+07 7.94896e+06
20.7 -4.84345e+06 1.40237e+07 1.2394e+07 1.1346e+07
20.8 2.48337e+06 -7.22535e+06 5.81637e+06 1.14287e+07
20.9 1.30299e+07 -1.49169e+07 -1.42895e+07 2.34663e+06
21 1.06381e+07 1.14068e+07 -9.55841e+06 -1.34445e+07
21.1 1.51676e+07 1.78291e+07 1.07605e+07 -1.42828e+07
21.2 1.53751e+07 6.75851e+06 7.9954e+06 -6.4398e+06
21.3 319073 860575 -5.09265e+06 1.47931e+07
21.4 -9.99363e+06 -4.49091e+06 4.49358e+06 1.60986e+07
21.5 -7.77362e+06 -2.85262e+06 1.33903e+07 9.44381e+06
21.6 -1.11863e+07 3.50366e+06 2.90895e+06 -5.43289e+06
21.7 -1.5945e+07 -8.51852e+06 -1.67002e+07 -1.10649e+07
21.8 -1.82413e+07 -2.1252e+07 -1.92037e+07 -1.2196e+07
21.9 -2.03391e+07 -2.69371e+07 -1.49197e+07 -9.35897e+06
22 -1.85288e+07 -2.0321e+07 -1.60178e+07 -7.60428e+06
22.1 -1.09e+07 -1.46608e+07 -1.15498e+07 -5.76336e+06
22.2 1.66803e+07 1.05004e+06 -5.7007e+06 -1.84996e+06
22.3 2.01208e+07 2.56896e+07 1.46295e+07 4.87555e+06
22.4 2.24211e+07 2.93351e+07 2.14151e+07 9.26132e+06
22.5 2.43678e+07 1.84304e+07 2.45127e+07 1.24116e+07
22.6 2.10099e+07 1.86507e+07 1.49289e+07 1.42931e+07
22.7 1.63399e+07 1.88207e+07 1.19798e+07 9.983e+06
22.8 7.07736e+06 1.36226e+07 1.0744e+07 5.96035e+06
22.9 -5.61488e+06 -2.70703e+06 6.66832e+06 -5.87493e+06
23 -1.87166e+07 -1.89462e+07 -1.89886e+07 -6.94084e+06
23.1 -2.55954e+07 -2.31099e+07 -2.41441e+07 -7.4075e+06
23.2 -3.20006e+07 -2.69905e+07 -1.50397e+07 -9.41495e+06
23.3 -3.41778e+07 -2.84384e+07 -1.41792e+07 -1.07999e+07
23.4 -2.71617e+07 -2.21392e+07 -2.46234e+07 -1.05618e+07
23.5 -1.9135e+07 -1.93563e+07 -1.28367e+07 -8.64201e+06
23.6 7.60518e+06 -1.45301e+07 -1.03613e+07 -7.29775e+06
23.7 1.9763e+07 1.17049e+07 -2.01413e+06 -2.36731e+06
23.8 1.954e+07 2.90477e+07 1.70392e+07 8.64734e+06
23.9 2.11698e+07 3.01e+07 2.50285e+07 1.21295e+07
24 2.47245e+07 1.59772e+07 2.78836e+07 1.4901e+07
24.1 2.66841e+07 1.86415e+07 1.45585e+07 1.51513e+07
24.2 2.23505e+07 2.35425e+07 1.03204e+07 1.05839e+07
24.3 1.76192e+07 1.82847e+07 1.20535e+07 4.95877e+06
24.4 2.52199e+06 1.27207e+07 1.01102e+07 -8.34963e+06
24.5 -1.86587e+07 -1.30632e+07 288202 -1.4366e+06
24.6 -2.21938e+07 -2.4108e+07 -2.26151e+07 6.23248e+06
24.7 -2.52626e+07 -2.8034e+07 -2.4039e+07 -8.90815e+06
24.8 -2.98037e+07 -2.80526e+07 -1.10043e+07 -1.37881e+07
24.9 -3.38879e+07 -1.69229e+07 -1.44036e+07 -1.42863e+07
25 -3.44758e+07 -1.90684e+07 -2.05069e+07 -1.17542e+07
25.1 -3.46013e+07 -2.7048e+07 -2.1076e+07 -1.12304e+07
25.2 -3.498e+07 -3.4509e+07 -1.60428e+07 -9.45945e+06
25.3 -3.59803e+07 -3.49684e+07 -2.29521e+07 -6.36493e+06
25.4 -3.73734e+07 -2.51478e+07 -2.2589e+07 -6.00982e+06
25.5 -3.8225e+07 -2.38846e+07 -1.25224e+07 -9.74577e+06
25.6 -3.09567e+07 -2.40393e+07 -1.15278e+07 -1.03519e+07
25.7 -2.93236e+07 -2.30519e+07 -1.77722e+07 -8.3196e+06
25.8 -2.82241e+07 -2.2301e+07 -2.03252e+07 -6.75691e+06
25.9 -1.45591e+07 -2.09564e+07 -1.30678e+07 -6.65097e+06
26 3.09738e+07 -1.15216e+07 -9.96264e+06 -7.35328e+06
26.1 3.61338e+07 2.92836e+07 3.59137e+06 -4.3417e+06
26.2 3.74191e+07 5.49227e+07 2.36479e+07 9.58112e+06
26.3 3.89196e+07 3.7417e+07 4.11394e+07 1.51081e+07
26.4 4.04041e+07 2.30672e+07 4.55718e+07 1.74118e+07
26.5 4.15951e+07 5.44467e+07 1.61334e+07 2.48739e+07
26.6 4.23488e+07 2.20827e+07 1.50662e+07 2.6133e+07
26.7 4.23525e+07 1.98582e+07 2.71745e+07 1.11462e+07
26.8 2.90443e+07 3.26811e+07 2.80082e+07 1.0144e+07
26.9 2.78027e+07 3.90547e+07 1.84473e+07 6.86058e+06
27 2.67361e+07 2.0817e+07 1.43536e+07 2.29016e+06
27.1 2.58142e+07 1.31665e+07 9.41289e+06 -1.17971e+06
27.2 2.46759e+07 8.97884e+06 3.48777e+06 6.69678e+06
27.3 2.3053e+07 8.63239e+06 -2.03449e+06 5.6077e+06
27.4 1.10429e+07 1.47242e+07 1.17273e+07 -4.1065e+06
27.5 -3.38927e+07 3.37705e+06 1.004e+07 1.65657e+06
27.6 -4.13506e+07 -2.38225e+07 -1.1227e+07 7.24104e+06
27.7 -4.1576e+07 -3.82074e+07 -2.15832e+07 -6.13602e+06
27.8 -4.15798e+07 -4.17196e+07 -2.78008e+07 -1.33204e+07
27.9 -4.1617e+07 -4.28888e+07 -3.73633e+07 -1.46551e+07
28 -4.17654e+07 -3.3917e+07 -2.16503e+07 -1.5896e+07
28.1 -4.18133e+07 -2.64043e+07 -1.60397e+07 -1.66686e+07
28.2 -2.9573e+07 -2.62392e+07 -2.8916e+07 -1.67445e+07
28.3 -2.81046e+07 -2.7518e+07 -1.86433e+07 -1.16677e+07
28.4 -2.25662e+07 -2.60646e+07 -1.49298e+07 -1.11285e+07
28.5 -1.93927e+07 -2.33908e+07 -1.73772e+07 -1.03549e+07
28.6 -1.75275e+07 -1.33162e+07 -1.67581e+07 -9.44028e+06
28.7 -1.31323e+07 -5.93815e+06 -1.158e+07 -5.51306e+06
28.8 1.85228e+07 5.59902e+06 7.00633e+06 8.55854e+06
28.9 2.54834e+07 2.64672e+07 2.19129e+07 1.29467e+07
29 3.11825e+07 3.15763e+07 2.75722e+07 1.41916e+07
29.1 3.38922e+07 3.41369e+07 2.90052e+07 1.48163e+07
29.2 3.39758e+07 3.04092e+07 1.78803e+07 1.22503e+07
29.3 2.97872e+07 1.74104e+07 1.64078e+07 8.42556e+06
29.4 2.84187e+07 1.86629e+07 1.37738e+07 6.52683e+06
29.5 2.43083e+07 2.21192e+07 1.04403e+07 3.92853e+06
29.6 2.02653e+07 1.85259e+07 8.77106e+06 1.86368e+06
29.7 1.62412e+07 1.45265e+07 9.36606e+06 5.46909e+06
29.8 7.69629e+06 6.60367e+06 9.40073e+06 6.4306e+06
29.9 -1.604e+07 -7.84819e+06 5.50824e+06 4.21045e+06
30 -2.08543e+07 -1.63721e+07 -1.51878e+07 -4.93514e+06
30.1 -2.16664e+07 -2.06068e+07 -2.2016e+07 -9.31112e+06
30.2 -2.09669e+07 -2.27165e+07 -1.49261e+07 -1.25046e+07
30.3 -2.18759e+07 -1.90506e+07 -1.26374e+07 -1.28677e+07
30.4 -1.73293e+07 -1.42022e+07 -1.7919e+07 -8.57025e+06
30.5 -1.18341e+07 -1.3261e+07 -9.61073e+06 -4.77273e+06
30.6 1.10617e+07 -3.0373e+06 3.55121e+06 6.75437e+06
30.7 1.85e+07 2.20349e+07 1.38933e+07 7.91405e+06
30.8 2.23247e+07 2.76954e+07 1.66583e+07 4.99681e+06
30.9 2.70352e+07 2.1384e+07 1.83006e+07 6.98892e+06
31 2.94472e+07 1.65759e+07 1.2651e+07 9.05977e+06
31.1 2.45908e+07 1.91327e+07 1.16306e+07 9.6159e+06
31.2 1.72564e+07 2.03233e+07 1.31548e+07 7.28394e+06
31.3 -9.22084e+06 1.36149e+07 1.38862e+07 4.86657e+06
31.4 -2.2888e+07 -1.49136e+07 5.93075e+06 848030
31.5 -2.85488e+07 -2.55995e+07 -2.25386e+07 -3.85564e+06
31.6 -3.34986e+07 -3.20364e+07 -3.37297e+07 -1.04158e+07
31.7 -3.49559e+07 -3.66129e+07 -1.94731e+07 -1.42331e+07
31.8 -3.33113e+07 -2.95246e+07 -1.73852e+07 -1.49172e+07
31.9 -2.7096e+07 -2.16984e+07 -2.89401e+07 -1.51141e+07
32 -1.83918e+07 -1.97337e+07 -1.41585e+07 -1.18187e+07
32.1 1.20898e+07 -1.4103e+07 -1.05499e+07 -1.12131e+07
32.2 2.24111e+07 1.16567e+07 -5.39706e+06 -8.12879e+06
32.3 2.56775e+07 3.19506e+07 1.76055e+07 1.11424e+07
32.4 2.88681e+07 3.50813e+07 2.76466e+07 1.67908e+07
32.5 3.13991e+07 2.43175e+07 3.31879e+07 1.78109e+07
32.6 3.14071e+07 3.18436e+07 2.7272e+07 1.84644e+07
32.7 2.50501e+07 2.85931e+07 1.84531e+07 1.84852e+07
32.8 1.91311e+07 1.65874e+07 1.66543e+07 1.14666e+07
32.9 7.75781e+06 1.20239e+07 1.42063e+07 1.06107e+07
33 -1.75755e+07 -2.75692e+06 7.816e+06 2.49451e+06
33.1 -1.81445e+07 -2.02382e+07 -1.80438e+07 -1.34464e+07
33.2 -5.13454e+06 -2.35228e+07 -3.14023e+07 -1.56227e+07
33.3 421372 -1.59444e+07 -2.41193e+07 -1.60006e+07
33.4 -6.8183e+06 -9.7724e+06 -8.29198e+06 -1.46803e+07
33.5 -1.05487e+07 6.87329e+06 6.88644e+06 -1.039e+07
33.6 55052.9 3.3548e+06 2.79667e+06 1.11525e+07
33.7 9.10154e+06 -2.3803e+06 5.37442e+06 1.64219e+07
33.8 -1.10194e+06 8.59734e+06 1.23687e+07 1.18719e+07
33.9 -1.48221e+07 1.05547e+07 1.25082e+07 8.16162e+06
34 -1.58925e+07 -1.24366e+07 -5.0609e+06 -7.15685e+06
34.1 -1.63584e+07 -2.1079e+07 -1.90679e+07 -1.12874e+07
34.2 -1.85549e+07 -2.40777e+07 -2.40284e+07 -1.32733e+07
34.3 -2.25328e+07 -2.39413e+07 -1.99551e+07 -1.37459e+07
34.4 -2.7161e+07 -1.72579e+07 -1.2456e+07 -9.62609e+06
34.5 -2.90305e+07 -1.72241e+07 -1.09718e+07 -5.92204e+06
34.6 -2.43505e+07 -1.92277e+07 -9.74526e+06 2.80997e+06
34.7 -1.99326e+07 -1.84469e+07 -8.39039e+06 -1.57978e+06
34.8 -1.43159e+07 -1.45599e+07 -8.22866e+06 -7.46144e+06
34.9 1.25926e+07 -1.88251e+06 -1.06378e+07 -8.29626e+06
35 2.03899e+07 2.12199e+07 1.536e+06 -5.63408e+06
35.1 2.41774e+07 2.22724e+07 1.76233e+07 9.08412e+06
35.2 2.65176e+07 1.71731e+07 2.33006e+07 1.42922e+07
35.3 2.66474e+07 2.50474e+07 2.3311e+07 1.51686e+07
35.4 2.35755e+07 2.77944e+07 1.43683e+07 1.3691e+07
35.5 2.33462e+07 1.61711e+07 1.51885e+07 1.06644e+07
35.6 2.20623e+07 1.52123e+07 1.48341e+07 5.56928e+06
35.7 1.92818e+07 1.69266e+07 1.02355e+07 -5.33464e+06
35.8 1.53033e+07 1.50064e+07 283974 1.39196e+06
35.9 -3.27509e+06 1.19644e+06 -1.71169e+06 6.51875e+06
36 -1.99459e+07 -1.89288e+07 5.48361e+06 -73633.9
36.1 -2.51832e+07 -2.02947e+07 -1.75626e+07 -6.91851e+06
36.2 -2.92564e+07 -2.06087e+07 -2.27611e+07 -9.19211e+06
36.3 -3.17184e+07 -2.36964e+07 -1.59651e+07 -1.17507e+07
36.4 -3.25998e+07 -2.70112e+07 -1.3737e+07 -1.22565e+07
36.5 -2.71918e+07 -2.7828e+07 -2.39161e+07 -9.29536e+06
36.6 -2.39774e+07 -1.94137e+07 -1.79989e+07 -7.89512e+06
36.7 -1.93899e+07 -1.79065e+07 -9.86841e+06 -7.09045e+06
36.8 -1.35051e+07 -1.39981e+07 -5.53152e+06 -5.27721e+06
36.9 1.70465e+07 1.76191e+06 -3.53722e+06 2.92133e+06
37 2.23664e+07 2.5362e+07 1.03806e+07 5.8365e+06
37.1 2.8242e+07 2.91643e+07 2.03672e+07 6.53047e+06
37.2 3.32397e+07 2.53021e+07 2.49807e+07 9.39157e+06
37.3 3.36932e+07 2.78464e+07 2.11223e+07 1.26525e+07
37.4 3.40262e+07 2.83274e+07 1.53381e+07 1.42732e+07
37.5 3.4148e+07 2.09511e+07 1.73167e+07 9.84189e+06
37.6 2.9484e+07 2.5674e+07 1.87806e+07 7.30305e+06
37.7 2.86244e+07 2.57769e+07 1.62861e+07 5.84632e+06
37.8 2.0577e+07 1.60297e+07 1.38212e+07 5.82927e+06
37.9 4.22547e+06 1.29365e+07 9.83734e+06 6.99191e+06
38 -2.24051e+07 -6.77417e+06 3.06715e+06 5.96328e+06
38.1 -2.65843e+07 -2.32363e+07 -1.81923e+07 -6.99112e+06
38.2 -2.94299e+07 -3.01937e+07 -2.30877e+07 -1.14694e+07
38.3 -3.28557e+07 -3.35825e+07 -2.4755e+07 -1.38387e+07
38.4 -3.61663e+07 -3.13316e+07 -2.43225e+07 -1.4309e+07
38.5 -3.6314e+07 -2.27819e+07 -1.71242e+07 -1.44456e+07
38.6 -2.8727e+07 -2.35677e+07 -1.66817e+07 -1.15761e+07
38.7 -2.44243e+07 -2.42299e+07 -1.95203e+07 -1.0721e+07
38.8 -2.02238e+07 -2.1567e+07 -1.36855e+07 -5.80881e+06
38.9 -1.66134e+07 -1.62517e+07 -1.10687e+07 1.16179e+06
39 -1.16708e+07 -8.73354e+06 -4.17834e+06 263924
39.1 9.76666e+06 1.2366e+07 7.78233e+06 -4.43055e+06
39.2 2.04106e+07 2.37896e+07 1.32799e+07 6.00552e+06
39.3 2.50829e+07 1.74349e+07 1.51221e+07 9.88814e+06
39.4 2.76878e+07 1.7751e+07 1.54208e+07 1.16416e+07
39.5 2.76949e+07 2.49805e+07 1.54075e+07 9.41003e+06
39.6 2.34875e+07 2.36773e+07 1.60379e+07 7.65464e+06
39.7 2.14636e+07 1.25146e+07 1.35438e+07 5.98172e+06
39.8 1.7679e+07 1.20823e+07 5.99703e+06 2.75149e+06
39.9 9.51513e+06 1.07067e+07 794611 -684060
40 -1.11025e+07 -2.46206e+06 3.15972e+06 39068.2
