0.1 -1.25428e+06 -584209 -263887 -101547
0.2 -4.64342e+06 -2.95385e+06 -1.6566e+06 -729522
0.3 -8.14619e+06 -6.42605e+06 -4.32457e+06 -2.14284e+06
0.4 -1.00892e+07 -8.3164e+06 -6.10315e+06 -3.25243e+06
0.5 -1.07058e+07 -8.04906e+06 -5.43693e+06 -2.78614e+06
0.6 -8.58412e+06 -6.5249e+06 -4.05403e+06 -1.84276e+06
0.7 -4.6249e+06 -3.75797e+06 -2.86597e+06 -1.55583e+06
0.8 -6.73706e+06 -3.40203e+06 -1.86365e+06 -966533
0.9 -1.06425e+07 -7.76249e+06 -4.12389e+06 -1.53476e+06
1 3.91048e+06 -3.23666e+06 -4.95553e+06 -3.1676e+06
1.1 1.55939e+07 1.33933e+07 7.0015e+06 2.26911e+06
1.2 3.55959e+06 1.29419e+07 1.57048e+07 1.01633e+07
1.3 8.38509e+06 -563306 85765.9 1.4647e+06
1.4 4.99712e+07 2.10312e+07 -1031.62 -5.50263e+06
1.5 4.8774e+07 5.3675e+07 4.0664e+07 2.02553e+07
1.6 -3.45388e+07 7.25115e+06 3.08567e+07 2.51062e+07
1.7 -5.90947e+07 -6.16717e+07 -4.73391e+07 -2.36531e+07
1.8 -1.37032e+07 -5.95626e+07 -6.02673e+07 -3.55011e+07
1.9 -3.4562e+07 3.39112e+06 -1.56676e+07 -2.09192e+07
2 -5.55492e+07 -2.13363e+07 1.26156e+07 1.67188e+07
2.1 -1.17374e+07 -3.95966e+07 -4.26543e+06 1.51419e+07
2.2 2.20319e+07 2.99938e+07 -1.90246e+07 -2.77233e+07
2.3 -4.19551e+06 5.89033e+06 -237411 -1.22199e+07
2.4 -1.69788e+07 -3.3893e+07 1.60901e+07 2.69086e+07
2.5 -4.11547e+06 1.40177e+07 -1.21324e+07 3.49195e+06
2.6 -6.21034e+07 -1.61468e+07 -1.13889e+07 -2.5788e+07
2.7 -7.05713e+07 -7.77883e+07 -2.65627e+07 -1.17199e+07
2.8 -7.32365e+07 -7.75994e+07 -7.12058e+07 -1.31438e+07
2.9 -6.79787e+07 -3.42264e+07 -4.78865e+07 -4.49303e+07
3 -1.06685e+07 -3.5689e+07 -8.27837e+06 -1.87692e+07
3.1 -4.32914e+07 -1.22874e+07 -5.50903e+06 1.7938e+07
3.2 -6.42611e+07 -1.47111e+07 -1.05177e+06 1.10147e+07
3.3 8.01557e+07 -1.1923e+07 -2.74851e+06 -1.69398e+07
3.4 1.19279e+08 7.34452e+07 3.52847e+06 -9.58497e+06
3.5 1.1937e+08 1.07328e+08 6.35565e+07 3.07014e+07
3.6 1.1949e+08 1.07335e+08 8.34828e+07 4.77005e+07
3.7 1.19572e+08 9.95439e+07 8.34955e+07 4.77034e+07
3.8 1.19588e+08 9.75609e+07 8.34998e+07 4.77035e+07
3.9 2.96716e+07 6.04894e+07 4.32854e+07 1.71659e+07
4 2.88423e+07 1.93136e+07 1.91933e+07 1.13165e+07
4.1 2.63243e+07 7.17231e+06 1.60513e+07 1.04904e+07
4.2 2.18931e+07 5.66208e+06 5.39719e+06 7.57845e+06
4.3 2.00819e+07 1.6426e+07 -2.07955e+07 -5.17544e+06
4.4 3.25103e+07 1.09004e+07 60631.3 -2.63485e+07
4.5 3.45535e+07 8.13839e+06 1.11739e+07 4.24709e+06
4.6 2.78734e+07 2.23516e+07 1.16326e+07 1.72237e+07
4.7 2.09495e+07 3.04716e+07 1.63498e+07 1.82297e+07
4.8 -4.26068e+07 1.37879e+07 2.34178e+07 7.95178e+06
4.9 2.95261e+07 -1.45849e+07 1.58936e+07 3.61443e+06
5 3.49995e+07 8.6089e+06 -5.85835e+06 1.55706e+06
5.1 3.66145e+07 2.70169e+07 -2.12125e+07 -1.02135e+07
5.2 2.87158e+07 2.76452e+07 1.57074e+07 -9.48321e+06
5.3 3.32185e+07 1.52068e+07 2.60792e+07 1.27506e+07
5.4 4.23568e+07 2.47882e+07 2.80449e+07 2.40601e+07
5.5 5.2833e+07 4.45053e+07 2.58049e+07 2.74616e+07
5.6 9.8977e+07 8.4485e+07 3.03991e+07 9.31363e+06
5.7 1.196e+08 7.0707e+07 5.05835e+07 6.47624e+06
5.8 9.70765e+07 8.42673e+07 7.4613e+07 2.44907e+07
5.9 1.19625e+08 1.00139e+08 5.64976e+07 4.77089e+07
6 1.19691e+08 8.72291e+07 6.99602e+07 4.77114e+07
6.1 1.18369e+08 9.24126e+07 7.39932e+07 2.38578e+07
6.2 2.76466e+07 5.73983e+07 2.50676e+07 1.90875e+07
6.3 2.4868e+07 1.5873e+07 2.01523e+07 1.18951e+07
6.4 2.3304e+07 -1.77937e+06 1.86124e+07 1.1191e+07
6.5 2.28999e+07 1.34324e+07 1.49964e+07 1.01563e+07
6.6 2.25694e+07 2.29744e+07 1.80284e+06 8.51261e+06
6.7 2.08946e+07 1.83439e+07 -8.55374e+06 1.88956e+06
6.8 9.74813e+06 4.34539e+06 1.14228e+07 -2.8399e+07
6.9 -1.59808e+07 -1.78556e+07 -6.91182e+06 1.31951e+06
7 3.07962e+07 -2.52956e+06 -2.02255e+07 1.03174e+07
7.1 3.08372e+07 1.94419e+07 8.5716e+06 157201
7.2 -6.22479e+07 1.52957e+07 2.0014e+07 -1.03105e+07
7.3 -1.19267e+08 -6.08553e+07 6.35682e+06 9.60251e+06
7.4 -7.02661e+07 -1.06921e+08 -7.6246e+07 5.31601e+06
7.5 -2.95864e+07 -5.82681e+07 -8.34761e+07 -4.77025e+07
7.6 -1.1928e+08 -2.60136e+07 -1.69783e+07 -4.77113e+07
7.7 -1.19288e+08 -1.07323e+08 -2.66053e+07 -1.76206e+07
7.8 -2.75388e+07 -7.55215e+07 -8.34823e+07 -1.11632e+07
7.9 2.76281e+07 -6.2435e+06 -4.3269e+07 -2.49728e+07
8 3.56825e+07 3.45308e+07 -358088 -4.01034e+07
8.1 3.71313e+07 4.58526e+07 3.17197e+07 -9.33172e+06
8.2 3.82717e+07 3.33802e+07 4.83184e+07 2.8343e+07
8.3 3.88397e+07 4.39426e+07 4.89788e+07 4.77235e+07
8.4 3.91139e+07 4.70881e+07 3.15912e+07 4.77308e+07
8.5 3.96341e+07 2.52555e+07 3.80169e+07 1.18951e+07
8.6 4.02109e+07 3.44582e+07 2.02002e+07 1.12682e+07
8.7 4.10677e+07 3.7152e+07 1.86576e+07 1.07442e+07
8.8 4.20971e+07 2.20863e+07 1.79053e+07 1.01589e+07
8.9 3.77177e+07 2.40673e+07 1.72772e+07 9.52532e+06
9 2.72191e+07 2.94926e+07 1.63805e+07 8.86611e+06
9.1 2.33454e+07 2.29777e+07 1.55597e+07 8.20124e+06
9.2 1.88848e+07 1.73369e+07 1.48807e+07 7.55002e+06
9.3 795308 9.9941e+06 1.2406e+07 6.91659e+06
9.4 -7.85395e+07 -2.24545e+07 4.88267e+06 3.0883e+06
9.5 -8.02034e+07 -6.65252e+07 -2.85292e+07 -1.26912e+07
9.6 -2.62397e+07 -8.76699e+07 -8.34828e+07 -2.1759e+07
9.7 -3.76848e+07 -2.03428e+07 -6.74538e+07 -4.40084e+07
9.8 -5.11276e+07 -2.88664e+07 -1.24653e+07 -4.77138e+07
9.9 -3.32002e+07 -5.04105e+07 -5.84068e+06 -1.1008e+07
10 -2.90816e+07 -1.58625e+07 -2.07757e+07 -3.38305e+06
10.1 -1.60196e+07 -6.82997e+06 -2.27906e+07 1.60886e+07
10.2 2.90258e+07 4.55419e+06 8.36509e+06 1.19028e+07
10.3 3.50204e+07 2.59241e+07 2.81598e+07 6.86187e+06
10.4 3.59088e+07 3.85924e+07 3.10542e+07 3.30794e+06
10.5 3.63191e+07 5.65736e+07 3.1101e+07 9.73807e+06
10.6 3.02024e+07 2.03286e+07 2.05288e+07 1.36268e+07
10.7 2.78722e+07 1.30632e+07 1.9192e+07 1.45164e+07
10.8 2.48508e+07 1.75222e+07 1.2943e+07 1.47619e+07
10.9 2.23371e+07 2.16724e+07 8.92966e+06 1.13406e+07
11 1.768e+07 1.81487e+07 1.36338e+07 9.97628e+06
11.1 1.4994e+07 1.38512e+07 1.4602e+07 -1.50546e+06
11.2 1.18326e+07 9.77589e+06 8.50737e+06 -1.03319e+07
11.3 9.16594e+06 -22164.3 -1.6275e+07 3.0155e+06
11.4 3.31057e+06 -1.17206e+07 -9.5412e+06 1.85675e+06
11.5 -2.43716e+07 -8.05138e+06 5.48572e+06 -7.57335e+06
11.6 -2.60476e+06 838630 -2.32404e+06 -5.95852e+06
11.7 1.68406e+07 -278610 -9.78251e+06 5.54928e+06
11.8 2.06764e+07 8.55133e+06 6.85133e+06 2.88203e+06
11.9 2.48813e+07 2.04585e+07 1.52986e+07 -362001
12 2.73056e+07 2.67501e+07 1.69387e+07 7.38222e+06
12.1 2.56059e+07 2.77782e+07 1.77316e+07 1.1114e+07
12.2 2.6047e+07 1.70986e+07 1.85153e+07 1.31988e+07
12.3 2.63332e+07 1.69909e+07 1.43867e+07 1.15273e+07
12.4 2.06266e+07 2.08066e+07 1.33389e+07 8.33677e+06
12.5 1.57597e+06 1.69952e+07 1.24665e+07 4.109e+06
12.6 -2.74088e+07 -726123 8.31475e+06 -3.96345e+06
12.7 -2.25283e+07 -3.20326e+07 -1.81205e+07 -760886
12.8 -1.4832e+07 -3.98741e+07 -2.76471e+07 -7.68653e+06
12.9 -1.80511e+07 -1.45952e+07 -3.0204e+07 -1.43069e+07
13 -2.45702e+07 -1.08571e+07 -1.37562e+07 -1.58434e+07
13.1 -2.64238e+07 -1.89046e+07 -7.08295e+06 -1.50496e+07
13.2 -2.76649e+07 -2.28416e+07 -6.84501e+06 -9.92624e+06
13.3 -2.1133e+07 -1.64589e+07 -1.55914e+07 7.25695e+06
13.4 -9.30347e+06 -1.41163e+07 -1.19796e+07 8.47008e+06
13.5 2.12206e+07 741456 3.52083e+06 -8.89539e+06
13.6 2.73435e+07 2.65278e+07 1.3834e+07 -9.62065e+06
13.7 2.8841e+07 3.41463e+07 1.41017e+07 8.45241e+06
13.8 2.42598e+07 2.0507e+07 1.64898e+07 1.39966e+07
13.9 1.9911e+07 1.63257e+07 1.97011e+07 1.45933e+07
14 1.53609e+07 1.51776e+07 1.99191e+07 1.46506e+07
14.1 1.25439e+07 1.65198e+07 1.22379e+07 1.13779e+07
14.2 1.90758e+07 1.39171e+07 9.53353e+06 8.45802e+06
14.3 2.50949e+07 1.26521e+07 7.24909e+06 -4.47611e+06
14.4 2.89531e+07 1.60396e+07 -867715 -1.04144e+07
14.5 2.37752e+07 1.47297e+07 3.26019e+06 2.05303e+06
14.6 1.26904e+07 1.17113e+07 1.23183e+07 9.26167e+06
14.7 -1.39514e+07 8.40533e+06 1.44193e+07 1.09024e+07
14.8 -1.9389e+07 -9.61327e+06 9.37229e+06 8.66821e+06
14.9 -1.05381e+07 -2.08971e+07 -1.58384e+07 150616
15 -2.54187e+07 -1.57673e+07 -2.13623e+07 -1.37041e+07
15.1 -2.84661e+07 -2.45523e+07 -2.13918e+07 -1.64068e+07
15.2 -1.68442e+07 -2.58677e+07 -1.52743e+07 -1.67638e+07
15.3 7.79275e+06 -4.58353e+06 -1.65883e+07 -1.15484e+07
15.4 2.26367e+07 1.30052e+07 -9.13245e+06 -7.48917e+06
15.5 2.67882e+07 1.89989e+07 1.86263e+07 9.6541e+06
15.6 2.13948e+07 2.2191e+07 2.73525e+07 1.49084e+07
15.7 1.23463e+07 2.596e+07 2.88702e+07 1.5653e+07
15.8 -252348 1.65957e+07 1.70168e+07 1.61057e+07
15.9 8.92198e+06 7.98831e+06 1.07058e+07 1.18753e+07
16 7.46315e+06 -7.16143e+06 2.11208e+06 1.08414e+07
16.1 -1.49222e+06 2.14248e+06 -1.07433e+07 3.47803e+06
16.2 -4.09261e+06 -832984 95780 -1.72716e+07
16.3 -3.45285e+06 -9.89998e+06 -7.15989e+06 -1.81059e+07
16.4 -9.45687e+06 -1.17204e+07 -1.75112e+07 -1.14718e+07
16.5 -1.18605e+07 -1.41211e+07 -1.98306e+07 -7.24361e+06
16.6 -1.39749e+07 -1.68516e+07 -1.02196e+07 3.18975e+06
16.7 -1.90051e+07 -6.50722e+06 8.57544e+06 6.01869e+06
16.8 -1.47551e+07 2.21202e+06 9.83858e+06 434628
16.9 9.27509e+06 1.10553e+06 -8.27824e+06 -152486
17 1.69831e+07 -914428 -8.20496e+06 -3.93483e+06
17.1 8.37419e+06 8.04711e+06 7.24222e+06 -4.29262e+06
17.2 753426 1.38644e+07 1.235e+07 6.77867e+06
17.3 1.66066e+07 7.46574e+06 8.91147e+06 9.48001e+06
17.4 2.16669e+07 1.07596e+07 6.30651e+06 8.4133e+06
17.5 2.45914e+07 1.7827e+07 1.07914e+07 5.17618e+06
17.6 2.49923e+07 2.19326e+07 1.20923e+07 -3.97931e+06
17.7 2.29907e+07 2.21216e+07 1.24311e+07 6.23861e+06
17.8 2.29377e+07 1.46427e+07 1.26645e+07 9.20631e+06
17.9 2.19636e+07 1.38553e+07 1.27799e+07 1.02829e+07
18 1.70486e+07 1.70214e+07 1.15816e+07 8.04434e+06
18.1 7.71466e+06 1.52529e+07 1.14037e+07 5.22953e+06
18.2 -1.69859e+07 2.00373e+06 7.42333e+06 -2.01589e+06
18.3 -2.60447e+07 -2.56648e+07 -1.47452e+07 -2.99054e+06
18.4 -3.04482e+07 -3.30077e+07 -2.21317e+07 -7.94342e+06
18.5 -3.13888e+07 -3.22578e+07 -2.67584e+07 -1.16182e+07
18.6 -2.00454e+07 -1.69099e+07 -2.26193e+07 -1.53168e+07
18.7 -1.70875e+07 -1.60244e+07 -1.36692e+07 -1.54996e+07
18.8 -546826 -1.37773e+07 -1.00752e+07 -9.13314e+06
18.9 1.6152e+07 3.6128e+06 -2.58734e+06 2.54612e+06
19 1.17642e+07 2.42241e+07 1.62487e+07 1.06352e+07
19.1 1.48756e+07 2.55918e+07 2.25262e+07 1.28333e+07
19.2 1.93006e+07 1.3443e+07 2.48568e+07 1.36958e+07
19.3 2.18859e+07 1.55311e+07 1.39647e+07 1.08889e+07
19.4 1.86313e+07 1.9173e+07 8.43479e+06 7.8813e+06
19.5 1.55763e+07 1.55104e+07 5.47363e+06 -158653
19.6 1.75814e+07 9.23246e+06 3.249e+06 -8.15248e+06
19.7 1.78281e+07 -886461 -554637 2.48666e+06
19.8 1.31195e+07 1.16834e+07 4.16536e+06 7.14237e+06
19.9 -8.06776e+06 1.21275e+07 1.18817e+07 5.82022e+06
20 -1.05429e+07 -6.37159e+06 1.0148e+07 1.4631e+06
20.1 -3.41515e+06 -1.44672e+07 -1.37853e+07 -1.29099e+06
20.2 -1.11283e+07 -6.83903e+06 -1.77486e+07 -7.87161e+06
20.3 -1.96891e+07 -1.45526e+07 -1.0244e+07 -1.04354e+07
20.4 -2.28156e+07 -1.90917e+07 -5.20728e+06 -8.18093e+06
20.5 -1.82881e+07 -1.5959e+07 -1.24266e+07 -3.98656e+06
20.6 -1.66361e+07 -1.31298e+07 -1.35933e+07 2.6007e+06
20.7 -1.4765e+07 -1.18615e+07 -6.21904e+06 -6.6029e+06
20.8 -4.25766e+06 -5.2112e+06 347267 -7.48653e+06
20.9 1.24128e+07 6.57573e+06 -3.52955e+06 352948
21 1.98651e+07 1.47568e+07 5.8282e+06 7.13079e+06
21.1 2.5815e+07 1.8648e+07 1.56468e+07 7.1839e+06
21.2 3.1638e+07 2.15353e+07 1.94519e+07 7.10268e+06
21.3 3.24328e+07 2.68246e+07 1.96047e+07 8.44076e+06
21.4 3.24428e+07 3.05194e+07 1.49968e+07 1.01002e+07
21.5 2.90987e+07 2.33526e+07 1.66622e+07 1.0585e+07
21.6 2.55672e+07 1.76903e+07 1.82926e+07 8.71467e+06
21.7 1.81583e+07 1.85398e+07 1.55511e+07 7.72345e+06
21.8 9.37866e+06 1.69766e+07 1.17629e+07 6.73595e+06
21.9 -1.31299e+07 7.61832e+06 7.43607e+06 5.20831e+06
22 -2.49206e+07 -2.74314e+07 -1.13305e+07 -4.68104e+06
22.1 -2.77259e+07 -3.48729e+07 -2.30444e+07 -1.00817e+07
22.2 -3.27156e+07 -2.84436e+07 -2.9159e+07 -1.3892e+07
22.3 -3.70795e+07 -2.67131e+07 -2.85703e+07 -1.58049e+07
22.4 -3.93496e+07 -3.57131e+07 -1.56545e+07 -1.61433e+07
22.5 -3.77197e+07 -2.62925e+07 -1.73674e+07 -1.16554e+07
22.6 -2.22375e+07 -1.80491e+07 -2.08787e+07 -8.37091e+06
22.7 -1.64404e+07 -1.87118e+07 -1.59762e+07 -5.05733e+06
22.8 3.02707e+06 -1.51734e+07 -1.03188e+07 -1.29998e+06
22.9 1.72626e+07 8.81527e+06 7.21491e+06 -1.24353e+06
23 2.03475e+07 2.96486e+07 1.79934e+07 6.20913e+06
23.1 2.60956e+07 3.37453e+07 2.18599e+07 1.05577e+07
23.2 3.255e+07 1.94761e+07 2.40373e+07 1.38754e+07
23.3 3.2843e+07 2.169e+07 1.64355e+07 1.45568e+07
23.4 2.79581e+07 2.75674e+07 1.5645e+07 1.08905e+07
23.5 2.16932e+07 2.43832e+07 1.70984e+07 7.10006e+06
23.6 1.4246e+07 1.71395e+07 1.64763e+07 4.27258e+06
23.7 2.06125e+06 9.33475e+06 1.18001e+07 2.92356e+06
23.8 -2.21547e+07 -1.41251e+07 -5.28275e+06 5.06744e+06
23.9 -2.82273e+07 -2.93466e+07 -2.17874e+07 -8.41388e+06
24 -3.41592e+07 -3.32454e+07 -2.6889e+07 -1.33383e+07
24.1 -3.89458e+07 -3.40856e+07 -2.84133e+07 -1.62462e+07
24.2 -3.71123e+07 -3.02189e+07 -2.17717e+07 -1.67781e+07
24.3 -2.23796e+07 -2.00744e+07 -1.67687e+07 -1.18664e+07
24.4 -1.92631e+07 -1.66255e+07 -1.58351e+07 -1.14115e+07
24.5 -1.58549e+07 -1.5627e+07 -1.35062e+07 -6.44376e+06
24.6 -6.08206e+06 -1.29721e+07 -8.92159e+06 4.43843e+06
24.7 1.85786e+06 2.96171e+06 1.04383e+07 5.71867e+06
24.8 3.80597e+06 2.17121e+07 1.62985e+07 2.00158e+06
24.9 1.6484e+07 1.68881e+07 1.10526e+07 6.74341e+06
25 2.02433e+07 5.04103e+06 7.87388e+06 8.05074e+06
25.1 2.09032e+07 1.22639e+07 4.55119e+06 6.35288e+06
25.2 1.59196e+07 1.7217e+07 9.1816e+06 -1.42588e+06
25.3 1.28745e+07 1.42931e+07 1.09095e+07 535024
25.4 4.79515e+06 6.43236e+06 5.71309e+06 7.24144e+06
25.5 -5.73534e+06 -6.32243e+06 183545 7.36767e+06
25.6 -1.37742e+07 -1.08307e+07 -5.18332e+06 -3.55588e+06
25.7 -8.48688e+06 -8.53901e+06 -1.1458e+07 -9.63958e+06
25.8 -1.03961e+06 -7.6139e+06 -1.18867e+07 -1.02897e+07
25.9 4.0587e+06 -1.52718e+06 -2.82358e+06 -6.06428e+06
26 5.36525e+06 6.11081e+06 5.30396e+06 7.55538e+06
26.1 2.57793e+06 1.06517e+07 1.22913e+07 9.62637e+06
26.2 5.18601e+06 7.201e+06 1.2337e+07 7.97508e+06
26.3 1.13364e+07 6.51006e+06 3.09819e+06 5.39456e+06
26.4 1.11028e+07 6.80328e+06 -2.03688e+06 -7.41306e+06
26.5 4.03476e+06 2.03739e+06 -1.1791e+06 -6.51738e+06
26.6 -1.07638e+07 -5.78426e+06 -621033 5.17603e+06
26.7 -2.08465e+07 -1.26411e+07 -2.7198e+06 5.47253e+06
26.8 -2.35658e+07 -1.65555e+07 -8.39659e+06 -7.12267e+06
26.9 -1.78684e+07 -1.73239e+07 -1.52712e+07 -9.82523e+06
27 -1.57006e+07 -1.55483e+07 -1.71257e+07 -1.05184e+07
27.1 -9.36538e+06 -1.19443e+07 -1.14076e+07 -8.03274e+06
27.2 -5.87197e+06 -6.9577e+06 -6.3484e+06 -5.62015e+06
27.3 -8.45646e+06 -1.12613e+06 3.9261e+06 6.8375e+06
27.4 -6.11622e+06 2.03285e+06 8.36834e+06 7.48245e+06
27.5 3.17477e+06 2.43634e+06 2.40175e+06 1.75833e+06
27.6 1.20144e+07 3.49598e+06 -3.22339e+06 -5.6419e+06
27.7 1.27739e+07 6.24281e+06 -1.00507e+06 -2.99818e+06
27.8 8.70267e+06 8.36259e+06 6.74456e+06 5.0607e+06
27.9 7.47461e+06 9.21282e+06 1.19161e+07 7.20279e+06
28 6.29064e+06 9.00334e+06 9.31686e+06 6.81108e+06
28.1 4.57734e+06 3.86537e+06 2.14357e+06 3.23988e+06
28.2 3.8263e+06 -236858 -3.03572e+06 -5.47317e+06
28.3 -1.43761e+06 -3.34482e+06 -5.39323e+06 -5.80531e+06
28.4 -1.46182e+07 -7.61652e+06 -4.19331e+06 908822
28.5 -2.04493e+07 -1.36845e+07 -3.56399e+06 1.26783e+06
28.6 -2.09044e+07 -1.65675e+07 -1.00708e+07 -5.87835e+06
28.7 -1.52209e+07 -1.42464e+07 -1.44418e+07 -7.87483e+06
28.8 -8.68398e+06 -1.05251e+07 -1.12536e+07 -8.39629e+06
28.9 -3.91716e+06 -6.86459e+06 -5.48165e+06 -6.21966e+06
29 2.23081e+06 1.55543e+06 1.30954e+06 3.51571e+06
29.1 1.42238e+07 1.18492e+07 9.23524e+06 7.31121e+06
29.2 1.75849e+07 1.80141e+07 1.35758e+07 6.47822e+06
29.3 1.86824e+07 1.8106e+07 1.4379e+07 6.15303e+06
29.4 1.86876e+07 1.23294e+07 1.08076e+07 6.21656e+06
29.5 1.55707e+07 1.21109e+07 7.07721e+06 5.37386e+06
29.6 8.06059e+06 9.22511e+06 3.50613e+06 522146
29.7 -2.32547e+06 -849566 1.67362e+06 -1.44481e+06
29.8 -1.04549e+07 -1.00677e+07 -4.51129e+06 203693
29.9 -1.98503e+07 -1.42167e+07 -1.13184e+07 -3.25278e+06
30 -2.14253e+07 -1.76989e+07 -1.29061e+07 -7.58501e+06
30.1 -1.70523e+07 -1.78567e+07 -1.20604e+07 -8.86684e+06
30.2 -1.40502e+07 -8.81673e+06 -1.0625e+07 -7.36968e+06
30.3 -6.47834e+06 -7.65089e+06 -5.4491e+06 -4.40454e+06
30.4 -168460 -3.48781e+06 -246544 4.96478e+06
30.5 4.57354e+06 6.86274e+06 5.8298e+06 4.68024e+06
30.6 1.07206e+07 1.33929e+07 9.74147e+06 475841
30.7 1.5683e+07 1.03778e+07 6.79381e+06 3.32605e+06
30.8 1.57432e+07 8.68832e+06 5.06098e+06 6.2126e+06
30.9 1.11135e+07 1.09616e+07 7.7701e+06 3.41274e+06
31 7.70103e+06 9.67958e+06 8.34859e+06 1.02253e+06
31.1 8.84465e+06 4.94043e+06 3.24393e+06 3.41987e+06
31.2 5.27395e+06 1.84633e+06 -119921 2.62021e+06
31.3 -5.70291e+06 -453971 801533 -2.14733e+06
31.4 -1.5013e+07 -7.61957e+06 -3.35036e+06 -3.15589e+06
31.5 -1.79666e+07 -1.70293e+07 -1.10706e+07 -2.00809e+06
31.6 -1.9433e+07 -1.93476e+07 -1.40671e+07 -6.34236e+06
31.7 -2.08542e+07 -1.29669e+07 -1.20768e+07 -7.95385e+06
31.8 -1.61025e+07 -1.47937e+07 -9.44843e+06 -8.14591e+06
31.9 -9.7503e+06 -1.09054e+07 -8.6853e+06 -5.79203e+06
32 -188060 -3.33696e+06 -5.00888e+06 2.53179e+06
32.1 1.39607e+06 5.2026e+06 5.67827e+06 3.00164e+06
32.2 2.47522e+06 8.81383e+06 1.14085e+07 1.73495e+06
32.3 6.90304e+06 4.57614e+06 3.32773e+06 4.93847e+06
32.4 8.0115e+06 2.78904e+06 -1.57831e+06 2.60178e+06
32.5 2.57306e+06 2.43172e+06 1.99096e+06 -3.98179e+06
32.6 -2.45413e+06 762365 1.19009e+06 -1.78884e+06
32.7 -3.84927e+06 -3.5769e+06 -2.6981e+06 3.78451e+06
32.8 -4.94246e+06 -6.07566e+06 -2.68195e+06 403185
32.9 -7.02661e+06 -2.95389e+06 -2.10126e+06 -5.89669e+06
33 -2.08299e+06 -3.34018e+06 -5.25375e+06 -3.50796e+06
33.1 5.11807e+06 -2.42783e+06 -3.10981e+06 1.39332e+06
33.2 7.02053e+06 5.15468e+06 3.9638e+06 1.80545e+06
33.3 6.25557e+06 1.21728e+07 9.73978e+06 2.22944e+06
33.4 1.13737e+07 9.33287e+06 8.36449e+06 5.87137e+06
33.5 1.53907e+07 7.75157e+06 5.35837e+06 5.88116e+06
33.6 1.3311e+07 1.09195e+07 5.18494e+06 371159
33.7 5.54351e+06 9.11365e+06 6.05387e+06 -370402
33.8 424513 514533 3.11341e+06 4.50177e+06
33.9 -3.86383e+06 -5.55143e+06 -1.83925e+06 3.03476e+06
34 -8.31562e+06 -5.69695e+06 -5.76625e+06 -5.49624e+06
34.1 -7.15458e+06 -6.6528e+06 -7.75149e+06 -7.2011e+06
34.2 -2.534e+06 -7.41056e+06 -6.13776e+06 -3.69315e+06
34.3 -1.73901e+06 -510288 -1.28107e+06 2.32505e+06
34.4 292393 3.37451e+06 5.29518e+06 3.04078e+06
34.5 5.03256e+06 5.36234e+06 6.69776e+06 1.61021e+06
34.6 8.09377e+06 6.22446e+06 1.49504e+06 2.13262e+06
34.7 4.72961e+06 3.03261e+06 811150 1.06876e+06
34.8 -4.03157e+06 -776106 2.55033e+06 -627903
34.9 -1.03319e+07 -5.4054e+06 -2.12326e+06 -121412
35 -1.05781e+07 -1.04668e+07 -8.53058e+06 -1.8815e+06
35.1 -7.96221e+06 -1.14323e+07 -9.77882e+06 -6.50152e+06
35.2 -8.75211e+06 -5.22862e+06 -5.76866e+06 -6.68389e+06
35.3 -6.83569e+06 -4.33147e+06 -2.88811e+06 -838269
35.4 -1.79223e+06 -3.6878e+06 206345 4.14637e+06
35.5 2.84231e+06 2.40942e+06 2.62268e+06 1.09457e+06
35.6 7.0595e+06 8.4222e+06 3.34304e+06 -1.67351e+06
35.7 1.08511e+07 7.31548e+06 3.94021e+06 2.01433e+06
35.8 9.83427e+06 5.12324e+06 5.61397e+06 5.5917e+06
35.9 4.69045e+06 7.67041e+06 6.53817e+06 3.57835e+06
36 2.09226e+06 5.44009e+06 3.59852e+06 251053
36.1 2.74981e+06 -1.35826e+06 -650514 -362176
36.2 -1.14957e+06 -3.96354e+06 -4.06961e+06 -690098
36.3 -6.88372e+06 -2.51653e+06 -2.86968e+06 -2.44664e+06
36.4 -8.3462e+06 -5.84845e+06 -1.88999e+06 -2.19777e+06
