0.1 0 -0.0298444 -0.0437451 -0.050024 -0.0524402
0.2 0 0.00889156 -0.00578984 -0.0200912 -0.0277846
0.3 0 0.00935755 0.0263869 0.0309251 0.0300417
0.4 0 0.00950549 0.0277667 0.054154 0.0708407
0.5 0 0.00319469 0.000983106 0.001842 0.00684858
0.6 0 0.0492575 0.0653242 0.0542722 0.0389243
0.7 0 -0.0579863 -0.0583374 -0.0417282 -0.031659
0.8 0 -0.0777478 -0.15048 -0.177066 -0.174662
0.9 0 0.170813 0.204406 0.163339 0.12092
1 0 0.175321 0.392307 0.53502 0.592122
1.1 0 -0.589733 -0.769293 -0.709356 -0.612928
1.2 0 0.439805 0.175503 -0.164502 -0.355987
1.3 0 0.111285 0.508844 0.550189 0.441922
1.4 0 0.212308 0.516657 1.14355 1.59276
1.5 0 -1.55389 -2.29569 -2.62117 -2.63266
1.6 0 0.941603 0.237584 -0.939299 -1.72542
1.7 0 1.06875 1.80567 2.24442 2.2778
1.8 0 -1.41477 0.396467 1.44706 1.9062
1.9 0 0.184431 -2.18363 -1.66547 -0.622902
2 0 1.04285 1.08553 -0.165361 -1.05885
2.1 0 -0.728302 1.83345 1.21798 -0.162548
2.2 0 0.1748 -2.20749 -0.547243 0.983451
2.3 0 -1.04886 -1.65478 -1.93852 -0.993803
2.4 0 2.24282 4.97985 3.3908 1.81222
2.5 0 -2.82653 -4.68773 -2.95572 -3.69117
2.6 0 1.45294 -0.163694 -0.966909 0.702852
2.7 0 0.44355 2.8931 1.45787 1.29686
2.8 0 -1.56684 -1.17309 0.985334 -0.826281
2.9 0 3.20268 1.2587 1.88254 3.64317
3 0 -3.11414 -0.962446 -2.5463 -1.40636
3.1 0 0.0719644 -0.964071 -0.275242 -2.0178
3.2 0 3.36455 1.93278 1.85066 0.949788
3.3 0 0.973621 5.08646 4.14436 5.45719
3.4 0 0.899597 -0.238565 2.06739 2.95903
3.5 0 6.59431 5.22682 5.55789 5.57455
3.6 0 -6.75882 -7.24047 -7.83914 -8.38286
3.7 0 -2.87297 -2.70004 -3.57002 -4.07783
3.8 0 -3.70653 -3.38649 -4.27862 -4.75299
3.9 0 1.94104 0.0148765 -0.309262 0.0765644
4 0 -1.42723 -0.944603 -1.20144 -1.33346
4.1 0 -10.4874 -9.2962 -9.80183 -9.98442
4.2 0 9.48471 10.1183 10.3169 9.95432
4.3 0 9.20643 7.82985 10.0184 9.65238
4.4 0 -7.42697 -6.95122 -7.62505 -5.45515
4.5 0 3.44772 4.63476 4.22794 4.2653
4.6 0 -11.5525 -11.8204 -11.1563 -12.1347
4.7 0 4.97226 3.98881 4.59708 3.79034
4.8 0 9.40186 7.56392 6.4989 6.84294
4.9 0 -2.40919 0.696535 -1.00066 -0.633442
5 0 0.835174 1.24672 2.22987 1.87203
5.1 0 -6.59019 -8.21493 -5.81189 -5.82089
5.2 0 3.15435 2.73959 2.10438 3.5053
5.3 0 12.9426 14.1349 13.1062 13.0602
5.4 0 -12.1909 -11.397 -11.6843 -12.5481
5.5 0 1.72482 1.22673 2.05521 0.888538
5.6 0 1.57172 -0.0551212 1.22158 1.75654
5.7 0 -7.23063 -6.03375 -7.10555 -5.57787
5.8 0 4.57928 4.67966 3.02293 3.97358
5.9 0 5.65463 4.66294 6.10842 4.43116
6 0 -6.25631 -5.61906 -5.85147 -6.88395
6.1 0 -9.68416 -9.39296 -10.6728 -9.58117
6.2 0 3.30662 0.811701 1.92362 1.37833
6.3 0 1.53067 2.1943 1.68779 1.55459
6.4 0 4.07984 5.97981 4.89932 4.76962
6.5 0 0.286286 0.692783 0.533999 0.351329
6.6 0 -4.02002 -4.93617 -3.72187 -4.28629
6.7 0 -3.8083 -4.77452 -3.26383 -3.67642
6.8 0 3.14429 3.70508 1.76865 4.58471
6.9 0 9.46581 10.0033 9.94997 9.49045
7 0 -5.03355 -4.41954 -2.44432 -4.11813
7.1 0 -5.28756 -5.31413 -5.28799 -4.89993
7.2 0 0.945136 -1.995 -3.46096 -1.81147
7.3 0 5.60249 6.09922 3.57975 2.99546
7.4 0 1.6609 4.45138 6.66185 3.17353
7.5 0 -7.88855 -7.81893 -5.35208 -4.68473
7.6 0 4.36538 0.944629 -0.754488 2.51279
7.7 0 4.19812 7.08188 4.22366 4.50229
7.8 0 0.23189 1.78474 5.1556 2.64209
7.9 0 -0.516714 -0.781639 1.37635 1.72357
8 0 -2.06741 -3.53051 -3.90571 -0.673021
8.1 0 1.15035 0.215669 -1.0118 0.837936
8.2 0 -2.07387 -1.25082 -2.71563 -3.32215
8.3 0 -0.419952 -0.441628 -0.672853 -2.75394
8.4 0 1.16035 0.209889 1.50127 -1.1351
8.5 0 -0.432603 0.69076 -0.905298 -0.26493
8.6 0 0.0427372 -0.324233 -0.0586075 -0.118498
8.7 0 2.01861 1.43429 1.89138 1.81575
8.8 0 -3.04927 -2.38671 -2.52183 -2.57587
8.9 0 -2.20421 -1.94155 -1.96433 -1.98944
9 0 -1.31862 -1.95734 -1.71793 -1.72463
9.1 0 1.03907 0.773492 0.777104 0.791075
9.2 0 -2.68633 -2.69039 -2.88312 -2.84529
9.3 0 1.37559 1.13815 0.837754 0.825102
9.4 0 4.90284 3.80813 2.68361 2.67709
9.5 0 1.05822 2.14434 1.37068 1.29094
9.6 0 -3.74984 -1.09345 1.35106 -0.186788
9.7 0 0.0827889 -2.60454 0.197247 1.16586
9.8 0 2.4388 2.25634 0.0174509 3.40265
9.9 0 0.238236 2.7561 0.739931 1.24885
10 0 0.953801 0.130549 1.10985 0.385714
10.1 0 1.01775 -0.0304868 2.17771 -0.126862
10.2 0 -0.538709 0.605432 0.478453 -0.104083
10.3 0 -1.1705 -0.775034 -1.81818 -1.1751
10.4 0 -0.712182 -1.19928 -2.0419 -1.04341
10.5 0 -0.219801 -2.08615 -1.90703 -1.48325
10.6 0 -1.45752 -0.983744 -1.26198 -1.59528
10.7 0 -0.230419 0.644097 0.236941 -0.198358
10.8 0 -0.00960409 0.0847026 0.387946 -0.286715
10.9 0 1.17176 0.670573 1.30194 0.783935
11 0 0.107605 -0.0787748 -0.0569931 -0.245632
11.1 0 -0.370627 -0.27146 -0.955213 -0.180326
11.2 0 0.437718 0.486455 -0.180811 1.00268
11.3 0 -0.300906 -0.567479 0.920004 -0.0200207
11.4 0 -1.15037 -0.434655 -0.090926 -0.609607
11.5 0 2.38589 2.26006 1.1578 2.01996
11.6 0 -0.196832 -0.466362 -0.458072 -0.091177
11.7 0 -0.364835 -0.0514744 0.96212 0.0937789
11.8 0 0.361074 0.765576 0.635461 0.697155
11.9 0 -0.178691 -0.244336 -0.693086 -0.0418278
12 0 -0.865654 -1.26558 -1.25744 -1.19926
12.1 0 0.645105 0.15363 0.287386 0.0766295
12.2 0 -0.140242 0.29809 0.0191851 -0.312334
12.3 0 -0.420078 -0.154636 -0.157787 -0.498809
12.4 0 -1.19173 -1.51544 -1.41025 -1.51696
12.5 0 0.124566 -0.666806 -0.818677 -0.616999
12.6 0 1.87807 1.23022 0.393143 1.05828
12.7 0 0.0434126 1.06987 1.272 0.588303
12.8 0 -0.708217 0.801555 1.16079 0.69378
12.9 0 -0.944091 -1.77224 -0.491718 -0.503496
13 0 1.52186 0.845454 0.822129 1.58698
13.1 0 -0.67627 -0.4771 -1.31765 -0.400791
13.2 0 0.0175194 0.476719 -0.280511 0.178468
13.3 0 1.59346 1.42719 2.35146 1.06685
13.4 0 0.0400481 0.312175 1.0301 -0.123219
13.5 0 -0.63129 0.271206 -0.389716 0.528991
13.6 0 -0.663537 -1.21669 -1.65804 -0.331988
13.7 0 -0.288454 -1.34079 -0.75339 -0.940223
13.8 0 -0.322878 -0.309236 -0.271898 -0.792278
13.9 0 0.20064 0.500548 0.137706 -0.268375
14 0 -0.151011 0.0483351 -0.351416 -0.726776
14.1 0 0.726792 0.389127 0.549427 0.153519
14.2 0 0.725452 0.76893 0.914198 0.668853
14.3 0 -0.282786 0.00683546 -0.240173 0.467899
14.4 0 -1.20326 -1.37115 -1.05815 -0.247039
14.5 0 -0.670911 -0.765407 -0.357586 -0.426606
14.6 0 0.00375053 0.0748283 -0.0975626 -0.375061
14.7 0 1.32382 0.677659 0.283373 -0.0228608
14.8 0 0.248777 0.660547 -0.111665 -0.420826
14.9 0 -1.13276 -0.501249 -0.00586339 -0.619701
15 0 0.489157 -0.139457 0.415791 0.72394
15.1 0 0.361166 0.34978 0.414404 0.916026
15.2 0 0.688867 1.48784 0.995475 1.73575
15.3 0 0.646727 0.628432 1.32601 1.55098
15.4 0 -1.06248 -1.5914 -0.671801 -0.487914
15.5 0 -0.603881 -0.306303 -0.733929 -0.82154
15.6 0 -1.04107 -0.884273 -1.64182 -1.79453
15.7 0 0.752965 0.300579 -0.348576 -0.490147
15.8 0 1.03066 0.380443 0.361867 -0.277531
15.9 0 -0.754382 -0.56399 -0.589927 -1.10198
16 0 0.0314258 1.01406 1.02971 0.291844
16.1 0 0.0501013 -0.638095 0.475534 -0.139602
16.2 0 0.410228 0.331095 -0.432803 1.07256
16.3 0 -0.633613 -0.249775 -0.780388 0.404269
16.4 0 0.369169 0.222512 0.740818 0.909089
16.5 0 0.162933 0.0290087 0.770348 0.499306
16.6 0 -0.670367 -0.280516 -0.0455814 -0.746222
16.7 0 0.612329 0.701441 -0.0494647 -0.182055
16.8 0 0.630398 0.239695 -0.437804 -0.0676249
16.9 0 -0.065076 -0.107193 0.6325 0.305037
17 0 -1.44629 -1.01581 -0.56103 -0.563462
17.1 0 0.445301 0.407004 -0.0539571 0.586159
17.2 0 1.1129 0.514819 0.349286 0.270406
17.3 0 -0.147201 0.295959 0.267651 -0.157454
17.4 0 -0.240255 0.00962423 0.278757 -0.137232
17.5 0 -0.405481 -0.439285 -0.392052 -0.345211
17.6 0 -0.169624 -0.459927 -0.719913 0.103336
17.7 0 0.226185 -0.126207 0.0175395 -0.0119185
17.8 0 0.0231102 0.29548 0.231954 -0.0221985
17.9 0 -0.598713 -0.315728 -0.372772 -0.69126
18 0 -0.221818 -0.452028 -0.373214 -0.540516
18.1 0 0.197863 -0.254726 -0.349101 -0.288761
18.2 0 0.255175 -0.254505 -0.840852 -0.366728
18.3 0 -0.400449 0.0815068 0.157342 -0.203219
18.4 0 0.834582 1.40005 1.56937 1.33257
18.5 0 -0.0419436 0.20559 0.615342 0.502272
18.6 0 0.119799 -0.253542 0.263345 0.616198
18.7 0 0.701105 0.75513 0.554626 1.25461
18.8 0 -0.341955 0.330157 0.199452 0.49034
18.9 0 -1.0006 -0.793572 -0.355561 -0.714514
19 0 0.359603 -0.511078 -0.458349 -0.688144
19.1 0 0.88837 0.339189 0.0311815 -0.108781
19.2 0 -0.283837 0.43718 -0.484476 -0.591195
19.3 0 -1.17946 -1.00183 -1.02584 -1.33536
19.4 0 0.496682 0.024035 0.46638 0.196435
19.5 0 0.0226855 -0.366962 -0.183339 0.0858105
19.6 0 0.577643 0.703839 0.485033 1.28356
19.7 0 -1.14513 -0.364222 -0.245662 -0.496347
19.8 0 0.0636949 -0.205299 0.214931 -0.201813
19.9 0 0.747516 -0.0745551 -0.330133 -0.307783
20 0 0.0541884 0.589205 -0.420239 -0.12191
20.1 0 -0.341851 0.133692 0.661636 0.208107
20.2 0 -0.32147 -0.947535 -0.0975091 -0.155745
20.3 0 0.138234 0.12437 -0.0863238 0.361325
20.4 0 0.55906 0.982834 0.29478 0.734067
20.5 0 -0.0464488 -0.00644641 0.215667 0.00582429
20.6 0 0.108143 -0.0600806 0.614474 -0.151608
20.7 0 -0.0636052 0.0458292 -0.225386 0.0834167
20.8 0 0.177516 0.429743 -0.116461 0.503324
20.9 0 0.20163 0.00886875 0.586679 0.388604
21 0 0.154846 -0.00748206 0.383158 0.0312171
21.1 0 0.080244 0.245958 -0.012713 0.0444266
21.2 0 -0.376851 -0.0688322 -0.501495 -0.29041
21.3 0 -0.440795 -0.535748 -0.688798 -0.591836
21.4 0 -0.398582 -0.963756 -0.527691 -0.75213
21.5 0 0.199604 0.174436 0.183967 0.00188791
21.6 0 -0.708844 -0.357829 -0.777904 -0.734581
21.7 0 0.133872 -0.00907097 -0.189334 -0.179015
21.8 0 -0.0726899 -0.581515 -0.550218 -0.612642
21.9 0 0.769016 -0.0291483 -0.0886227 -0.197495
22 0 -0.076013 0.749734 0.399809 0.338298
22.1 0 -0.524358 0.261737 0.355468 0.26172
22.2 0 0.305889 0.0880686 0.765798 0.738045
22.3 0 0.147174 -0.343976 0.235299 0.384819
22.4 0 0.184601 0.864157 0.00764153 0.687599
22.5 0 0.383387 0.266262 0.154826 0.36541
22.6 0 0.479586 0.190658 0.823812 0.619953
22.7 0 -0.00358716 0.204348 0.511673 0.252626
22.8 0 -0.506071 0.405566 0.533009 0.21712
22.9 0 -0.0738647 0.133838 -0.185149 0.212052
23 0 0.458315 -0.452636 -0.483272 -0.276121
23.1 0 0.45214 -0.342628 -0.342948 -0.341367
23.2 0 -1.01917 -0.284532 -0.893184 -1.06889
23.3 0 -0.571105 -0.351075 -0.200498 -0.720989
23.4 0 -0.181568 -0.668721 -0.377292 -0.60366
23.5 0 -0.0371098 -0.430462 -0.550868 -0.403333
23.6 0 -0.184549 -0.297036 -0.760383 -0.422483
23.7 0 0.275975 0.121123 -0.303971 -0.0668334
23.8 0 0.396416 0.475111 0.588591 -0.0391885
23.9 0 -0.583249 -0.197088 0.0801186 -0.0908702
24 0 0.215286 0.447531 0.761419 0.790315
24.1 0 0.579263 0.612256 0.877771 1.07534
24.2 0 0.463783 0.524092 0.376807 0.867679
24.3 0 -0.233459 -0.199092 -0.136008 0.131114
24.4 0 0.19014 0.109069 0.248967 0.499529
24.5 0 -0.00504276 0.0678457 0.250582 0.1824
24.6 0 -0.194208 0.233504 0.577867 -0.168657
24.7 0 -0.506514 -0.288373 -0.821327 -0.851237
24.8 0 0.646592 -0.329689 -0.696047 -0.195612
24.9 0 0.280044 0.0465884 0.117973 0.000185182
25 0 -0.627891 0.118749 0.0192296 -0.321097
25.1 0 -0.531199 -0.513461 -0.122749 -0.437871
25.2 0 0.272103 -0.119082 -0.234349 0.273548
25.3 0 0.0480409 -0.137444 -0.420785 -0.0333651
25.4 0 -0.0993827 -0.175508 -0.0730945 -0.450688
25.5 0 0.00799089 0.312427 0.345751 -0.236906
25.6 0 0.298772 0.408814 0.253226 0.363759
25.7 0 0.215125 0.0965437 0.299213 0.63671
25.8 0 -0.229203 -0.1346 0.0997974 0.449818
25.9 0 0.0943096 0.261727 0.170193 0.52161
26 0 -0.313916 -0.389655 -0.276364 -0.707574
26.1 0 0.192774 -0.0720314 -0.258797 -0.548661
26.2 0 0.36629 0.498612 0.117671 -0.02012
26.3 0 -0.56975 -0.513926 -0.265534 -0.556367
26.4 0 0.190653 0.0061329 0.149049 0.69126
26.5 0 -0.407307 -0.447721 -0.536176 -0.0666023
26.6 0 -0.03598 -0.0179923 0.00887127 -0.459655
26.7 0 0.177296 0.255004 0.186196 -0.358612
26.8 0 0.364789 0.414855 0.145632 0.412095
26.9 0 0.225712 0.28679 0.443719 0.634315
27 0 -0.0154553 -0.0870717 0.250012 0.409511
27.1 0 -0.221097 -0.0954387 0.00705487 0.185782
27.2 0 -0.240785 -0.179824 -0.192122 -0.0158058
27.3 0 0.194928 0.0939829 -0.00732546 -0.424461
27.4 0 0.230222 0.154354 -0.142242 -0.406753
27.5 0 0.0149999 0.0441584 0.0298143 0.000504556
27.6 0 -0.302417 -0.231639 -0.0499063 0.287378
27.7 0 -0.165611 -0.199464 0.00827186 0.201472
27.8 0 0.245293 0.191355 0.17401 0.0219582
27.9 0 -0.112532 -0.0737878 -0.382151 -0.488971
28 0 -0.0164615 -0.113967 -0.219405 -0.391394
28.1 0 0.100239 0.0643426 0.189874 0.0279266
28.2 0 -0.101821 -0.0449796 -0.0253165 0.310099
28.3 0 -0.282084 -0.28483 -0.215784 0.0303548
28.4 0 -0.0102514 -0.149433 -0.0832182 -0.339226
28.5 0 0.346112 0.491651 0.276599 0.033843
28.6 0 0.252459 0.340936 0.258591 0.341179
28.7 0 0.0116109 -0.038059 0.245351 0.307501
28.8 0 -0.196922 -0.152613 -0.0140309 0.212213
28.9 0 0.0345163 0.20381 0.106495 0.374299
29 0 0.257044 0.260204 0.35102 0.0973264
29.1 0 -0.00201498 -0.0256432 -0.0108143 -0.234581
29.2 0 -0.278484 -0.48451 -0.603769 -0.574141
29.3 0 -0.00511524 -0.129409 -0.313968 -0.22851
29.4 0 -0.240686 -0.0393908 -0.155028 -0.222167
29.5 0 -0.251804 -0.318473 -0.172185 -0.316202
29.6 0 0.262299 -0.0110314 0.102008 0.21116
29.7 0 0.0500229 0.109813 -0.117484 0.0680358
29.8 0 -0.167903 0.0517972 0.0301774 -0.173319
29.9 0 0.124308 0.0154427 0.23406 0.0481045
30 0 0.251822 0.301193 0.321102 0.4286
30.1 0 0.0324167 0.298513 0.192675 0.428633
30.2 0 0.0938422 -0.199719 0.00607919 0.164615
30.3 0 -0.0535106 0.0861524 0.0312176 0.149382
30.4 0 -0.104824 0.152325 0.225285 -0.202287
30.5 0 0.11655 -0.0359418 -0.0506981 -0.186128
30.6 0 0.00311063 -0.258684 -0.490975 -0.127853
30.7 0 -0.169046 -0.0939458 -0.083257 -0.0876483
30.8 0 -0.164382 -0.0263819 0.168925 -0.133502
30.9 0 0.0440067 -0.0840677 -0.137838 -0.0902115
31 0 0.208981 0.078566 -0.163616 0.0938791
31.1 0 -0.139325 -0.0419103 0.0444727 -0.108355
31.2 0 -0.265322 -0.203955 -0.010598 -0.223542
31.3 0 0.0384264 -0.121029 -0.294501 -0.0778954
31.4 0 0.330583 0.216123 0.0591712 0.176735
31.5 0 -0.228779 -0.0119913 0.126655 -0.161565
31.6 0 -0.0233902 0.186096 0.289441 0.245544
31.7 0 0.290137 0.00131125 0.129226 0.295409
31.8 0 0.269078 0.437715 0.26808 0.543103
31.9 0 -0.067434 0.0638707 0.0927853 0.193006
32 0 -0.36804 -0.320786 0.045634 -0.376254
32.1 0 0.0574447 -0.0894856 -0.23852 -0.245349
32.2 0 0.205928 0.0522069 -0.44937 -0.127316
32.3 0 -0.156153 -0.108132 0.0243929 -0.250474
32.4 0 -0.204029 -0.168033 0.181889 -0.0842122
32.5 0 0.0435504 0.0313005 -0.201295 0.21523
32.6 0 0.10567 -0.00471617 -0.137598 0.0454838
32.7 0 0.054521 0.0863108 0.320258 -0.10622
32.8 0 -0.188988 -0.00346192 -0.0198333 -0.14894
32.9 0 0.239036 0.1045 -0.083272 0.319938
33 0 0.211355 0.18753 0.342242 0.403853
33.1 0 -0.311417 -0.0347856 0.170429 -0.0763889
33.2 0 -0.0838841 -0.0713612 -0.124129 -0.106392
33.3 0 0.253657 -0.0933494 -0.306005 -0.0935665
33.4 0 0.0979587 0.148198 0.0906747 -0.0549661
33.5 0 -0.419619 -0.206798 -0.0840551 -0.340409
33.6 0 -0.0424383 -0.184934 -0.149534 0.0420089
33.7 0 0.11961 -0.144182 -0.28142 -0.00894694
33.8 0 0.0299376 0.146653 0.104018 -0.145522
33.9 0 -0.108376 0.115591 0.170038 -0.14338
34 0 0.172823 0.0606649 0.0788536 0.308024
34.1 0 0.171453 0.109868 0.178922 0.449691
34.2 0 -0.26249 -0.0120231 0.033537 0.0718527
34.3 0 0.146988 0.0571656 0.227126 -0.0224261
34.4 0 0.0841045 0.0334766 -0.147599 -0.176318
34.5 0 -0.0619566 -0.023136 -0.281688 -0.139064
34.6 0 -0.117155 -0.234523 -0.00753978 -0.12257
34.7 0 -0.257605 -0.274451 -0.177122 -0.22723
34.8 0 0.153474 0.161397 -0.104712 0.0524561
34.9 0 0.160359 0.0995895 0.0585616 -0.0205828
35 0 0.0416974 0.122791 0.322652 0.133944
35.1 0 -0.156825 0.0500653 0.114052 0.255345
35.2 0 0.139399 -0.0324114 -0.0520675 0.253847
35.3 0 0.115527 0.0743154 0.0949648 0.030651
35.4 0 -0.0698111 0.163955 0.160969 -0.172369
35.5 0 -0.014137 -0.000121186 -0.0739448 -0.0468156
35.6 0 0.0590661 -0.209549 -0.206837 0.0671807
35.7 0 -0.143785 -0.132393 -0.0747401 -0.0880914
35.8 0 -0.184497 0.0265186 0.00239822 -0.227919
35.9 0 0.132346 -0.0406495 -0.115437 -0.133888
36 0 0.137034 -0.0674383 -0.12454 0.0058681
36.1 0 -0.169054 0.03753 0.0273529 0.0290831
36.2 0 -0.106856 0.00241202 0.148106 0.0398971
36.3 0 0.185731 -0.00739704 0.0210643 0.107266
36.4 0 0.0999118 0.165105 -0.00870966 0.0909973
