0.1 0.0237211 0.0115966 0.00594936 0.00339849 0.00241688
0.2 0.0257604 0.0291332 0.0230572 0.0171968 0.0140519
0.3 0.0203514 0.0270406 0.0351529 0.0374743 0.0372817
0.4 0.0283456 0.0274577 0.0345421 0.0458096 0.052985
0.5 0.0369876 0.043273 0.0410992 0.040291 0.0418877
0.6 0.0465084 0.0454403 0.0454119 0.0370267 0.0287006
0.7 -0.0742905 -0.0189663 0.00514972 0.0202802 0.026871
0.8 0.164131 0.0169304 -0.0136795 -0.00901699 0.00218817
0.9 0.0386656 0.134402 0.0761923 0.0185452 -0.0129725
1 0.0216763 0.0285904 0.100535 0.103172 0.0850459
1.1 0.00564226 -0.020393 0.00797402 0.10601 0.174446
1.2 0.141603 0.138182 0.0809119 0.0467063 0.0530199
1.3 0.0811158 0.138391 0.158896 0.0680044 -0.0298795
1.4 -0.0822198 -0.0593502 -0.0231973 0.0644332 0.115866
1.5 0.0173159 -0.0891321 -0.0913305 -0.0227556 0.0762582
1.6 -0.554519 -0.195965 -0.0972248 -0.147657 -0.239504
1.7 0.700992 -0.043036 -0.233776 -0.288806 -0.319484
1.8 0.270376 0.514202 0.143132 -0.0643312 -0.0819161
1.9 -0.349651 0.0281007 0.500211 0.532922 0.41411
2 -0.755025 -0.62627 -0.171033 0.417894 0.737113
2.1 0.158728 -0.110272 -0.461578 -0.449257 -0.210754
2.2 -1.30091 -0.397876 -0.422994 -0.81889 -1.19258
2.3 0.487891 -0.713399 -0.561761 -0.822253 -1.16903
2.4 0.0726799 -0.343504 -1.13378 -0.850791 -0.391502
2.5 0.670312 0.326814 0.21829 -0.139521 -0.255921
2.6 -1.72835 0.164375 0.856206 0.678787 0.108135
2.7 3.86656 0.576174 0.384715 0.841715 1.24458
2.8 -1.31774 1.38538 0.636556 0.84829 1.39001
2.9 0.725701 0.977279 1.47552 1.17605 0.647159
3 0.502854 -0.459113 1.23463 1.12098 0.939074
3.1 0.25119 1.2829 -0.670663 0.416762 1.24872
3.2 1.3059 0.434581 0.992759 0.0625836 0.0662844
3.3 -0.654977 -0.0505163 0.934339 0.577058 -0.556333
3.4 -1.87522 0.0314623 -0.540359 0.179316 0.347726
3.5 1.08593 -1.30605 -1.21742 -0.889236 0.66211
3.6 1.26925 -0.199473 -0.498446 -0.640045 -1.20939
3.7 -0.301794 1.83027 0.564145 -0.47445 -1.57171
3.8 1.49725 0.163047 0.893109 0.214368 -0.0808506
3.9 1.1254 -0.09014 -0.167563 1.0932 1.45607
4 -0.0746611 1.43839 1.09535 0.980627 1.87167
4.1 1.3621 0.75093 1.59927 1.56933 1.28295
4.2 3.41043 0.84651 1.58299 1.83157 1.227
4.3 -1.32407 2.08017 0.719801 0.817305 1.786
4.4 -4.27146 0.693927 1.39362 0.970407 0.677004
4.5 2.73468 -1.15263 0.212502 0.901178 0.198918
4.6 -5.39399 -0.0629651 -0.458276 -0.64931 0.47576
4.7 -1.63915 -2.67706 -2.61492 -1.06991 -0.486123
4.8 3.42921 -1.12292 -1.12685 -1.70993 -2.20764
4.9 -3.40077 -0.625357 -1.16843 -1.72433 -2.24288
5 -3.77171 -0.821203 -1.32691 -1.84659 -2.33094
5.1 3.79971 -0.76923 -1.23906 -2.17018 -1.73179
5.2 -4.15172 -1.86873 -1.65596 -0.837109 -1.20948
5.3 1.91408 -2.16588 -1.48988 -1.07187 -0.773355
5.4 5.00173 0.166282 -0.692624 -1.3685 -0.915222
5.5 0.320847 1.0284 0.412138 0.0166154 -1.14919
5.6 -1.33151 0.194024 0.151591 -0.00446394 -0.0624732
5.7 5.8213 0.0462008 0.593322 0.0309899 0.317152
5.8 0.474729 0.209775 0.523674 0.460199 0.772225
5.9 6.50227 3.69567 0.397647 1.84868 1.4682
6 -7.31587 0.99815 2.60405 1.84704 2.06961
6.1 -6.35251 0.486056 1.34461 1.48629 1.92011
6.2 8.24571 0.515656 1.04904 1.82833 1.74899
6.3 0.605553 0.77304 1.68128 1.83932 1.67284
6.4 -3.82588 1.58628 1.49551 0.840551 1.23279
6.5 0.0158219 0.902086 0.345024 0.918893 0.516314
6.6 5.26875 -0.247042 0.552902 0.419977 0.53723
6.7 0.181622 3.10654 1.22601 0.483998 0.613458
6.8 -9.29552 -1.90296 0.579837 1.14416 0.527159
6.9 2.47936 -0.35439 -0.986887 -0.110142 0.791339
7 1.42305 -0.217695 0.17038 -0.120446 -0.0301702
7.1 -0.965044 -0.160959 0.333036 -0.0389901 -0.323919
7.2 5.95855 0.114837 0.613489 0.141628 -0.430239
7.3 2.80388 1.31911 -0.0101439 0.251483 0.361875
7.4 -0.933266 1.75612 -0.201956 0.0699652 0.589935
7.5 -0.610624 0.717647 0.835002 0.224025 0.182321
7.6 -4.02777 -0.288852 0.712767 0.574371 -0.132122
7.7 1.03043 -0.487584 0.281362 0.280857 0.277086
7.8 -2.30875 -0.220084 -0.420766 0.0203426 0.699313
7.9 0.895925 -0.195446 -0.463975 0.188927 0.266822
8 -0.501461 -1.78514 -0.101795 -0.0421293 -0.0806473
8.1 -1.60039 -0.979585 -0.760921 -0.540076 -0.518816
8.2 -5.39714 -0.288156 -1.28127 -1.06021 -0.999642
8.3 -0.78624 0.428809 -2.04949 -1.44306 -1.30981
8.4 2.69245 -2.44726 0.427743 -2.25001 -1.70519
8.5 5.29088 -1.22755 -1.36553 -0.631306 -2.07344
8.6 3.27103 2.90798 -1.71935 -0.552857 -0.891833
8.7 0.279773 -0.197981 1.58165 -1.08358 -0.0156137
8.8 0.759153 -1.16241 1.3729 0.242827 0.0228221
8.9 1.29898 -0.319589 -0.787721 1.78188 0.143088
9 -1.0017 0.206152 -1.35113 0.96912 1.10108
9.1 -5.64398 -0.229043 0.876714 -1.85707 1.85702
9.2 -1.47495 0.540977 0.690844 0.387928 -0.586208
9.3 1.9129 -0.198658 -0.307045 1.63504 -1.05796
9.4 -0.271291 -0.0356025 0.263715 0.0253146 -0.174301
9.5 -3.89408 -0.276902 -0.0690562 -1.6789 0.811935
9.6 -1.12699 -0.706756 -1.09522 -0.396031 -0.212724
9.7 4.2249 -0.56476 -1.02437 0.418714 -0.76675
9.8 0.290549 -0.518789 0.0651636 -0.151953 -0.613228
9.9 1.01812 0.0754399 0.258771 -0.831799 -0.184356
10 1.50821 0.750295 0.170081 -0.615734 -0.171903
10.1 1.61652 2.23972 0.222854 0.326657 -0.242493
10.2 1.43547 0.896873 1.3233 0.749345 0.0160617
10.3 -0.757967 0.336648 0.698322 1.31351 0.626565
10.4 -0.740858 0.156572 -0.460239 0.746604 2.21659
10.5 -1.62101 -1.19286 1.06756 0.446681 1.90358
10.6 -2.78333 -0.603358 0.906596 1.2634 -0.0470164
10.7 -3.736 0.00789252 0.0378455 0.53261 -0.630891
10.8 -0.853647 0.0245413 -0.167864 -0.696063 0.0853736
10.9 0.870701 0.224422 -0.559346 -0.968815 0.180454
11 3.20783 -0.619852 -1.31238 -0.259005 -0.512249
11.1 0.0546679 -0.401716 -0.603731 -0.34678 -0.799988
11.2 -0.517329 -0.382504 -0.189627 -0.636351 -0.88858
11.3 0.658888 -0.300318 -0.111703 -0.719577 -0.827712
11.4 1.40258 0.101258 -0.150197 -0.831722 -0.540343
11.5 -1.18375 0.269844 -0.574302 -0.150706 -0.495326
11.6 -2.2531 -0.583735 -0.0535498 -0.304957 -0.424483
11.7 1.2287 -0.712273 -0.194072 -0.26861 -0.285699
11.8 -0.737429 -0.500504 -0.538872 -0.187459 -0.0980513
11.9 -0.880763 -0.398166 -0.766038 -0.338222 0.0403507
12 -1.75271 -0.493027 -0.460785 -0.440395 -0.360152
12.1 -1.21095 -0.648108 -0.395234 -0.524633 -0.547712
12.2 2.35046 -0.529013 -0.366652 -0.442855 -0.570829
12.3 3.45733 0.164129 -0.249812 -0.234581 -0.381287
12.4 -0.642566 0.225546 -0.0377711 -0.237963 -0.168078
12.5 1.95205 0.0425821 0.107614 -0.0227059 -0.0690692
12.6 0.400247 0.324744 0.180123 0.14322 0.0478086
12.7 0.037572 2.13195 0.446831 0.242232 0.14297
12.8 -3.05172 0.564391 1.02147 0.535606 0.313467
12.9 -1.44441 -0.477174 0.466881 0.598154 0.645313
13 1.30552 -0.589326 -0.605537 0.972328 1.3211
13.1 0.0513976 -0.55945 0.640301 0.131986 0.982484
13.2 -1.13265 0.14859 0.47419 0.345941 0.0628974
13.3 -2.44115 0.0773347 0.323381 0.619036 -0.562278
13.4 -0.290915 -0.825385 0.0780977 -0.312008 0.0866673
13.5 -0.972387 -1.14183 -0.979656 -0.621504 0.175443
13.6 2.16463 0.251509 -1.41131 -0.713402 -0.435503
13.7 6.68038 1.29817 -1.05394 -0.394551 -0.577412
13.8 2.29329 0.565771 1.54118 -0.268368 -0.622763
13.9 -0.957214 1.56766 2.07294 0.332788 -0.69853
14 -1.23774 1.0305 1.36716 0.427713 0.0841184
14.1 -2.51764 0.661384 -1.03079 1.57973 1.06781
14.2 -3.93983 -0.60562 -1.31955 0.756707 1.90696
14.3 2.10688 -1.05109 1.26986 -1.49694 1.64763
14.4 2.04753 -1.08497 1.1956 0.984631 -0.24653
14.5 1.11264 0.429486 -0.496804 2.25762 -0.781989
14.6 -2.23229 0.688402 0.347236 0.174287 0.0268528
14.7 0.243027 0.861534 0.931711 -1.81829 0.804383
14.8 -0.504345 1.09358 -0.395845 -0.269559 0.22093
14.9 0.0823063 0.22636 -0.456024 1.22571 -0.518341
15 -0.222008 -1.39915 0.315404 0.366432 -0.176779
15.1 0.539907 -1.83726 0.239273 -0.535245 0.386919
15.2 -0.547107 -0.0469299 -1.21123 -0.730644 0.28575
15.3 0.61823 0.952839 -1.36325 -0.393756 -0.534753
15.4 1.60376 0.0560381 0.203656 -0.366216 -0.785959
15.5 0.408727 0.149031 0.711624 -0.103571 -1.02703
15.6 -1.56543 0.795407 0.416216 -0.380109 -0.361704
15.7 -0.272474 -0.121532 0.159197 -0.236123 -0.236916
15.8 0.119809 -0.838796 -0.205874 0.187841 0.0325746
15.9 0.0972941 -0.63286 -1.18213 0.414236 0.614364
16 -0.0975281 -0.513433 -0.256332 -0.389405 0.662083
16.1 -1.10509 0.26863 0.40658 -0.553899 0.0323577
16.2 0.326136 0.424873 -0.0114472 0.355082 -0.701149
16.3 0.79633 -0.134547 0.230075 0.502986 -0.681434
16.4 0.0682159 0.340001 0.338853 -0.189112 -0.0592589
16.5 -1.09687 0.244659 -0.15051 -0.45596 0.60203
16.6 -0.167073 -0.899595 -0.525502 0.107712 0.500297
16.7 0.836044 -0.649328 -0.443381 0.314902 0.0469749
16.8 -0.574211 0.385036 0.160764 -0.178605 -0.412577
16.9 0.882844 0.961765 0.428192 -0.300198 -0.418341
17 0.481167 0.477422 0.659335 -0.0709839 -0.1881
17.1 -1.57726 -0.302986 -0.0284071 0.584567 0.132855
17.2 -1.53545 -1.29431 -0.552115 0.25754 0.438336
17.3 0.178408 -0.703457 -0.908745 -0.509341 0.488449
17.4 1.49029 -0.265087 -0.338181 -0.869558 0.059551
17.5 0.196181 0.329196 -0.212456 -0.0985905 -0.774129
17.6 -0.289624 0.451098 0.174403 0.335798 -1.36677
17.7 0.766493 0.830568 0.62615 -0.684161 -0.352957
17.8 -0.137678 0.547906 0.438617 -0.215217 -0.0794828
17.9 -0.13919 -0.614466 0.123546 0.449808 0.375287
18 0.806258 -0.25802 -0.530859 0.835465 0.732288
18.1 -0.667626 0.0110516 -0.117281 0.207968 0.970038
18.2 0.618356 0.170117 0.596718 0.00491358 0.47366
18.3 0.501213 0.448818 0.602999 0.223856 0.249251
18.4 -0.838818 0.657974 0.185021 0.774901 -0.214132
18.5 -1.25405 0.333844 0.266919 0.205194 0.0919464
18.6 -0.298308 -0.312645 0.308416 -0.16762 0.298092
18.7 -0.767486 -1.62802 -0.186438 -0.0660788 0.256469
18.8 -0.071015 -0.519384 -1.46584 -0.0460022 -0.0175852
18.9 2.6551 0.0279135 -0.627561 -0.491581 -0.493156
19 1.03433 0.711588 -0.0328899 -0.645691 -0.529171
19.1 -0.786591 1.1677 0.984992 -0.712187 -0.670877
19.2 -0.456661 1.00613 0.535431 0.319284 -0.899641
19.3 -0.481261 -1.27942 0.966589 0.172686 -0.263865
19.4 -0.00157023 -0.71731 -1.18929 0.58443 0.576656
19.5 -0.29207 -0.169862 -1.79887 0.0881571 1.19937
19.6 -0.358052 -0.83006 0.590382 -1.00826 0.617249
19.7 0.429681 0.214005 0.690931 -0.26895 -0.42847
19.8 0.494984 1.29567 -0.346043 0.863143 -0.946257
19.9 -0.933773 0.327009 0.539132 0.245805 -0.448354
20 -0.308057 -1.0943 0.698203 -0.071943 -0.0861444
20.1 1.22633 -0.268848 -0.944425 -0.202831 0.712864
20.2 0.521285 0.925262 -0.953617 -0.371164 0.772864
20.3 0.280347 0.183168 0.973998 -0.123444 0.0726505
20.4 0.398643 0.172994 0.845778 0.920958 -0.562225
20.5 -0.722384 0.326597 0.390697 0.952204 -0.212266
20.6 -1.54367 0.252145 0.0961509 -0.0818984 0.598593
20.7 -1.52482 -0.551927 -0.13545 -0.599148 0.946562
20.8 -0.360564 -1.82042 -0.592839 0.155173 0.153265
20.9 0.826889 -0.407077 -1.31866 -0.0870334 -0.232318
21 0.858776 0.0616814 -0.507456 -0.525998 -0.728085
21.1 1.36117 0.446594 0.0661515 -0.788666 -0.798179
21.2 0.857053 0.544024 1.00496 -0.92651 -1.11336
21.3 0.214001 0.896828 -0.0273519 0.400148 -0.78277
21.4 0.0860989 1.52633 0.0297067 -0.00124883 -0.0355721
21.5 -0.0704696 -0.0756241 0.815284 -0.00589061 0.716972
21.6 -1.05001 -0.891584 -0.321162 1.2773 0.882427
21.7 -0.851883 -1.16835 -0.587968 0.804999 1.39551
21.8 -0.443133 -0.860825 0.694889 -0.534948 0.800327
21.9 0.457888 -0.111759 0.433188 0.0921372 0.0276358
22 0.332943 0.882398 -0.247698 0.778423 -0.6951
22.1 -0.118714 1.79303 -0.359137 -0.215072 -0.561837
22.2 -0.183937 -0.33444 1.07865 -0.760207 -0.165739
22.3 -0.283172 -1.1856 0.117825 -0.218425 0.0655123
22.4 0.210048 -0.345825 -1.74388 0.689542 0.0435907
22.5 0.144852 -0.201532 -0.65661 -0.556143 0.183699
22.6 -0.129988 -0.300621 0.374379 -0.669145 -0.339116
22.7 0.327676 0.0140976 0.383839 -0.458063 -0.593822
22.8 0.853639 0.774311 -0.217395 0.224842 -0.662381
22.9 0.769034 1.36556 0.0294225 0.105316 -0.255008
23 -0.430068 0.0520957 1.17308 0.0494152 0.0562701
23.1 -0.446157 -0.413418 0.227974 0.489565 0.710698
23.2 -0.75585 -0.579734 -0.730846 1.00486 1.02532
23.3 -0.836794 -0.504858 0.110675 -0.36707 1.09396
23.4 0.0245019 -0.80028 0.118549 0.0948182 0.127512
23.5 0.0370704 0.0324928 -0.420341 0.449737 -0.595214
23.6 0.884828 1.0803 -0.248668 -0.404372 -0.606174
23.7 -0.345024 0.389256 0.412417 -0.881927 -0.337604
23.8 -0.324837 -0.303332 0.15891 -0.331758 -0.430638
23.9 0.529741 -0.421898 -0.215156 0.0860036 -0.458593
24 0.614368 -0.174415 -0.509003 0.157866 -0.183365
24.1 -0.033157 0.0199923 -0.382864 -0.326896 0.346265
24.2 -0.207628 0.494007 0.269788 -0.41209 0.27261
24.3 -0.0643558 0.0312662 0.447855 0.691273 -0.274235
24.4 -0.121278 -0.0688251 0.197453 0.65787 0.0580125
24.5 0.462565 0.0533765 0.300225 -0.0541448 0.583373
24.6 0.216214 0.335132 -0.0245015 0.0182396 0.688347
24.7 0.242443 0.373558 0.0357619 0.375955 0.332053
24.8 -0.355701 0.245872 0.565716 0.126706 0.115085
24.9 -0.445009 -0.0595799 0.379528 0.573583 -0.238279
25 -0.550836 -0.214886 0.0235643 0.115461 0.225963
25.1 -0.623265 -0.867261 -0.289154 -0.368366 0.278563
25.2 0.0478819 -0.136162 -0.952687 -0.421134 -0.0313694
25.3 0.580993 -0.0967604 -0.586936 -0.268349 -0.599832
25.4 0.491815 -0.162913 -0.0614786 -0.385378 -0.710985
25.5 0.158319 0.027809 0.287547 -0.487775 -0.684769
25.6 -0.0853508 0.305114 -0.16522 -0.354993 -0.366418
25.7 0.0927044 0.0941383 -0.0120167 -0.203688 -0.265489
25.8 0.0799802 0.15151 -0.100647 -0.019999 -0.136965
25.9 0.299782 0.0423468 0.241968 0.188654 0.119877
26 -0.129173 -0.00284223 0.0148828 0.47481 0.582509
26.1 -0.557117 -0.0735573 0.0735222 0.382197 0.639582
26.2 -0.0213483 -0.132328 0.376778 0.116793 0.547927
26.3 -0.000742985 0.134027 0.173129 0.290361 0.202011
26.4 0.0653795 0.164494 0.142405 0.392825 -0.0389781
26.5 -0.145686 0.205169 0.239309 0.0299726 0.050928
26.6 -0.495847 -0.0177028 0.00568006 -0.219776 0.097638
26.7 0.24745 -0.366025 -0.47843 -0.0466999 -0.133474
26.8 0.984086 -0.0782932 -0.318953 -0.188098 -0.305754
26.9 0.296705 0.13293 0.0159431 -0.318555 -0.280065
27 -0.289044 0.491442 0.459758 -0.256258 -0.277402
27.1 -0.0778975 0.311171 0.172344 0.266576 -0.157379
27.2 -0.0043972 -0.406608 -0.142345 0.418307 0.386071
27.3 -0.127158 -0.387764 -0.101904 0.224535 0.536847
27.4 -0.259801 0.162273 0.0731447 -0.265422 0.49302
27.5 0.0981057 0.270418 0.0470521 0.0231092 0.000541938
27.6 -0.352737 -0.163323 0.0996308 0.376662 -0.498851
27.7 -0.155263 -0.365107 -0.0010566 -0.14788 -0.305259
27.8 0.367556 0.0686765 -0.305533 -0.585005 0.00735467
27.9 0.107608 0.127512 -0.47496 -0.229259 -0.132936
28 -0.225402 -0.180234 -0.060931 -0.0716173 -0.324753
28.1 -0.242164 -0.473176 0.239642 -0.0769428 -0.32921
28.2 0.074411 -0.0487918 -0.322627 -0.0785335 -0.10693
28.3 0.114011 0.354186 -0.371158 -0.273854 0.174386
28.4 0.145254 0.00241313 0.31408 -0.0302761 -0.0325182
28.5 0.221494 -0.00745759 0.442307 0.413746 -0.117647
28.6 -0.00574831 0.192852 0.0268516 0.336226 0.332533
28.7 -0.0674659 0.225188 0.0444171 0.164884 0.469144
28.8 -0.29424 0.0824422 0.303586 -0.0803154 0.416426
28.9 -0.107604 -0.0455271 0.0326809 0.387029 0.14077
29 -0.134402 -0.21792 0.0913347 0.288756 -0.161027
29.1 0.180521 -0.112918 -0.127891 -0.322555 0.0147128
29.2 0.663324 0.276607 -0.270157 -0.398223 -0.115238
29.3 -0.0162591 0.290044 0.0300707 -0.0996721 -0.348244
29.4 -0.330617 -0.148578 0.199878 0.192214 -0.362802
29.5 0.11744 -0.311845 0.0291811 0.0535946 0.0265031
29.6 0.318908 0.196499 -0.308553 -0.171299 0.436546
29.7 0.226618 0.375229 0.0453872 0.0240348 0.278767
29.8 -0.0115673 0.0423987 0.468984 0.389347 -0.0807693
29.9 -0.326318 0.000843859 0.37398 0.35748 0.0215459
30 -0.273874 0.0623438 0.0305919 0.108304 0.33731
30.1 -0.103113 -0.192797 -0.173682 -0.029283 0.372826
30.2 -0.0707487 -0.341087 -0.286483 -0.18245 0.141524
30.3 -0.104723 -0.0743744 -0.245865 -0.0776575 -0.44823
30.4 -0.0578058 0.0243467 -0.150183 -0.224818 -0.522825
30.5 0.17678 -0.0408899 -0.00805271 -0.439807 -0.371473
30.6 0.286672 -0.101505 -0.0742445 -0.265246 -0.264327
30.7 -0.117537 -0.0683855 -0.127789 -0.13092 -0.209753
30.8 0.0841562 0.0236671 -0.137014 -0.0236272 -0.126743
30.9 0.0365169 0.156992 -0.0676212 0.0364459 0.18831
31 -0.048058 0.0116515 0.260297 0.151823 0.310397
31.1 -0.0898287 -0.00562902 0.162123 0.386068 0.235341
31.2 0.271876 0.0482088 0.191373 0.270125 0.300561
31.3 0.0048597 0.278124 0.288317 0.0478192 0.24623
31.4 0.120551 0.328555 0.128144 0.31453 0.0716545
31.5 -0.0747616 0.156761 0.208614 0.172831 0.133054
31.6 -0.305648 0.0247121 0.165385 0.0229655 0.226053
31.7 -0.382337 -0.648556 -0.202516 0.100792 0.103852
31.8 -0.19052 -0.242395 -0.503647 -0.184227 -0.115469
31.9 0.345773 -0.0359231 -0.286707 -0.374377 -0.366471
32 0.333623 0.0226658 -0.110346 -0.419969 -0.409703
32.1 -0.105272 0.0211661 0.083582 -0.350363 -0.449966
32.2 0.0391551 -0.0556166 -0.0843897 -0.0242008 -0.420521
32.3 0.228497 0.0178427 -0.181508 -0.100193 -0.15051
32.4 0.277985 0.360747 -0.0498669 -0.232372 0.235486
32.5 -0.203474 0.0387435 0.256277 0.316503 0.280357
32.6 -0.2016 -0.115529 0.108616 0.581084 0.26806
32.7 -0.109536 -0.151842 0.309318 0.220795 0.398581
32.8 -0.269269 0.100905 0.222423 -0.0281227 0.370516
32.9 -0.0934945 0.111569 -0.0110454 0.306363 0.0372258
33 -0.155288 -0.156772 -0.157687 0.134916 -0.0925135
33.1 0.0242715 -0.232236 -0.136634 -0.464981 -0.0343072
33.2 0.0117407 0.0506454 -0.289989 -0.341471 -0.322678
33.3 0.306477 0.0139584 -0.23664 -0.221315 -0.416145
33.4 0.12845 -0.222713 0.11618 -0.159035 -0.409623
33.5 0.159293 -0.0697956 -0.096378 -0.097426 -0.209027
33.6 0.344413 0.499387 -0.171325 -0.0368509 0.0526318
33.7 0.0544931 0.279929 0.300893 0.042657 0.329516
33.8 -0.235756 -0.02818 0.223897 0.436634 0.315867
33.9 -0.0728156 -0.133773 0.243842 0.439074 0.329127
34 0.159812 0.0053774 0.265928 0.22049 0.378743
34.1 0.150286 0.280244 0.208099 0.145152 0.279252
34.2 -0.0105809 0.377975 0.119238 0.276313 0.11474
34.3 -0.138617 0.203684 0.207233 0.158548 0.0756288
34.4 -0.158793 -0.0138804 0.231246 -0.00697247 0.139021
34.5 -0.345329 -0.784492 -0.17697 0.0973402 0.0763404
34.6 0.390156 -0.00885018 -0.728498 -0.154334 -0.0536926
34.7 -0.147282 0.123697 -0.258036 -0.435282 -0.311961
34.8 -0.398284 -0.249692 0.225615 -0.467603 -0.457935
34.9 0.229115 -0.0387976 -0.176354 -0.240106 -0.533642
35 0.237109 -0.0255176 -0.370903 -0.108087 -0.383633
35.1 -0.00142337 -0.232942 -0.0291229 -0.200038 -0.194747
35.2 -0.0101227 -0.187573 -0.0196404 -0.282872 0.0114914
35.3 -0.0515081 0.227112 -0.207153 -0.0518902 0.081779
35.4 -0.098269 0.210196 -0.0400929 0.378362 0.010563
35.5 0.236083 -0.0435551 0.435955 0.140679 0.263726
35.6 -0.110936 -0.0328246 0.296036 0.165383 0.399873
35.7 -0.109915 0.185044 -0.0891682 0.447841 0.254572
35.8 0.156427 0.155056 0.315749 0.0520464 0.181939
35.9 0.0694355 0.145207 0.291456 0.0809464 0.110154
36 0.117605 0.235785 -0.0283509 0.287408 0.0601556
36.1 -0.208448 -0.0397765 -0.0176141 0.0345668 0.161082
36.2 -0.0649196 -0.396371 -0.00150732 -0.148337 0.0949233
36.3 -0.0246267 -0.147786 -0.301445 -0.0783779 -0.187147
36.4 0.10958 0.135441 -0.261706 -0.229798 -0.346593
36.5 -0.00534998 -0.0401722 0.0218744 -0.291151 -0.33366
36.6 -0.0520617 -0.118868 0.046772 -0.217649 -0.234529
36.7 0.117571 0.0366723 -0.138622 -0.0804855 -0.145598
36.8 -0.0552615 0.029961 -0.257635 0.0792457 0.0646445
36.9 -0.0978598 -0.184813 0.121728 -0.0185462 0.196748
37 0.0747388 -0.0367081 0.211757 0.136057 0.0924592
37.1 -0.081314 0.333525 -0.00582006 0.233956 0.0687416
37.2 -0.000501831 0.0876331 0.190853 0.0219737 0.160822
37.3 0.144654 -0.159579 0.122244 0.107118 0.167378
37.4 -0.00576541 0.0598233 -0.0911724 0.172264 0.0801638
37.5 0.185405 0.23709 0.0964903 -0.0854722 0.0217752
37.6 0.0289385 0.0923242 0.187731 -0.00441833 -0.0621753
37.7 -0.0109994 -0.0375898 -0.0205415 0.162417 -0.0333807
37.8 0.0356105 -0.0702652 -0.100153 0.0119025 0.137909
37.9 0.00256828 -0.00430862 0.00799532 -0.133259 0.13603
38 -0.081141 0.0371142 0.0200172 0.0702969 -0.116513
38.1 -0.0395067 -0.021273 0.0227802 0.0712812 -0.169689
38.2 -0.0734012 -0.0801633 -0.0317342 -0.177779 0.0305277
38.3 -0.0868659 -0.108539 -0.206221 -0.123893 0.0289211
38.4 -0.0199156 -0.142757 -0.167518 -0.00051472 -0.158826
38.5 0.0553653 -0.0429824 0.0297505 -0.128373 -0.19916
38.6 0.0173858 0.137885 0.0282146 -0.196432 -0.110002
38.7 0.000903737 0.0452015 -0.0734495 0.0428027 -0.0546475
38.8 0.00681776 -0.126818 -0.0221675 0.102852 0.0660714
38.9 0.0211056 -0.056643 0.0775899 0.00718233 0.179106
39 0.00767311 0.177101 0.0626091 0.095317 0.0985159
39.1 0.00551817 0.158428 0.121389 0.152868 0.0333077
39.2 0.00268039 -0.0477556 0.169287 0.0828071 0.0898762
39.3 -0.000193008 -0.0162185 -0.036795 0.0496759 0.140975
39.4 0.0016162 0.0320428 -0.0647343 -0.00854208 0.0546319
39.5 0.00126365 -0.0233821 0.000262413 -0.00723154 -0.08077
39.6 0.000466366 -0.040162 0.0293414 -0.0587208 -0.132702
39.7 -3.52332e-05 0.0154844 -0.0792255 -0.115187 -0.0700669
39.8 -0.000457181 -0.0277405 -0.137606 -0.0604757 -0.0512465
39.9 -0.000798927 -0.129593 0.0137696 -0.0417779 -0.0593399
40 0 0.0150797 -0.00944621 -0.0240876 -0.0416841
