0.1 0 -0.0363482 -0.0532782 -0.0609255 -0.0638683
0.2 0 0.0149243 -0.00104916 -0.0176056 -0.0266441
0.3 0 0.0111511 0.0343599 0.0420543 0.042113
0.4 0 0.0144935 0.0369686 0.0698954 0.0909546
0.5 0 0.0298272 0.0397346 0.0452407 0.0525736
0.6 0 -0.0346474 -0.0427933 -0.0617218 -0.080858
0.7 0 0.0107562 -0.017949 -0.0292744 -0.0323765
0.8 0 -0.097028 -0.120845 -0.133421 -0.132021
0.9 0 0.182869 0.226284 0.234862 0.225649
1 0 -0.00899574 0.0985484 0.176152 0.216473
1.1 0 -0.200364 -0.310428 -0.307998 -0.279058
1.2 0 -0.165182 -0.431668 -0.669273 -0.800335
1.3 0 0.169859 0.20781 0.101054 -0.00713494
1.4 0 0.687521 1.24138 1.6889 1.93644
1.5 0 -0.362665 -0.0827275 0.35371 0.658903
1.6 0 -0.151257 -0.638626 -0.992119 -1.22663
1.7 0 0.0564471 -0.266115 -0.76828 -1.03254
1.8 0 0.418376 0.576578 0.571265 0.507936
1.9 0 -0.493453 -0.275701 0.276846 0.617556
2 0 -1.38802 -1.76553 -1.9336 -1.86761
2.1 0 0.780746 0.26984 -0.592152 -1.21048
2.2 0 1.37045 1.6849 1.61168 1.40922
2.3 0 -1.24567 -0.234364 0.58338 1.09189
2.4 0 0.875804 0.361684 1.48034 2.39455
2.5 0 0.183972 0.465552 0.0273317 -0.14578
2.6 0 -0.507611 -0.342036 -1.48846 -2.30012
2.7 0 -0.296825 -1.50965 -1.22008 -1.66206
2.8 0 -0.102632 0.167853 0.156533 0.567544
2.9 0 -0.118101 0.637622 0.308928 0.858125
3 0 0.693898 0.133746 1.12064 0.592459
3.1 0 -0.294813 -0.0115537 -0.296828 -0.122831
3.2 0 -0.704221 -0.716576 -1.38806 -1.10287
3.3 0 1.68922 1.11897 1.60036 0.995392
3.4 0 -1.20312 -0.14697 -0.0336228 0.0496478
3.5 0 -0.185056 -0.449481 -0.416846 0.349366
3.6 0 0.436781 -0.714875 -0.625892 -0.882453
3.7 0 0.897948 2.32007 1.5749 0.963066
3.8 0 -0.785007 -0.547916 0.233427 0.150192
3.9 0 0.012799 -1.19747 -0.445557 0.731187
4 0 -0.805457 -0.434223 -1.70197 -1.56418
4.1 0 0.709602 0.722379 0.180187 -1.49186
4.2 0 0.548814 0.208344 0.946605 0.763655
4.3 0 -1.83374 -1.14567 -1.17233 -0.0709535
4.4 0 0.0380727 -1.07696 -1.07229 -0.413995
4.5 0 0.951876 0.96561 0.529652 -0.756558
4.6 0 0.573874 1.28306 1.21495 0.488604
4.7 0 -0.498072 -0.0740394 0.17754 1.41822
4.8 0 1.08638 0.810573 2.09988 3.2179
4.9 0 -1.03211 -0.545009 -0.660892 -0.932734
5 0 -0.106282 0.189359 -0.520264 -1.61031
5.1 0 1.18591 -0.296084 -0.833851 -1.13584
5.2 0 -0.344082 0.160666 0.0572548 0.215967
5.3 0 -1.9737 -1.22107 -0.62321 -0.168773
5.4 0 1.79256 0.510506 0.998452 1.34351
5.5 0 0.37717 1.16812 0.41935 0.209298
5.6 0 -1.18537 -0.38656 -0.4818 -0.900643
5.7 0 -0.0339891 -1.94604 -1.06583 -1.02269
5.8 0 -0.0494868 0.508147 -0.680833 -0.343387
5.9 0 0.11094 0.703073 0.41273 -0.0907488
6 0 -0.20797 -0.803957 -0.0199184 -0.290491
6.1 0 0.81007 0.491232 0.904799 1.14847
6.2 0 -0.978673 0.356458 -0.705718 0.33196
6.3 0 1.98515 1.50553 2.86215 1.77162
6.4 0 0.856775 1.44582 1.38358 1.87267
6.5 0 -3.12963 -2.09098 -1.88743 -1.01986
6.6 0 -0.29461 -2.93069 -3.20029 -2.69798
6.7 0 1.56524 1.09092 -0.634465 -2.12406
6.8 0 0.33919 1.42303 1.63957 -0.395106
6.9 0 -1.33083 -0.219908 0.801147 0.74433
7 0 0.800509 -0.405732 0.306181 2.76289
7.1 0 -1.00392 -1.11018 -2.08704 -0.330238
7.2 0 1.00595 1.30933 1.00248 0.395857
7.3 0 0.600445 1.24889 2.24693 -0.591143
7.4 0 0.638761 0.989119 1.261 0.931027
7.5 0 -1.98316 -2.07229 -2.77248 -0.783499
7.6 0 0.611988 -0.867784 -1.01932 0.523617
7.7 0 0.179275 0.205226 0.375817 -0.434657
7.8 0 -1.05269 0.300143 0.319564 -1.94968
7.9 0 -0.0632009 -0.941848 -1.2819 -1.39902
8 0 2.8393 1.96373 1.50714 2.45547
8.1 0 -2.40353 -0.738309 -0.549034 -0.0184723
8.2 0 -0.418338 -0.581635 1.14119 1.1097
8.3 0 1.17934 0.282604 -0.226476 0.381127
8.4 0 0.633464 1.42211 -0.390717 0.235221
8.5 0 -0.62774 -0.47059 0.863943 -1.00536
8.6 0 -0.751576 -0.967418 -0.137273 -0.875353
8.7 0 0.0505805 -0.607774 -2.19027 -0.529572
8.8 0 0.902442 0.911955 0.425483 0.767005
8.9 0 -0.0429713 0.415185 1.74875 0.501695
9 0 -0.898006 -0.381754 0.0551901 -0.0943222
9.1 0 1.11471 0.92219 0.273296 1.29834
9.2 0 0.664418 0.466218 0.182544 0.928386
9.3 0 -2.14772 -1.6835 -0.910033 -1.60865
9.4 0 0.414876 -0.779044 -0.748317 -1.16423
9.5 0 2.50676 3.27159 1.72043 1.63662
9.6 0 -3.82328 -3.43814 -2.32538 -2.70418
9.7 0 1.61709 -0.241935 0.427457 0.514199
9.8 0 2.62949 4.3785 2.50528 3.35159
9.9 0 -3.17949 -1.52066 -0.531445 -0.915426
10 0 -1.04817 -4.55218 -2.294 -2.33283
10.1 0 2.3351 2.8116 -0.855617 0.559838
10.2 0 -0.91345 -0.323931 0.222718 -2.4732
10.3 0 1.03039 2.02131 2.74649 1.9048
10.4 0 -0.318114 -0.992897 -0.0010287 1.09463
10.5 0 -3.23231 -3.79132 -5.06972 -1.87334
10.6 0 1.82292 0.286957 0.0250614 -0.349248
10.7 0 0.489059 2.16194 2.40292 -1.16888
10.8 0 2.47 3.53574 4.30919 2.6729
10.9 0 -2.8302 -2.5757 -2.37609 -0.443349
11 0 1.27392 0.603827 -0.203091 2.76207
11.1 0 -0.161601 -0.912591 -0.297734 -0.342837
11.2 0 3.55477 4.38971 4.2125 4.23705
11.3 0 -2.47648 0.9091 1.35459 1.02952
11.4 0 -2.74086 -5.19029 -2.46949 -3.42989
11.5 0 1.17602 -1.89728 -2.90356 -2.75574
11.6 0 -0.968622 0.825086 -2.96713 -3.28483
11.7 0 -1.21987 -2.46063 -2.25188 -3.40515
11.8 0 4.95994 3.92937 3.14061 3.34004
11.9 0 1.63229 5.34002 3.99776 4.78305
12 0 -5.64807 -4.47506 1.47334 -0.331918
12.1 0 -1.25079 -2.63764 -1.44784 -0.0150791
12.2 0 4.29048 0.146744 -0.477045 2.32725
12.3 0 -1.137 1.96804 -4.07547 -1.15291
12.4 0 -0.685672 0.481464 1.56848 -1.81296
12.5 0 -5.58051 -7.43296 -5.39681 -8.73569
12.6 0 2.51265 -2.11458 -2.43399 -2.76398
12.7 0 1.37343 5.54433 1.58555 0.984054
12.8 0 4.47767 5.01539 7.333 4.81843
12.9 0 -1.00218 1.8576 3.0674 3.86505
13 0 -2.62637 -5.11979 -1.43069 -0.637325
13.1 0 0.365547 0.111407 -1.46382 1.81884
13.2 0 -2.21123 -3.51821 -5.98568 -2.69193
13.3 0 10.9247 13.5451 12.1918 11.8549
13.4 0 3.24905 3.41074 5.12272 4.11432
13.5 0 -17.5163 -13.5232 -10.3574 -11.9014
13.6 0 3.77296 0.277447 2.78891 2.83745
13.7 0 7.13204 1.8144 1.70441 3.88367
13.8 0 -4.94626 -1.00892 -6.95649 -4.4145
13.9 0 -2.38331 0.57507 -2.09432 -2.97051
14 0 8.84189 4.76874 8.75941 5.41357
14.1 0 -5.08863 -5.78571 -2.48366 -5.45623
14.2 0 -4.41771 -0.0502886 -3.94431 -1.8313
14.3 0 -4.01753 -8.39523 -10.2336 -7.95231
14.4 0 9.65873 7.46834 8.92509 5.76054
14.5 0 -1.80818 -0.0800023 -1.76973 -2.46491
14.6 0 1.97268 6.09972 3.99611 3.73289
14.7 0 -1.05207 -0.143991 2.64403 0.643285
14.8 0 -1.9715 -5.03138 0.542377 -1.79508
14.9 0 3.51603 2.44764 2.59057 4.60102
15 0 -0.113691 2.44689 -0.420177 2.9503
15.1 0 -6.37607 -4.94854 -6.89333 -3.12183
15.2 0 -2.83862 -9.05043 -8.07092 -5.96621
15.3 0 2.63763 1.11454 -0.196984 0.840796
15.4 0 5.47973 8.07281 5.75173 4.57806
15.5 0 3.41221 9.40239 8.38911 4.09536
15.6 0 1.45376 2.08308 7.37414 1.62137
15.7 0 -1.61228 -2.92948 1.50507 0.223017
15.8 0 -6.79136 -9.60109 -8.38815 -6.09275
15.9 0 2.08515 1.6017 -1.89738 3.08508
16 0 2.4507 2.76275 -0.647492 3.52324
16.1 0 -2.41397 -2.23214 -4.19103 -2.50854
16.2 0 -0.33334 -1.48024 1.57304 -0.400469
16.3 0 -2.71777 -2.52813 -1.6076 -4.72618
16.4 0 -0.507144 1.3082 -1.32994 -2.51047
16.5 0 2.79795 2.01789 2.4594 0.207891
16.6 0 4.37926 2.66085 3.27532 3.28048
16.7 0 3.95019 4.6854 4.50882 4.55685
16.8 0 -10.1986 -6.6888 -6.83091 -6.74286
16.9 0 -3.65678 -7.34172 -5.97384 -5.72834
17 0 3.87398 2.84072 1.94248 2.78882
17.1 0 -2.02529 -1.40116 -3.12352 -2.31097
17.2 0 3.30529 3.33327 3.14232 2.95802
17.3 0 -3.38663 -2.83948 -3.28848 -3.54799
17.4 0 5.4776 5.49132 4.67335 4.34882
17.5 0 0.839154 2.16278 1.03564 0.617097
17.6 0 -3.84219 -4.25631 -1.32962 -3.26255
17.7 0 -1.0522 -3.01296 0.821643 -1.60174
17.8 0 -1.37235 -1.0776 -2.17448 -0.930187
17.9 0 0.628836 1.46363 -2.13951 0.18421
18 0 1.41015 0.711169 -0.852499 0.39991
18.1 0 0.363703 1.15651 1.94889 1.48173
18.2 0 3.55297 4.05407 5.08741 4.87227
18.3 0 -2.55819 -1.77133 -0.780503 -0.398392
18.4 0 0.505153 -1.05523 0.748236 1.27122
18.5 0 0.448958 1.31288 -0.0501329 1.36762
18.6 0 -2.30318 -1.67451 -1.615 -2.88559
18.7 0 -1.60123 -3.03788 -1.89703 -3.08088
18.8 0 1.65865 2.45335 0.534323 2.35244
18.9 0 3.65016 3.78659 4.8697 4.55375
19 0 2.61547 3.45157 5.20673 4.41478
19.1 0 0.0718641 0.14439 -0.361783 0.826006
19.2 0 -1.92988 -1.90883 -1.87468 -1.73203
19.3 0 -2.60814 -2.89424 -2.73735 -2.58305
19.4 0 -0.0898284 -0.857068 -0.517133 -0.350682
19.5 0 -1.12717 -2.11236 -1.88433 -1.70252
19.6 0 -0.356095 0.267684 -1.19302 -0.488314
19.7 0 4.66564 5.86688 3.39316 4.52625
19.8 0 4.22182 3.75375 4.27597 4.02715
19.9 0 1.61669 0.8152 2.87022 0.570805
20 0 -0.677824 1.16187 2.83626 0.7513
20.1 0 -7.17802 -6.51133 -6.61789 -6.4974
20.2 0 0.423534 1.36744 0.333413 2.27902
20.3 0 -1.00636 -3.84064 -2.63457 -1.25547
20.4 0 0.608632 -2.32904 -0.462478 -0.366989
20.5 0 -3.3543 0.0727976 -3.65219 -2.42123
20.6 0 1.42921 2.78212 -1.04857 0.304875
20.7 0 5.34715 1.03093 3.48941 2.45717
20.8 0 -1.81111 -1.08293 0.326338 -2.83046
20.9 0 -5.37698 -1.52908 -0.559478 -3.45999
21 0 2.56637 1.40409 1.07785 1.50889
21.1 0 4.72731 1.18993 0.59683 2.11572
21.2 0 -1.53666 2.64935 -0.205135 1.37507
21.3 0 1.94136 0.290691 2.88981 2.56749
21.4 0 -1.59839 -3.62424 -1.23739 -1.45054
21.5 0 -2.00617 1.85748 -2.08818 -0.226477
21.6 0 -0.058954 -1.06208 -0.636652 -1.68252
21.7 0 -0.92243 -2.9415 -0.380615 -2.43976
21.8 0 -1.50241 -0.302737 -2.19593 -1.77444
21.9 0 0.128831 -0.514038 -2.6748 -1.663
22 0 -1.93956 -2.08832 -1.29582 -2.893
22.1 0 -0.0176273 -0.170446 -0.0715115 -0.21208
22.2 0 -0.199397 -0.334814 -0.224098 -0.371515
22.3 0 1.2193 1.12636 1.2298 1.08317
22.4 0 -2.56228 -2.60036 -2.51866 -2.65758
22.5 0 0.749552 0.838157 0.849752 0.723863
22.6 0 -0.728441 -0.172624 -0.40504 -0.516455
22.7 0 -0.091561 0.398636 0.460698 0.183454
22.8 0 4.42983 2.64068 3.66853 2.88638
22.9 0 0.562884 0.599208 1.20055 0.045629
23 0 -1.35548 -0.329355 -1.35683 -0.399746
23.1 0 -1.22226 -0.0771637 -0.806286 -0.0822326
23.2 0 0.32547 -0.254642 0.212757 0.794973
23.3 0 -1.27308 -1.81458 -1.65641 -0.539373
23.4 0 1.70976 2.54202 1.93812 3.15062
23.5 0 0.50181 0.378845 0.818424 0.393608
23.6 0 1.96657 1.27589 2.29402 1.61066
23.7 0 -0.850941 -0.173057 0.315313 -0.21236
23.8 0 2.22183 2.96442 2.60793 3.0128
23.9 0 0.80526 0.818911 0.77401 1.26754
24 0 0.594931 0.0873573 0.315017 0.79579
24.1 0 0.471321 -0.18134 0.294753 0.429974
24.2 0 0.280935 0.606495 0.878127 1.02162
24.3 0 -2.98295 -1.30066 -0.870767 -0.709812
24.4 0 -1.42078 -1.84112 -1.41017 -0.622671
24.5 0 -1.22776 -1.64444 -2.86228 -1.10036
24.6 0 0.948152 0.063507 -1.04382 0.57684
24.7 0 -1.38677 -2.24988 -2.27111 -2.78001
24.8 0 -0.967211 -1.21481 -1.13355 -2.03979
24.9 0 1.09065 0.170353 -0.11411 -1.21793
25 0 0.29046 1.61233 0.70605 -1.47318
25.1 0 0.683964 1.83269 2.0156 -0.7521
25.2 0 0.139583 -0.288534 0.868962 -0.655857
25.3 0 -0.522541 -1.04728 0.064254 -1.27185
25.4 0 1.86295 2.63737 2.32112 1.64761
25.5 0 2.71529 3.30791 1.39435 3.37939
25.6 0 -2.10561 -2.64924 -2.81875 -1.415
25.7 0 0.226691 -0.0207751 0.299405 2.2933
25.8 0 -2.87366 -2.88941 -2.32705 -0.287769
25.9 0 -0.947416 -1.3135 0.160351 -0.0570018
26 0 0.660384 0.118886 0.562095 0.5742
26.1 0 0.715729 0.792267 0.440004 0.643542
26.2 0 -0.843915 0.0785705 -1.23587 -0.717181
26.3 0 0.408381 0.782497 0.111275 0.333766
26.4 0 0.0542157 -0.480927 -0.214036 -0.464763
26.5 0 0.437934 -0.161295 1.16885 -0.912617
26.6 0 0.495067 0.615596 1.09721 -0.532112
26.7 0 1.15998 2.08097 0.486036 1.2314
26.8 0 -0.0378151 0.287161 -0.407964 0.345558
26.9 0 0.549174 0.0817131 0.342315 0.718488
27 0 0.26984 -0.521782 0.313333 0.301794
27.1 0 -0.0497589 -0.212793 0.30875 0.288066
27.2 0 -0.225725 0.399001 0.267341 0.433152
27.3 0 -0.530096 0.334948 0.106726 0.378166
27.4 0 -0.976634 0.0172387 0.117093 0.247387
27.5 0 0.0835588 -1.17946 0.184525 -0.0829168
27.6 0 0.279683 -0.275045 -0.501137 -0.485061
27.7 0 0.208341 -0.0186495 -0.599903 -0.578601
27.8 0 -0.186026 0.273333 -0.549891 -0.579522
27.9 0 -0.0124505 -0.0179958 -0.506919 -0.546835
28 0 -0.101285 -0.394155 -0.27175 -0.575171
28.1 0 -0.217879 -0.32662 -0.23304 -0.538661
