0.1 -119394 -55610.3 -25119.2 -9666.19
0.2 -264395 -198450 -120323 -55063.3
0.3 -553741 -396416 -268768 -135958
0.4 -1.57959e+06 -982255 -577717 -272550
0.5 -860796 -1.19519e+06 -914040 -467820
0.6 3.03926e+06 1.37363e+06 326719 -20013.6
0.7 6.48972e+06 5.53518e+06 3.78195e+06 1.8377e+06
0.8 -1.07626e+06 2.84083e+06 3.79541e+06 2.50694e+06
0.9 -1.98186e+07 -1.28139e+07 -6.95006e+06 -2.84962e+06
1 -2.11949e+07 -2.40029e+07 -1.95072e+07 -1.07478e+07
1.1 -864063 -6.90858e+06 -9.9262e+06 -6.94706e+06
1.2 2.81908e+07 2.58166e+07 2.01133e+07 1.07766e+07
1.3 6.17981e+07 5.00335e+07 3.80905e+07 2.13746e+07
1.4 5.83193e+07 5.04943e+07 3.30835e+07 1.57971e+07
1.5 -1.16924e+07 2.74413e+06 7.68666e+06 4.74995e+06
1.6 -4.45933e+07 -5.151e+07 -3.56195e+07 -1.58132e+07
1.7 -2.61769e+07 -3.5541e+07 -4.11134e+07 -2.57002e+07
1.8 -4.34483e+06 9.30754e+06 1.04851e+07 -260414
1.9 2.62665e+07 2.64417e+07 3.29424e+07 2.68821e+07
2 3.33704e+07 2.75438e+07 1.26152e+07 9.99906e+06
2.1 -179302 1.4481e+06 -1.28539e+06 -1.30328e+07
2.2 -2.53172e+07 -2.83871e+07 -1.68959e+07 -1.25811e+06
2.3 -2.21275e+07 -1.84298e+07 -1.68417e+07 -5.76711e+06
2.4 5.39026e+06 5.02517e+06 2.78914e+06 -1.08442e+07
2.5 1.77752e+07 1.51451e+07 1.13033e+07 1.48846e+07
2.6 1.14945e+07 1.47685e+07 1.645e+07 1.30006e+07
2.7 1.56974e+07 9.40013e+06 4.49646e+06 -7.60411e+06
2.8 1.89781e+07 6.22645e+06 -6.6166e+06 99217
2.9 9.49523e+06 1.09461e+07 1.57872e+07 8.33684e+06
3 1.12375e+07 1.66793e+07 1.62241e+07 8.52096e+06
3.1 3.38972e+07 1.47618e+07 -325121 1.22341e+06
3.2 3.99864e+07 2.58899e+07 1.73283e+07 2.57056e+06
3.3 2.75367e+07 3.6832e+07 3.13343e+07 2.01023e+07
3.4 3.52192e+07 2.1831e+07 1.73918e+07 1.44349e+07
3.5 1.22499e+07 7.70551e+06 -8440.91 -7.56963e+06
3.6 -4.75047e+07 -2.45238e+07 -1.55451e+07 -7.92121e+06
3.7 -6.54447e+07 -5.80525e+07 -3.36223e+07 -8.76572e+06
3.8 -7.28582e+07 -5.99867e+07 -4.36151e+07 -2.7785e+07
3.9 -7.80701e+07 -5.45021e+07 -4.47808e+07 -2.78854e+07
4 -5.6539e+07 -5.38485e+07 -3.03338e+07 -6.22868e+06
4.1 -1.22096e+07 -1.01907e+07 -6.89173e+06 -7.95455e+06
4.2 2.37382e+07 2.54198e+07 8.24656e+06 -504912
4.3 2.53581e+07 2.39976e+07 2.81858e+07 2.04643e+07
4.4 8.37949e+06 1.09526e+07 1.42693e+07 1.24137e+07
4.5 5.81537e+07 2.38963e+07 -2.35025e+06 -9.13373e+06
4.6 6.46039e+07 5.04028e+07 3.00529e+07 6.29189e+06
4.7 3.83968e+07 4.89827e+07 4.63173e+07 3.46006e+07
4.8 4.7173e+07 2.90919e+07 3.25488e+07 2.59267e+07
4.9 2.30289e+07 2.27652e+07 17127.5 -8.31798e+06
5 -1.05222e+07 -1.07113e+07 -9.63561e+06 -1.75358e+07
5.1 -1.5403e+07 -2.98768e+07 -1.62702e+07 8.0606e+06
5.2 -1.70362e+07 1.20381e+06 -1.08064e+06 -1.64738e+06
5.3 -2.64813e+07 -6.34018e+06 971178 -1.21795e+07
5.4 -2.65809e+07 -3.99282e+07 -2.75572e+07 597271
5.5 -1.37551e+07 -1.75076e+07 -2.18431e+07 -1.41853e+07
5.6 -5.00292e+07 -7.99102e+06 1.77087e+06 -1.394e+07
5.7 -7.53954e+07 -6.12006e+07 -2.79543e+07 6.65811e+06
5.8 -178029 -4.52962e+07 -4.61698e+07 -2.22105e+07
5.9 7.64735e+07 5.71167e+07 8.15358e+06 -2.87737e+07
6 8.40522e+07 7.57771e+07 6.17395e+07 4.07868e+07
6.1 1.23822e+07 5.8039e+07 7.30036e+07 4.77026e+07
6.2 -3.33566e+07 -5.57781e+06 1.30917e+07 2.81829e+07
6.3 -7.57522e+07 -7.26919e+07 -3.78827e+07 -5.99294e+06
6.4 -9.24244e+07 -8.3356e+07 -7.08965e+07 -4.77045e+07
6.5 -9.51383e+07 -8.43651e+07 -8.20971e+07 -4.77131e+07
6.6 -6.83349e+07 -7.27916e+07 -5.17485e+07 -4.7716e+07
6.7 -3.63459e+07 -2.16787e+07 -1.91466e+07 -1.15132e+07
6.8 -9.3508e+06 -1.16645e+07 -1.39178e+07 -9.73333e+06
6.9 2.89772e+07 2.35899e+06 -7.14325e+06 -7.68426e+06
7 7.80983e+07 4.65858e+07 2.15012e+07 8.73328e+06
7.1 9.23315e+07 9.05163e+07 7.40817e+07 4.19357e+07
7.2 1.05995e+07 8.0515e+07 8.32161e+07 4.77067e+07
7.3 -6.29231e+07 -1.82199e+07 1.4282e+07 4.04323e+07
7.4 -8.4954e+07 -9.84153e+07 -2.50223e+07 6.28602e+06
7.5 -1.16477e+06 -5.40015e+07 -8.34775e+07 -2.44274e+07
7.6 1.09001e+08 2.57775e+07 -3.34867e+07 -4.77298e+07
7.7 1.19259e+08 1.07322e+08 2.42502e+07 -4.77373e+07
7.8 5.06319e+07 9.51262e+07 8.34812e+07 -9.76589e+06
7.9 1.84911e+07 9.5504e+06 4.55564e+07 1.87046e+07
8 -8.10772e+06 -1.79889e+07 -931830 4.77267e+07
8.1 -6.55982e+07 -2.53855e+07 -2.80719e+07 4.7739e+07
8.2 -3.53233e+07 -3.36238e+07 -5.8759e+06 1.12077e+07
8.3 3.95672e+07 -1.07143e+07 2.08346e+07 9.3886e+06
8.4 1.19313e+08 8.07196e+07 2.32585e+07 4.07852e+06
8.5 1.19408e+08 1.07343e+08 3.37479e+07 -1.72844e+07
8.6 1.19451e+08 1.07345e+08 7.99833e+07 -9.92624e+06
8.7 2.72207e+07 2.64411e+07 3.12419e+07 1.56417e+07
8.8 2.13974e+07 2.28515e+07 1.04669e+07 2.03934e+07
8.9 2.0026e+07 1.14985e+07 5.99918e+06 4.7739e+07
9 3.39093e+07 5.03763e+06 2.18585e+07 1.56504e+07
9.1 3.39918e+07 2.35364e+07 2.78712e+07 1.12444e+07
9.2 2.54709e+07 3.80786e+07 1.7164e+07 1.05695e+07
9.3 1.91733e+07 3.72345e+07 1.8044e+07 9.91453e+06
9.4 -2.47178e+07 1.01571e+07 2.16177e+07 9.27756e+06
9.5 -8.6961e+07 -5.18387e+07 8.55211e+06 8.65771e+06
9.6 -1.19257e+08 -1.06311e+08 -5.57217e+07 4.14245e+06
9.7 -1.19276e+08 -1.02012e+08 -8.34916e+07 -1.81782e+07
9.8 -1.11873e+08 -8.31841e+07 -8.34958e+07 -4.54927e+07
9.9 -5.61247e+07 -7.20122e+07 -3.59955e+07 -4.77586e+07
10 -2.38455e+07 -1.9691e+07 -4.21724e+07 -4.77701e+07
10.1 3.37313e+07 -1.13893e+07 -3.68052e+07 -3.93172e+07
10.2 4.07549e+07 1.40933e+07 -1.82376e+07 -1.14328e+07
10.3 4.27014e+07 2.67556e+07 -1.94191e+06 -1.05902e+07
10.4 4.3167e+07 3.38139e+07 5.59472e+07 -9.3274e+06
10.5 4.48415e+07 4.677e+07 4.05467e+07 -7.24464e+06
10.6 6.9986e+07 6.84712e+07 8.94226e+06 2.02642e+07
10.7 1.19453e+08 4.1213e+07 1.96312e+07 4.77422e+07
10.8 3.35934e+07 6.60928e+07 8.34814e+07 4.77573e+07
10.9 2.57705e+07 7.20913e+07 8.34861e+07 4.77654e+07
11 2.0736e+07 2.45648e+07 2.02887e+07 4.77669e+07
11.1 1.66613e+07 1.05225e+07 1.82537e+07 1.15753e+07
11.2 1.27329e+07 1.60525e+06 1.13513e+07 1.08332e+07
11.3 -1.16258e+06 -1.99491e+06 -3.22778e+06 9.98002e+06
11.4 -7.43224e+07 -2.01678e+07 -1.79149e+07 8.88006e+06
11.5 -1.10988e+08 -7.12805e+07 -1.89919e+07 -7.37638e+06
11.6 -1.19284e+08 -1.07324e+08 -3.17002e+07 -1.77138e+07
11.7 -1.10315e+08 -7.65215e+07 -8.11779e+07 -1.97653e+07
11.8 -2.92817e+07 -5.85348e+07 -8.3502e+07 -4.39787e+07
11.9 -2.85405e+07 -3.99291e+07 -2.00851e+07 -4.7788e+07
12 -3.57355e+07 -1.77159e+07 -1.95894e+07 -4.77961e+07
12.1 -2.95993e+07 -1.56829e+07 -3.16854e+07 -1.18081e+07
12.2 -2.52754e+07 -3.3346e+07 -2.37508e+07 -1.14377e+07
12.3 -2.22135e+07 -3.59256e+07 -1.99545e+07 -1.11126e+07
12.4 -2.67668e+07 -1.61499e+07 -1.90525e+07 -1.07916e+07
12.5 -2.48102e+07 -1.1827e+07 -1.75297e+07 -1.04616e+07
12.6 -2.49275e+07 -1.92442e+07 -1.44038e+07 -1.01111e+07
12.7 -1.85162e+07 -2.31035e+07 -6.46697e+06 -9.70558e+06
12.8 2.21826e+06 -1.19849e+07 -4.28163e+06 -9.19882e+06
12.9 5.42936e+06 1.85012e+07 -6.45161e+06 -8.58059e+06
13 -1.80731e+07 5.26689e+06 -698173 -7.86188e+06
13.1 -2.81274e+07 -2.56556e+07 3.39623e+06 -7.02793e+06
13.2 -1.89483e+07 -3.05731e+07 -1.54244e+07 1.75962e+07
13.3 1.92646e+07 -7.6978e+06 -1.66105e+07 1.79426e+07
13.4 1.43614e+07 2.54986e+07 1.5041e+07 1.17481e+07
13.5 -2.48741e+07 2.85957e+07 3.10495e+07 1.13095e+07
13.6 2.48882e+07 1.04239e+07 3.37883e+07 8.32234e+06
13.7 4.02008e+07 1.03384e+07 1.3509e+07 6.35465e+06
13.8 4.55448e+07 2.66998e+07 -1.01845e+07 3.58953e+06
13.9 2.9487e+07 3.27878e+07 737386 -8.1214e+06
14 2.58357e+07 1.86734e+07 2.00445e+07 -5.56104e+06
14.1 2.51071e+07 1.38126e+07 2.33019e+07 1.1405e+07
14.2 3.52492e+07 2.12274e+07 1.27352e+07 1.32816e+07
14.3 4.21138e+07 2.8918e+07 1.08601e+07 1.36328e+07
14.4 8.05147e+07 3.82028e+07 1.9192e+07 1.19893e+07
14.5 1.19485e+08 7.52958e+07 3.256e+07 1.1849e+07
14.6 1.19512e+08 1.07353e+08 8.3488e+07 1.23595e+07
14.7 1.19516e+08 1.07362e+08 7.83086e+07 1.41665e+07
14.8 3.09643e+07 5.38982e+07 1.98525e+07 1.7004e+07
14.9 2.81441e+07 2.2038e+07 1.87805e+07 2.58216e+07
15 2.61106e+07 8.95702e+06 2.29901e+07 4.38808e+07
15.1 2.55361e+07 2.92219e+06 2.4254e+07 1.54613e+07
15.2 4.0009e+07 2.45379e+07 1.87653e+07 1.16563e+07
15.3 7.23783e+07 3.79267e+07 1.33198e+07 1.13123e+07
15.4 2.93676e+07 5.07731e+07 1.85521e+07 1.09164e+07
15.5 2.8091e+07 3.70927e+07 2.91074e+07 1.05244e+07
15.6 4.72258e+07 2.46741e+07 3.30603e+07 1.02298e+07
15.7 1.19568e+08 3.44461e+07 2.04343e+07 1.00491e+07
15.8 1.19637e+08 1.07364e+08 2.49487e+07 9.932e+06
15.9 1.19706e+08 1.07373e+08 8.34899e+07 1.22788e+07
16 1.19777e+08 9.07444e+07 8.34911e+07 1.47428e+07
16.1 1.19822e+08 8.2799e+07 1.98289e+07 1.88328e+07
16.2 1.19847e+08 6.35959e+07 2.80573e+07 4.77709e+07
16.3 1.19867e+08 9.12321e+07 8.35012e+07 4.77756e+07
16.4 1.19867e+08 1.07381e+08 8.35153e+07 3.98424e+07
16.5 2.98298e+07 9.44372e+07 8.35179e+07 3.7529e+07
16.6 2.90675e+07 2.3738e+07 2.07437e+07 2.49176e+07
16.7 2.72683e+07 1.78767e+07 1.93863e+07 1.18027e+07
16.8 2.44135e+07 5.01585e+06 1.7639e+07 1.15312e+07
16.9 2.07707e+07 1.8364e+06 1.4985e+07 1.12176e+07
17 1.60975e+07 1.99832e+07 -623828 1.08115e+07
17.1 1.08817e+07 1.60655e+07 -2.02815e+07 1.01859e+07
17.2 -5.43607e+07 -2.33938e+07 1.39816e+07 9.31366e+06
17.3 -1.01096e+08 -5.65972e+07 1.06339e+07 8.34975e+06
17.4 -1.0318e+08 -7.85893e+07 -2.91585e+07 -1.64325e+07
17.5 8.98287e+06 -3.21235e+07 -8.02031e+07 -1.74236e+07
17.6 3.24431e+07 -1.6486e+07 -5.213e+07 -1.86206e+07
17.7 2.65638e+07 177690 -1.58586e+07 -3.00789e+07
17.8 -2.04766e+07 2.15028e+07 2.47672e+07 -4.00491e+07
17.9 -2.16753e+07 1.33535e+07 2.93396e+07 -1.17863e+07
18 2.66892e+07 -7.95686e+06 -1.31157e+06 -1.09288e+07
18.1 3.13872e+07 2.53326e+06 -2.98237e+07 -9.89183e+06
18.2 2.69946e+07 1.11662e+07 -3.02705e+07 -8.95617e+06
18.3 2.25624e+07 -66308.4 -5.94574e+06 -8.15033e+06
18.4 1.72064e+07 8.9015e+06 2.71364e+07 -3.04442e+06
18.5 8.4031e+06 2.15944e+07 2.89923e+07 1.75773e+07
18.6 -2.53776e+07 2.51859e+07 2.02043e+07 1.85335e+07
18.7 -2.18279e+07 5.50812e+06 1.61996e+07 2.12519e+07
18.8 1.79407e+07 -2.93993e+07 8.83402e+06 2.65146e+07
18.9 1.27436e+07 -1.55578e+06 -1.47745e+07 1.18517e+07
19 -3.9048e+07 1.92961e+07 -421038 1.1293e+07
19.1 -4.54853e+07 -1.72691e+07 1.69753e+07 1.04974e+07
19.2 -1.36837e+07 -3.2956e+07 1.21087e+07 9.63598e+06
19.3 2.74986e+07 -7.60499e+06 -1.90679e+07 -5.66175e+06
19.4 4.82056e+06 2.38811e+07 -2.56458e+07 -1.59745e+07
19.5 -6.2791e+07 2.11419e+06 -1.01119e+07 -1.6708e+07
19.6 -1.19319e+08 -9.4465e+07 1.04252e+06 -1.7121e+07
19.7 -1.19383e+08 -1.07332e+08 -3.02496e+07 -1.72041e+07
19.8 -1.19425e+08 -5.86436e+07 -8.35201e+07 -1.72982e+07
19.9 -2.94666e+07 -8.21173e+07 -8.35376e+07 -1.78235e+07
20 -2.74631e+07 -4.12634e+07 -2.17477e+07 -1.8713e+07
20.1 -1.85466e+07 -1.50081e+07 -1.99419e+07 -2.51114e+07
20.2 3.66663e+07 1.90661e+07 -1.89453e+07 -3.07821e+07
20.3 3.79149e+07 2.38311e+07 -1.68729e+07 -1.35085e+07
20.4 3.853e+07 1.2579e+07 -9.74183e+06 -1.16833e+07
20.5 2.94698e+07 1.13191e+07 3.19426e+07 -1.11652e+07
20.6 2.70692e+07 2.31211e+07 3.33548e+07 -1.01611e+07
20.7 2.49751e+07 3.44678e+07 1.99186e+07 -8.63492e+06
20.8 2.43674e+07 3.62089e+07 1.34644e+07 1.69562e+07
20.9 3.01697e+07 2.48356e+07 8.78908e+06 1.84919e+07
21 3.09983e+07 1.56462e+07 1.63197e+07 2.66083e+07
21.1 3.12623e+07 1.16359e+07 2.43591e+07 3.56156e+07
21.2 2.71726e+07 2.45687e+07 2.70162e+07 3.60542e+07
21.3 -3.23576e+07 2.82951e+07 2.9289e+07 1.16455e+07
21.4 -4.37444e+07 1.047e+07 2.93585e+07 1.12433e+07
21.5 -4.42707e+07 -3.55939e+07 1.87702e+07 1.09153e+07
21.6 -2.81988e+07 -5.91926e+07 -2.4251e+07 1.04813e+07
21.7 2.09989e+07 -1.2356e+07 -3.1472e+07 9.66208e+06
21.8 3.48931e+07 2.67978e+07 -3.22737e+07 713548
21.9 3.66968e+07 2.98168e+07 -1.73503e+07 -1.69583e+07
22 3.7965e+07 1.35157e+07 2.69288e+07 -1.81713e+07
22.1 3.85711e+07 1.77267e+07 3.27272e+07 -1.86934e+07
22.2 3.91562e+07 3.10037e+07 2.05427e+07 -1.16912e+07
22.3 4.03065e+07 3.66101e+07 1.66381e+07 -1.07688e+07
22.4 4.22486e+07 3.8311e+07 -3.36506e+06 -9.44003e+06
22.5 4.42545e+07 2.49149e+07 -8.93731e+06 1.01449e+07
22.6 4.50299e+07 2.04485e+07 2.05023e+07 1.68814e+07
22.7 2.95875e+07 1.63877e+07 2.80166e+07 1.76882e+07
22.8 3.00096e+07 2.80819e+07 2.99416e+07 1.8323e+07
22.9 3.10911e+07 3.19765e+07 3.01524e+07 1.8819e+07
23 3.1161e+07 3.42336e+07 2.07936e+07 1.97275e+07
23.1 3.15759e+07 3.17769e+07 2.16651e+07 2.0949e+07
23.2 3.22324e+07 2.57237e+07 2.37522e+07 1.18434e+07
23.3 2.96836e+07 2.46745e+07 2.42691e+07 1.16756e+07
23.4 2.93118e+07 2.42418e+07 2.04708e+07 1.15167e+07
23.5 2.90495e+07 2.41182e+07 1.96939e+07 1.13459e+07
23.6 2.85334e+07 2.4057e+07 1.8756e+07 1.11487e+07
23.7 2.76265e+07 2.38344e+07 1.66446e+07 1.0917e+07
23.8 2.61497e+07 2.30455e+07 1.17713e+07 1.06279e+07
23.9 2.39298e+07 1.83164e+07 9.90972e+06 1.02498e+07
24 2.12694e+07 1.33255e+07 1.39868e+07 9.784e+06
24.1 1.85676e+07 1.11674e+07 1.19324e+07 9.26074e+06
24.2 9.40188e+06 1.1824e+07 7.98183e+06 -6.01954e+06
24.3 -4.71092e+07 4.19617e+06 -3.92221e+06 -1.52377e+07
24.4 -8.05614e+07 -4.71739e+07 -2.07289e+07 -1.43298e+07
24.5 -1.14156e+08 -1.07338e+08 -2.95606e+07 -9.22373e+06
24.6 -1.19474e+08 -1.00701e+08 -4.24232e+07 -9.94554e+06
24.7 -1.19502e+08 -4.59252e+07 -8.35464e+07 -1.25535e+07
24.8 -3.10158e+07 -1.04803e+08 -8.35511e+07 -1.40681e+07
24.9 -2.9555e+07 -3.50402e+07 -1.98031e+07 -1.62532e+07
25 -2.92449e+07 -1.4736e+07 -1.79873e+07 -1.83508e+07
25.1 -2.83163e+07 2.95797e+06 -1.6296e+07 -3.01481e+07
25.2 -2.68143e+07 -1.69831e+07 -1.48477e+07 -3.86658e+07
25.3 -2.51197e+07 -2.93517e+07 -1.41351e+07 -1.18113e+07
25.4 -1.7397e+07 -3.17008e+07 -1.58574e+07 -1.13866e+07
25.5 2.04405e+07 -1.27763e+07 -2.12232e+07 -1.09238e+07
25.6 -1.99186e+07 1.82202e+07 -1.98312e+07 -1.04659e+07
25.7 -3.40807e+07 -1.46761e+07 -9.1975e+06 -1.00005e+07
25.8 -3.4651e+07 -3.23081e+07 1.78975e+07 -9.40218e+06
25.9 -2.74838e+07 -3.15592e+07 -1.21747e+07 -8.59763e+06
26 -2.15087e+07 -1.36785e+07 -2.46483e+07 -7.74244e+06
26.1 -2.53398e+07 -1.08032e+07 -2.56047e+07 5.8976e+06
26.2 -2.03557e+07 -2.08041e+07 -1.7495e+07 1.681e+07
26.3 1.91107e+07 -1.81105e+07 1.29427e+07 7.16962e+06
26.4 2.77977e+07 2.08874e+07 2.23099e+07 -8.11591e+06
26.5 1.9597e+07 3.69555e+07 1.39929e+07 -2.37449e+06
26.6 2.38002e+07 3.87687e+07 1.28084e+07 1.2039e+07
26.7 3.20585e+07 2.49001e+07 1.81501e+07 1.30646e+07
26.8 3.43464e+07 1.89735e+07 2.4024e+07 1.32968e+07
26.9 3.53218e+07 1.78087e+07 2.41906e+07 1.3422e+07
27 3.54078e+07 2.91612e+07 1.79316e+07 1.34409e+07
27.1 3.57057e+07 3.16121e+07 1.55148e+07 1.18224e+07
27.2 3.61951e+07 3.2054e+07 1.79344e+07 1.15908e+07
27.3 3.4632e+07 2.62679e+07 2.16315e+07 1.00522e+07
27.4 2.89346e+07 2.55312e+07 2.2853e+07 5.76707e+06
27.5 2.7416e+07 2.48712e+07 1.79239e+07 2.77537e+06
27.6 2.57113e+07 2.18165e+07 1.27117e+07 7.24053e+06
27.7 2.41422e+07 1.69117e+07 8.5307e+06 8.79949e+06
27.8 2.26984e+07 1.18385e+07 4.08773e+06 7.54756e+06
27.9 1.09338e+07 8.18643e+06 1.01543e+07 656378
28 -1.89259e+07 2.02435e+06 3.92696e+06 -4.53917e+06
28.1 -3.03697e+07 -2.47914e+07 -1.22116e+07 244608
28.2 -3.99192e+07 -3.11327e+07 -1.71705e+07 -4.39096e+06
28.3 -4.1472e+07 -3.451e+07 -2.20017e+07 -9.15706e+06
28.4 -2.9789e+07 -3.35491e+07 -2.44949e+07 -1.24463e+07
28.5 -2.71892e+07 -1.8623e+07 -2.48209e+07 -1.27055e+07
28.6 -2.25004e+07 -1.96146e+07 -2.03278e+07 -1.2914e+07
28.7 -1.90875e+07 -2.25968e+07 -1.57733e+07 -1.3005e+07
28.8 -1.05717e+07 -1.85414e+07 -1.13251e+07 -1.18249e+07
28.9 -2.06024e+06 -1.14791e+07 -9.40756e+06 -1.1475e+07
29 1.16467e+07 1.79163e+07 -6.62899e+06 -6.1762e+06
29.1 2.23002e+07 1.96389e+07 1.70549e+07 1.29684e+07
29.2 2.55755e+07 1.78801e+07 2.38755e+07 1.40244e+07
29.3 2.98238e+07 2.31562e+07 2.57743e+07 1.43718e+07
29.4 3.2827e+07 2.908e+07 1.74591e+07 1.45834e+07
29.5 2.9746e+07 3.21843e+07 1.74572e+07 1.45837e+07
29.6 2.90324e+07 2.2906e+07 2.0482e+07 1.17782e+07
29.7 2.63319e+07 2.12626e+07 2.18815e+07 1.15518e+07
29.8 1.63826e+07 2.07553e+07 1.86269e+07 1.1301e+07
29.9 -2.42213e+07 1.47065e+07 1.44497e+07 8.85131e+06
30 -3.54166e+07 -2.15653e+07 671714 -2.73506e+06
30.1 -2.98067e+07 -3.62824e+07 -2.26508e+07 -1.08043e+07
30.2 -2.00889e+07 -3.98166e+07 -2.75099e+07 -1.35527e+07
30.3 6.21605e+06 -1.76301e+07 -2.92606e+07 -1.37572e+07
30.4 4.18991e+06 -787887 -2.94085e+07 -1.39705e+07
30.5 -2.00133e+07 3.54845e+06 -1.88504e+07 -1.415e+07
30.6 -2.36817e+07 -2.43452e+07 -9.23195e+06 -1.41667e+07
30.7 -9.8451e+06 -2.93506e+07 1.65008e+07 -1.15109e+07
30.8 2.68419e+07 2.77877e+06 -1.11946e+07 -1.42106e+06
30.9 3.24459e+07 3.09083e+07 -1.15292e+07 1.39051e+07
31 3.34465e+07 3.65518e+07 2.26544e+07 1.41011e+07
31.1 3.44024e+07 2.76199e+07 3.05185e+07 1.18993e+07
31.2 3.49581e+07 3.24302e+07 3.80447e+07 1.20232e+07
31.3 3.50922e+07 3.72899e+07 3.91253e+07 1.24419e+07
31.4 2.92619e+07 3.75473e+07 2.01703e+07 1.30773e+07
31.5 2.79875e+07 2.52771e+07 1.92647e+07 1.36327e+07
31.6 2.70157e+07 1.7843e+07 1.84867e+07 1.39419e+07
31.7 2.67372e+07 1.4469e+07 1.75655e+07 1.39821e+07
31.8 2.65476e+07 2.04658e+07 1.08595e+07 1.17937e+07
31.9 2.54089e+07 2.12599e+07 7.09581e+06 1.14636e+07
32 -2.50199e+07 1.36941e+07 1.24311e+07 1.09498e+07
32.1 -4.33644e+07 -2.41322e+07 1.09936e+07 7.0067e+06
32.2 -6.52178e+07 -4.00888e+07 -1.64971e+07 -1.41189e+07
32.3 -1.09577e+08 -7.83773e+07 -2.67606e+07 -1.45902e+07
32.4 -1.10945e+08 -8.54898e+07 -3.25304e+07 -1.49771e+07
32.5 -2.89145e+07 -4.25374e+07 -8.35555e+07 -1.55492e+07
32.6 -2.70117e+07 -4.99503e+07 -8.35578e+07 -1.66851e+07
32.7 -2.54609e+07 -4.94316e+07 -1.87258e+07 -1.82615e+07
32.8 -2.4621e+07 -2.06886e+07 -1.59742e+07 -2.72025e+07
32.9 -1.94403e+07 -6.41852e+06 -1.42074e+07 -3.77966e+07
33 3.02367e+07 1.9333e+07 -1.27681e+07 -1.87352e+07
33.1 3.86228e+07 1.87133e+07 7.1899e+06 -1.15282e+07
33.2 3.96897e+07 2.17111e+07 2.76621e+07 -1.07481e+07
33.3 3.52008e+07 2.87221e+07 1.89602e+07 -9.5541e+06
33.4 2.88839e+07 3.39867e+07 8.71754e+06 -8.01943e+06
33.5 2.80244e+07 2.05425e+07 -4.13602e+06 1.73972e+07
33.6 2.60459e+07 1.1474e+07 1.54507e+07 1.8655e+07
33.7 -2.40627e+07 -54648.2 2.44998e+07 2.56189e+07
33.8 -4.13924e+07 -1.04693e+07 2.5268e+07 3.31296e+07
33.9 -4.41797e+07 -1.5408e+07 1.35444e+07 3.32095e+07
34 -4.54424e+07 -2.27138e+07 -1.31224e+07 1.14567e+07
34.1 -4.55835e+07 -2.86629e+07 -1.85212e+07 1.04756e+07
34.2 -2.97555e+07 -3.4597e+07 -1.58701e+07 9.12047e+06
34.3 -2.94867e+07 -2.7157e+07 -1.33205e+07 -1.62529e+07
34.4 -2.88393e+07 -1.65437e+07 -1.51419e+07 -1.7608e+07
34.5 -2.75553e+07 -1.52622e+07 -1.8475e+07 -1.86444e+07
34.6 -1.57545e+07 -2.09653e+07 -2.14869e+07 -2.31124e+07
34.7 3.52783e+07 -1.6907e+07 -2.2873e+07 -2.88735e+07
34.8 3.6256e+07 1.15213e+07 -2.16207e+07 -2.47961e+07
34.9 3.69542e+07 2.6155e+07 -1.25752e+07 -1.16588e+07
35 3.73515e+07 2.9113e+07 2.15553e+07 -1.10833e+07
35.1 2.92705e+07 2.91282e+07 2.90918e+07 -1.0101e+07
35.2 2.76046e+07 2.58907e+07 2.07089e+07 -8.63957e+06
35.3 2.58929e+07 2.06785e+07 1.44727e+07 1.68922e+07
35.4 1.26889e+07 1.70951e+07 7.14858e+06 1.83757e+07
35.5 -2.51868e+07 3.24825e+06 5.5205e+06 2.3665e+07
35.6 -3.25562e+07 -2.83275e+07 1.2684e+07 3.08394e+07
35.7 -2.30833e+07 -2.97591e+07 5.05659e+06 1.24417e+07
35.8 1.43779e+07 4.10537e+06 -1.39025e+07 1.15269e+07
35.9 3.26e+07 2.45124e+07 -3.31569e+06 1.07891e+07
36 3.47502e+07 2.94374e+07 2.43869e+07 9.85639e+06
36.1 3.70289e+07 3.22581e+07 2.96249e+07 8.9733e+06
36.2 3.93144e+07 3.5336e+07 3.10582e+07 -1.19433e+07
36.3 4.15281e+07 3.62014e+07 2.02509e+07 -1.3074e+07
36.4 4.39568e+07 3.12095e+07 1.87494e+07 1.08137e+07
36.5 4.65325e+07 2.65444e+07 9.94938e+06 1.34975e+07
36.6 5.41268e+07 2.70822e+07 7.58459e+06 1.39526e+07
36.7 5.45756e+07 2.90409e+07 1.69711e+07 1.3984e+07
36.8 2.84316e+07 3.21407e+07 2.50612e+07 1.17873e+07
36.9 2.58297e+07 3.38184e+07 2.71742e+07 1.16332e+07
37 2.29707e+07 2.6589e+07 2.79178e+07 1.15472e+07
37.1 2.05501e+07 2.52547e+07 2.06212e+07 1.15128e+07
37.2 1.91928e+07 2.30905e+07 1.99145e+07 1.14682e+07
37.3 1.88131e+07 1.52011e+07 1.6029e+07 1.13642e+07
37.4 1.83528e+07 8.4068e+06 8.86628e+06 1.11444e+07
37.5 1.69106e+07 4.68904e+06 -8.25009e+06 3.15914e+06
37.6 -3.38572e+07 -1.14507e+07 -1.02551e+07 -1.35878e+07
37.7 -4.61142e+07 -3.09724e+07 -1.33597e+07 -1.38998e+07
37.8 -4.63594e+07 -4.09408e+07 -1.95704e+07 -1.39686e+07
37.9 -4.64184e+07 -4.78228e+07 -2.68887e+07 -1.18694e+07
38 -4.70643e+07 -2.37168e+07 -2.83367e+07 -1.18224e+07
38.1 -5.02682e+07 -4.13766e+07 -2.91637e+07 -1.19747e+07
38.2 -5.83973e+07 -5.28211e+07 -2.96136e+07 -1.21285e+07
38.3 -6.00107e+07 -3.86043e+07 -3.00015e+07 -1.23834e+07
38.4 -4.76492e+07 -3.80579e+07 -3.00878e+07 -1.27291e+07
38.5 -6.47732e+07 -4.78739e+07 -2.27082e+07 -1.31098e+07
38.6 -7.41165e+07 -4.80923e+07 -3.02336e+07 -1.34704e+07
38.7 -5.84761e+07 -4.85239e+07 -3.06787e+07 -1.38392e+07
38.8 -2.87786e+07 -3.23086e+07 -3.09391e+07 -1.42456e+07
38.9 -2.68558e+07 -2.15365e+07 -2.07629e+07 -1.46222e+07
39 2.13023e+07 -1.62217e+07 -2.00388e+07 -1.48472e+07
39.1 3.69824e+07 1.06632e+07 -1.85457e+07 -1.48527e+07
39.2 3.88796e+07 2.70979e+07 -1.34044e+07 -1.17774e+07
39.3 4.05964e+07 3.12343e+07 2.85901e+07 -1.12915e+07
39.4 4.21852e+07 3.42344e+07 3.30269e+07 -1.01718e+07
39.5 4.35556e+07 3.7585e+07 3.52862e+07 1.53732e+07
39.6 4.44389e+07 3.89107e+07 2.0659e+07 1.7156e+07
39.7 4.47697e+07 3.92247e+07 2.08959e+07 1.86647e+07
39.8 2.98127e+07 2.62753e+07 2.44653e+07 2.89618e+07
39.9 2.92521e+07 2.53905e+07 2.98632e+07 3.66778e+07
40 2.86861e+07 2.72048e+07 3.80403e+07 2.33274e+07
40.1 2.83219e+07 2.94612e+07 2.86674e+07 1.1783e+07
40.2 2.77063e+07 3.12138e+07 2.02795e+07 1.16076e+07
40.3 2.66812e+07 2.66064e+07 1.95255e+07 1.14322e+07
40.4 2.58682e+07 2.51366e+07 1.88102e+07 1.12312e+07
40.5 2.57454e+07 2.28013e+07 1.80794e+07 1.10025e+07
40.6 3.05542e+07 1.71339e+07 1.72625e+07 1.07448e+07
40.7 3.13688e+07 1.57603e+07 1.10759e+07 1.04418e+07
40.8 3.16918e+07 2.32771e+07 6.32123e+06 1.00533e+07
40.9 3.18434e+07 2.37145e+07 1.13678e+07 9.56383e+06
41 3.22081e+07 2.20039e+07 1.62496e+07 9.01939e+06
41.1 3.24833e+07 2.27924e+07 2.03332e+07 8.48827e+06
41.2 2.97942e+07 2.51038e+07 1.7467e+07 -1.14804e+07
41.3 2.93859e+07 2.60789e+07 1.16281e+07 -1.17777e+07
41.4 2.85824e+07 2.05719e+07 -4.89075e+06 8.6474e+06
41.5 2.72134e+07 1.23662e+07 7.01031e+06 1.27008e+07
41.6 2.51807e+07 7.9891e+06 1.70992e+07 1.08487e+07
41.7 2.26127e+07 1.77977e+07 1.99992e+07 7.88545e+06
41.8 1.6685e+07 2.4094e+07 1.52575e+07 5.723e+06
41.9 -4.30189e+07 1.64654e+07 1.19535e+07 3.00045e+06
42 -4.55975e+07 -2.71019e+07 -3.84191e+06 2.68805e+06
42.1 -4.81098e+07 -6.30466e+07 -2.14571e+07 -6.46054e+06
42.2 -7.54725e+07 -6.52076e+07 -2.73148e+07 -1.06242e+07
42.3 -8.7555e+07 -2.5838e+07 -3.08012e+07 -1.29954e+07
42.4 -2.97098e+07 -4.02228e+07 -3.42967e+07 -1.34166e+07
42.5 -2.89605e+07 -6.49303e+07 -5.24616e+07 -1.40104e+07
42.6 -2.78883e+07 -2.58863e+07 -3.63086e+07 -1.48507e+07
42.7 -2.62529e+07 -1.83649e+07 -1.98108e+07 -1.57535e+07
42.8 -1.97799e+07 -1.48975e+07 -1.81365e+07 -1.64542e+07
42.9 633841 -1.31373e+07 -1.63674e+07 -1.68435e+07
43 -2.17654e+07 -1.15259e+07 -1.45877e+07 -1.68963e+07
43.1 -3.27164e+07 -1.71744e+07 -9.59035e+06 -1.17402e+07
43.2 -3.3111e+07 -2.20784e+07 -2.30605e+06 -1.13017e+07
43.3 -2.97566e+07 -2.35478e+07 -8.68703e+06 -1.06511e+07
43.4 -3.02389e+07 -1.87072e+07 -1.70823e+07 -9.8702e+06
43.5 -3.15073e+07 -2.14666e+07 -2.16775e+07 -9.08867e+06
43.6 -3.31932e+07 -2.91357e+07 -2.20249e+07 -3.02377e+06
43.7 -3.53855e+07 -3.39239e+07 -1.58275e+07 1.39573e+07
43.8 -3.77945e+07 -2.35608e+07 -8.39181e+06 6.9912e+06
43.9 -3.88652e+07 -1.96638e+07 6.79971e+06 -1.05516e+07
44 -2.95271e+07 -1.55791e+07 -1.26995e+07 -1.27498e+07
44.1 -2.85331e+07 -1.51446e+07 -2.0408e+07 -1.1848e+07
44.2 -2.61513e+07 -2.52179e+07 -2.3737e+07 -9.8344e+06
44.3 3.01528e+07 -2.47073e+07 -2.06969e+07 -8.37698e+06
44.4 3.59848e+07 4.11189e+06 -1.47742e+07 -7.89177e+06
44.5 3.69773e+07 3.41119e+07 1.21487e+07 -5.7053e+06
44.6 3.78814e+07 3.96316e+07 2.76756e+07 1.05199e+07
44.7 3.89158e+07 4.15538e+07 3.04537e+07 1.35293e+07
44.8 4.01781e+07 4.18725e+07 3.23149e+07 1.42226e+07
44.9 4.15639e+07 2.94544e+07 3.31065e+07 1.495e+07
45 4.2683e+07 3.526e+07 2.14626e+07 1.56323e+07
45.1 4.31335e+07 3.554e+07 2.08269e+07 1.61158e+07
45.2 2.97302e+07 2.64231e+07 2.27416e+07 1.63316e+07
45.3 2.93469e+07 2.56734e+07 2.4216e+07 1.51401e+07
45.4 2.92254e+07 2.50902e+07 2.08234e+07 1.1851e+07
45.5 2.98975e+07 2.46372e+07 2.05022e+07 1.17148e+07
45.6 2.98704e+07 2.43144e+07 1.99971e+07 1.1546e+07
45.7 3.03228e+07 2.41607e+07 1.93431e+07 1.13447e+07
45.8 3.19069e+07 2.46279e+07 1.85969e+07 1.11095e+07
45.9 3.43132e+07 2.68801e+07 1.76637e+07 1.08386e+07
46 3.62216e+07 2.67082e+07 1.3568e+07 1.05185e+07
46.1 3.66373e+07 2.61736e+07 1.26267e+07 1.01262e+07
46.2 2.95749e+07 2.52396e+07 1.8038e+07 5.8698e+06
46.3 2.9175e+07 2.40109e+07 1.72907e+07 -9.52931e+06
46.4 2.89525e+07 2.07538e+07 1.25381e+07 -947278
46.5 2.87296e+07 1.63059e+07 1.47878e+06 1.04994e+07
46.6 2.80982e+07 1.25029e+07 4.97831e+06 1.22366e+07
46.7 2.66062e+07 1.22555e+07 1.45413e+07 8.35663e+06
46.8 2.4158e+07 2.29921e+07 1.78057e+07 912917
46.9 2.11109e+07 2.59936e+07 1.50355e+07 1.02578e+06
47 1.79046e+07 2.10206e+07 1.32573e+07 8.25478e+06
47.1 -4.44543e+07 8.10391e+06 1.14627e+07 1.08662e+07
47.2 -4.62915e+07 -3.61484e+07 -1.47998e+06 9.36153e+06
47.3 -4.76613e+07 -7.02316e+07 -2.15059e+07 -5.74465e+06
47.4 -6.49195e+07 -2.73531e+07 -2.70817e+07 -1.28257e+07
47.5 -7.33818e+07 -3.43968e+07 -2.97232e+07 -1.33707e+07
47.6 -3.0919e+07 -7.14215e+07 -3.19543e+07 -1.39325e+07
47.7 -2.96581e+07 -2.33372e+07 -3.97049e+07 -1.45572e+07
47.8 -2.99102e+07 -1.67848e+07 -4.14144e+07 -1.53063e+07
47.9 -3.26356e+07 -2.6286e+07 -1.9537e+07 -1.60957e+07
48 -3.79774e+07 -3.6754e+07 -1.77931e+07 -1.66955e+07
48.1 -4.31453e+07 -3.67958e+07 -1.68536e+07 -1.69768e+07
48.2 -4.46587e+07 -2.32914e+07 -1.66929e+07 -1.35168e+07
48.3 -2.95185e+07 -2.26107e+07 -2.09665e+07 -1.1789e+07
48.4 -2.87742e+07 -2.69263e+07 -2.07409e+07 -1.15825e+07
48.5 -2.80404e+07 -2.7734e+07 -2.03753e+07 -1.13548e+07
48.6 -2.76788e+07 -2.32717e+07 -1.98499e+07 -1.11084e+07
48.7 -3.04197e+07 -2.19595e+07 -1.90796e+07 -1.08437e+07
48.8 -3.12777e+07 -2.32183e+07 -1.80688e+07 -1.05587e+07
48.9 -2.9523e+07 -2.55075e+07 -1.69929e+07 -1.0249e+07
49 -2.86029e+07 -2.33497e+07 -1.28584e+07 -9.89918e+06
49.1 -2.70568e+07 -2.11419e+07 -1.05999e+07 -9.48087e+06
49.2 1.98739e+07 -1.4012e+07 -1.23509e+07 -8.98598e+06
49.3 3.69383e+07 2.09964e+07 -8.38337e+06 -4.66668e+06
49.4 3.90755e+07 3.30913e+07 1.81961e+07 1.56913e+07
49.5 4.07096e+07 3.79362e+07 3.03929e+07 1.62276e+07
49.6 4.17609e+07 3.92173e+07 3.24349e+07 1.64924e+07
49.7 4.24457e+07 4.00445e+07 3.70417e+07 1.67412e+07
49.8 4.29821e+07 4.06879e+07 3.89829e+07 1.70146e+07
49.9 4.3582e+07 4.08387e+07 2.06639e+07 1.72686e+07
50 4.43176e+07 2.66333e+07 2.05005e+07 1.73745e+07
50.1 4.48999e+07 2.69554e+07 2.12823e+07 1.18827e+07
50.2 4.49238e+07 3.04585e+07 2.13319e+07 1.1743e+07
50.3 2.90535e+07 3.41192e+07 2.09845e+07 1.15787e+07
50.4 2.71738e+07 3.11014e+07 2.17275e+07 1.13969e+07
50.5 2.4432e+07 2.54522e+07 2.1754e+07 1.12083e+07
50.6 2.12529e+07 2.32808e+07 2.06294e+07 1.10178e+07
50.7 1.78495e+07 2.07388e+07 2.00464e+07 1.08208e+07
50.8 -3.72145e+07 7.54604e+06 1.89819e+07 1.0611e+07
50.9 -4.44089e+07 -3.14081e+07 7.3725e+06 9.81001e+06
51 -4.4807e+07 -5.4185e+07 -2.77847e+07 -8.14316e+06
51.1 -4.4912e+07 -4.07527e+07 -3.11344e+07 -1.43976e+07
51.2 -2.95416e+07 -2.08546e+07 -3.75165e+07 -1.49599e+07
51.3 -2.59875e+07 -2.85755e+07 -4.82444e+07 -1.56149e+07
51.4 -6.63942e+06 -3.76761e+07 -2.03228e+07 -1.63369e+07
51.5 1.77481e+07 -1.94629e+07 -1.92338e+07 -1.69278e+07
51.6 -7.90222e+06 1.05476e+07 -1.79804e+07 -1.72619e+07
51.7 -1.85871e+07 1.68912e+07 -1.57316e+07 -1.73241e+07
51.8 -1.62543e+07 -2.80769e+07 -6.71633e+06 -1.17462e+07
51.9 -1.66096e+07 -3.57181e+07 2.0588e+07 -1.12016e+07
52 -1.94236e+07 -1.10659e+07 -1.36479e+07 -1.02876e+07
52.1 -1.53621e+07 2.01049e+07 -2.27589e+07 -9.23945e+06
52.2 2.10949e+07 -8.49047e+06 -1.4575e+07 1.06631e+07
52.3 3.10928e+07 -1.42165e+07 1.61176e+07 1.58951e+07
52.4 3.17343e+07 2.70462e+07 2.52055e+07 1.60391e+07
52.5 3.18164e+07 3.944e+07 2.8067e+07 1.605e+07
52.6 3.21379e+07 5.09893e+07 2.88536e+07 1.19093e+07
52.7 3.2744e+07 4.33614e+07 2.97114e+07 1.19609e+07
52.8 3.33073e+07 2.49863e+07 2.99516e+07 1.21451e+07
52.9 3.35282e+07 2.3188e+07 2.03912e+07 1.24034e+07
53 3.35779e+07 2.24548e+07 1.81003e+07 1.25755e+07
53.1 3.3625e+07 2.23653e+07 1.2117e+07 1.19021e+07
53.2 2.92296e+07 2.23571e+07 9.49384e+06 1.1693e+07
53.3 2.66922e+07 2.19657e+07 1.39708e+07 1.12983e+07
53.4 -3.30586e+07 1.94309e+07 1.73061e+07 5.02702e+06
53.5 -4.17763e+07 -8.87002e+06 1.31798e+07 -9.99674e+06
53.6 -4.61351e+07 -6.22362e+07 -1.84681e+07 -7.92105e+06
53.7 -8.71953e+07 -7.68981e+07 -2.80161e+07 -6.25613e+06
53.8 -1.19525e+08 -4.12583e+07 -3.31027e+07 -8.78483e+06
53.9 -1.19564e+08 -9.52819e+07 -8.11714e+07 -1.2693e+07
54 -1.19594e+08 -1.07355e+08 -8.3564e+07 -1.41561e+07
54.1 -1.19631e+08 -1.07366e+08 -4.04272e+07 -1.63606e+07
54.2 -1.19667e+08 -7.4175e+07 -4.76039e+07 -1.88088e+07
54.3 -1.1968e+08 -7.52207e+07 -7.31874e+07 -4.77972e+07
54.4 -2.98871e+07 -9.08615e+07 -5.97678e+07 -4.78175e+07
54.5 -2.93117e+07 -2.57686e+07 -4.51091e+07 -4.78287e+07
54.6 -2.83413e+07 -2.31649e+07 -2.81151e+07 -4.4533e+07
54.7 -2.68553e+07 -2.06123e+07 -2.0791e+07 -1.16156e+07
54.8 -2.48353e+07 -1.70085e+07 -2.04464e+07 -1.10897e+07
54.9 -2.22192e+07 -1.73179e+07 -1.9664e+07 -1.05816e+07
55 4.041e+07 -1.46616e+07 -1.84584e+07 -1.00922e+07
55.1 4.34064e+07 7.44541e+06 -1.66676e+07 -9.61789e+06
55.2 4.61576e+07 3.46382e+07 -1.37292e+07 -9.14892e+06
55.3 5.90885e+07 4.0522e+07 2.71359e+07 -8.58441e+06
55.4 8.90123e+07 4.27805e+07 5.4218e+07 -7.68996e+06
55.5 1.08667e+08 9.41457e+07 6.58219e+07 8.07842e+06
55.6 1.19867e+08 1.07399e+08 4.47451e+07 2.03556e+07
55.7 1.19886e+08 1.07404e+08 6.97702e+07 4.56442e+07
55.8 1.19893e+08 7.66576e+07 7.98862e+07 4.78058e+07
55.9 1.18287e+08 1.07404e+08 8.04971e+07 4.78334e+07
56 1.19894e+08 1.07406e+08 6.31656e+07 4.78549e+07
56.1 9.53258e+07 6.53965e+07 7.24963e+07 4.78695e+07
56.2 2.98073e+07 4.95399e+07 4.56432e+07 4.78762e+07
56.3 2.91931e+07 2.67264e+07 2.07191e+07 1.86634e+07
56.4 2.8112e+07 2.57821e+07 2.04922e+07 1.18101e+07
56.5 2.63886e+07 2.46986e+07 2.02104e+07 1.16144e+07
56.6 2.41246e+07 2.34953e+07 1.97835e+07 1.14127e+07
56.7 2.15858e+07 2.21657e+07 1.91991e+07 1.12053e+07
56.8 1.91099e+07 2.06937e+07 1.84527e+07 1.09914e+07
56.9 1.06815e+07 1.89751e+07 1.75459e+07 1.07695e+07
57 -4.4266e+07 7.85801e+06 1.19403e+07 1.05304e+07
57.1 -4.54255e+07 -3.6696e+07 -1.15947e+07 1.02234e+07
57.2 -4.63726e+07 -6.49768e+07 -2.58879e+07 9.75374e+06
57.3 -4.72633e+07 -6.17902e+07 -2.8938e+07 9.05313e+06
57.4 -4.82294e+07 -2.46476e+07 -2.95951e+07 8.11294e+06
57.5 -2.9853e+07 -1.61588e+07 -1.99389e+07 6.9685e+06
57.6 -2.91045e+07 -1.52823e+07 -1.35144e+07 -1.80878e+07
57.7 -2.80267e+07 -2.07668e+07 4.54939e+06 -1.93985e+07
57.8 -2.69335e+07 -1.91237e+07 -1.1154e+07 -3.07797e+07
57.9 -2.60805e+07 -1.77437e+07 -2.33503e+07 -3.6755e+07
58 -2.56089e+07 -2.12766e+07 -2.61129e+07 -3.75492e+07
58.1 -2.56066e+07 -2.79856e+07 -2.87454e+07 -1.17991e+07
58.2 -3.09213e+07 -3.34439e+07 -3.05121e+07 -1.15733e+07
58.3 -3.30161e+07 -3.49325e+07 -3.11471e+07 -1.14091e+07
58.4 -3.58332e+07 -3.39223e+07 -2.16303e+07 -1.1294e+07
58.5 -3.90856e+07 -2.65327e+07 -2.06008e+07 -1.11941e+07
58.6 -4.21647e+07 -2.63969e+07 -2.02307e+07 -1.10899e+07
58.7 -4.43782e+07 -2.88405e+07 -1.97686e+07 -1.09796e+07
58.8 -4.5335e+07 -3.24904e+07 -1.93649e+07 -1.0862e+07
58.9 -2.98487e+07 -3.4758e+07 -1.91991e+07 -1.07369e+07
59 -2.94457e+07 -2.66324e+07 -2.0901e+07 -1.0608e+07
59.1 -2.87516e+07 -2.58044e+07 -2.0801e+07 -1.04824e+07
59.2 -2.76762e+07 -2.4869e+07 -2.04331e+07 -1.03636e+07
59.3 -2.61125e+07 -2.05603e+07 -1.97307e+07 -1.025e+07
59.4 -2.40993e+07 -1.78178e+07 -1.86163e+07 -1.0138e+07
59.5 2.50855e+07 -1.37097e+07 -1.70411e+07 -1.00216e+07
59.6 3.89144e+07 1.27077e+07 -1.0436e+07 -9.8846e+06
59.7 3.95866e+07 3.16141e+07 2.27773e+07 -9.65077e+06
59.8 3.96893e+07 3.80916e+07 3.10938e+07 -9.1949e+06
59.9 2.92757e+07 3.97455e+07 3.05355e+07 5.996e+06
60 2.83222e+07 3.98444e+07 1.86016e+07 1.61095e+07
60.1 2.73596e+07 2.50523e+07 1.74221e+07 1.67848e+07
60.2 1.82349e+07 1.90449e+07 1.99101e+07 1.73152e+07
60.3 -4.7666e+06 7.27501e+06 1.99858e+07 1.77095e+07
60.4 -2.17217e+07 -2.04746e+07 1.38507e+07 1.79657e+07
60.5 -2.22052e+07 -2.0416e+07 -1.30262e+07 1.80246e+07
60.6 -6.60518e+06 -1.0496e+06 -1.67365e+07 1.16768e+07
60.7 1.93227e+07 1.37637e+06 4.22795e+06 1.10933e+07
60.8 2.48501e+07 1.57487e+07 2.14128e+07 1.03826e+07
60.9 2.25161e+07 2.45635e+07 2.65367e+07 9.69768e+06
61 1.70353e+07 3.16654e+07 2.03648e+07 9.09513e+06
61.1 1.38445e+07 2.55919e+07 1.79545e+07 7.20323e+06
61.2 1.71726e+07 1.77818e+07 1.30516e+07 -1.56594e+07
61.3 2.01052e+07 4.12838e+06 -1.03322e+07 -1.57633e+07
61.4 1.48509e+07 -2.06098e+07 -1.99591e+07 -1.18149e+07
61.5 -2.57633e+07 -1.63322e+07 -2.29764e+07 -7.19178e+06
61.6 -3.35583e+07 -1.99476e+07 -1.6033e+07 -950189
61.7 -3.49432e+07 -2.41481e+07 -9.76334e+06 -4.68139e+06
61.8 -3.57228e+07 -2.63949e+07 -3.92391e+06 -6.7602e+06
61.9 -3.61245e+07 -2.15019e+07 -1.29393e+07 -6.20298e+06
62 -3.63971e+07 -2.39909e+07 -1.79277e+07 -4.82288e+06
62.1 -3.67649e+07 -2.84301e+07 -2.09209e+07 -7.1702e+06
62.2 -3.72278e+07 -3.10229e+07 -2.1756e+07 -1.02572e+07
62.3 -3.73794e+07 -3.22882e+07 -2.13965e+07 -1.22866e+07
62.4 -2.94616e+07 -2.56081e+07 -2.00489e+07 -1.23957e+07
62.5 -2.83998e+07 -2.09241e+07 -1.88707e+07 -1.24302e+07
62.6 -2.48874e+07 -2.11473e+07 -1.70277e+07 -1.18891e+07
62.7 2.82549e+07 -1.70115e+07 -1.46394e+07 -1.17817e+07
62.8 3.54384e+07 1.73039e+07 -9.3771e+06 -6.6058e+06
62.9 3.59595e+07 3.10218e+07 1.86938e+07 9.34913e+06
63 3.63397e+07 3.60694e+07 2.85536e+07 1.26509e+07
63.1 3.67396e+07 3.75395e+07 3.07256e+07 1.28754e+07
63.2 3.72481e+07 3.82417e+07 3.18221e+07 1.3133e+07
63.3 3.79475e+07 3.81683e+07 3.15688e+07 1.34269e+07
63.4 3.88009e+07 2.66904e+07 2.05545e+07 1.37222e+07
63.5 3.96622e+07 2.66287e+07 2.00231e+07 1.39549e+07
63.6 4.03856e+07 2.78507e+07 1.95632e+07 1.40924e+07
63.7 4.08158e+07 2.95907e+07 1.92641e+07 1.41337e+07
63.8 4.08895e+07 3.13831e+07 1.91924e+07 1.18926e+07
63.9 2.97686e+07 3.21767e+07 2.12614e+07 1.17927e+07
64 2.9651e+07 2.65852e+07 2.17857e+07 1.16691e+07
64.1 2.95975e+07 2.58746e+07 2.08544e+07 1.15321e+07
64.2 2.94511e+07 2.51138e+07 2.05964e+07 1.13812e+07
64.3 2.90703e+07 2.43734e+07 1.99636e+07 1.12149e+07
64.4 2.84366e+07 2.36296e+07 1.60039e+07 1.10227e+07
64.5 2.76301e+07 2.27174e+07 1.3034e+07 1.07782e+07
64.6 2.68054e+07 2.14592e+07 1.24043e+07 1.04611e+07
64.7 2.6107e+07 1.61384e+07 1.50725e+07 7.39179e+06
64.8 2.55496e+07 1.36088e+07 1.30181e+07 -9.93217e+06
64.9 2.49993e+07 1.48832e+07 -1.24968e+06 -1.03522e+07
65 2.42549e+07 1.24742e+07 -1.23004e+07 2.26844e+06
65.1 2.31958e+07 9.73118e+06 1.16372e+07 7.62763e+06
65.2 3.42803e+06 9.1446e+06 1.77068e+07 7.97983e+06
65.3 -3.61257e+07 7.20752e+06 1.50089e+07 8.19308e+06
65.4 -3.95879e+07 -1.92348e+07 4.04583e+06 7.27522e+06
65.5 -4.01569e+07 -3.27171e+07 -1.91462e+07 -4.09719e+06
65.6 -4.06986e+07 -3.92321e+07 -2.53445e+07 -1.1528e+07
65.7 -4.10974e+07 -4.10119e+07 -2.70174e+07 -1.26682e+07
65.8 -4.11336e+07 -2.81359e+07 -2.83498e+07 -1.29819e+07
65.9 -2.96168e+07 -3.02192e+07 -2.8942e+07 -1.33062e+07
66 -2.94002e+07 -3.09973e+07 -2.22617e+07 -1.36167e+07
66.1 -2.93851e+07 -2.42381e+07 -2.05612e+07 -1.38544e+07
66.2 -3.00449e+07 -2.22408e+07 -2.01028e+07 -1.39803e+07
66.3 -3.03661e+07 -2.21299e+07 -1.94681e+07 -1.39866e+07
66.4 -3.08677e+07 -2.50044e+07 -1.87226e+07 -1.18694e+07
66.5 -3.16843e+07 -2.70234e+07 -1.80081e+07 -1.17534e+07
66.6 -3.27663e+07 -2.71086e+07 -1.74705e+07 -1.15948e+07
66.7 -3.40563e+07 -2.43685e+07 -1.71438e+07 -1.13947e+07
66.8 -3.54982e+07 -2.40471e+07 -1.6958e+07 -1.11561e+07
66.9 -3.67048e+07 -2.57106e+07 -1.68782e+07 -1.02748e+07
67 -3.70792e+07 -2.79792e+07 -1.67324e+07 5.02896e+06
67.1 -2.95447e+07 -2.82561e+07 -1.60355e+07 7.44156e+06
67.2 -2.86953e+07 -2.35761e+07 -1.08148e+07 -9.34866e+06
67.3 -2.73513e+07 -1.83166e+07 -8.22831e+06 -1.24221e+07
67.4 -2.56291e+07 -1.37279e+07 -1.49956e+07 -1.24635e+07
67.5 2.90653e+07 -6.98714e+06 -1.53021e+07 -1.18389e+07
67.6 3.69608e+07 1.99015e+07 -9.66702e+06 -7.41576e+06
67.7 3.77886e+07 2.70812e+07 1.96798e+07 8.60112e+06
67.8 3.83832e+07 3.3241e+07 2.82362e+07 1.26056e+07
67.9 3.87732e+07 3.62717e+07 3.02588e+07 1.28515e+07
68 3.89444e+07 3.72136e+07 3.10726e+07 1.31249e+07
68.1 3.89894e+07 3.76228e+07 2.60105e+07 1.34147e+07
68.2 3.90347e+07 2.97464e+07 2.0739e+07 1.36767e+07
68.3 3.90414e+07 2.66564e+07 2.05958e+07 1.38671e+07
68.4 2.96372e+07 2.68573e+07 2.04679e+07 1.39723e+07
68.5 2.90474e+07 2.67225e+07 2.03386e+07 1.39942e+07
68.6 2.80477e+07 2.62071e+07 2.01909e+07 1.18848e+07
68.7 2.6621e+07 2.53006e+07 1.99671e+07 1.17836e+07
68.8 1.68127e+07 2.20516e+07 1.96016e+07 1.16479e+07
68.9 -2.52638e+07 1.21006e+07 1.89335e+07 1.14783e+07
69 -3.01049e+07 -2.35497e+07 8.80819e+06 1.12476e+07
69.1 -1.9309e+07 -3.19121e+07 -2.21964e+07 1.0818e+07
69.2 -1.30892e+07 -2.60617e+07 -2.72342e+07 1.2256e+06
69.3 -1.25096e+06 -1.51868e+07 -2.37362e+07 -1.48032e+07
69.4 -3.35781e+06 -2.55939e+06 -1.68267e+07 -1.57472e+07
69.5 -4.23942e+06 4.317e+06 -2.17895e+06 -1.6442e+07
69.6 1.44972e+06 -2.13661e+06 1.68353e+07 -1.67317e+07
69.7 1.32504e+07 6.10187e+06 -5.58343e+06 -1.18336e+07
69.8 1.88746e+07 1.11236e+07 -1.56494e+07 -1.15367e+07
69.9 2.30195e+07 460132 -1.17805e+07 -1.117e+07
70 2.12047e+07 2.58411e+06 5.54653e+06 -1.07133e+07
70.1 8.19479e+06 1.59488e+07 1.1177e+07 -1.00897e+07
70.2 -2.13283e+07 1.37075e+07 1.97755e+06 1.44687e+07
70.3 -2.96626e+07 -1.97084e+07 4.04013e+06 1.50339e+07
70.4 -3.33647e+07 -2.96479e+07 -610362 1.53355e+07
70.5 -3.51432e+07 -3.02194e+07 -1.23103e+07 1.53471e+07
70.6 -3.73755e+07 -1.93107e+07 -1.33156e+07 1.15154e+07
70.7 -3.95377e+07 -1.80352e+07 -4.40644e+06 1.07138e+07
70.8 -4.12587e+07 -2.05267e+07 3.14085e+06 -1.38939e+07
70.9 -4.23469e+07 -2.35728e+07 -1.47778e+07 -1.47529e+07
71 -4.26003e+07 -2.95499e+07 -2.38499e+07 -1.52224e+07
71.1 -2.96148e+07 -3.42158e+07 -2.56366e+07 -1.55654e+07
71.2 -2.91359e+07 -3.52008e+07 -2.71649e+07 -1.58229e+07
71.3 -2.86544e+07 -2.65578e+07 -2.82555e+07 -1.60114e+07
71.4 -2.81612e+07 -2.61373e+07 -2.85692e+07 -1.61424e+07
71.5 -2.76269e+07 -2.57959e+07 -2.06168e+07 -1.61992e+07
71.6 -2.70846e+07 -2.44863e+07 -2.00388e+07 -1.19151e+07
71.7 -2.65745e+07 -2.26547e+07 -1.93397e+07 -1.18394e+07
71.8 -2.6052e+07 -2.10999e+07 -1.84489e+07 -1.17312e+07
71.9 -2.53984e+07 -2.03379e+07 -1.73927e+07 -1.15869e+07
72 -2.29864e+07 -2.01428e+07 -1.62474e+07 -1.14027e+07
72.1 1.02095e+07 -1.68549e+07 -1.09922e+07 -1.11658e+07
72.2 3.00886e+07 4.68272e+06 -5.58757e+06 -1.08475e+07
72.3 3.22308e+07 3.04422e+07 1.146e+07 -1.03878e+07
72.4 2.29555e+07 3.67856e+07 2.20536e+07 1.40479e+07
72.5 1.98867e+07 3.26207e+07 2.73355e+07 1.46372e+07
72.6 1.86413e+07 2.27088e+07 2.96373e+07 1.51652e+07
72.7 2.16505e+07 1.59815e+07 1.7585e+07 1.56223e+07
72.8 2.77919e+07 1.29887e+07 1.29083e+07 1.59488e+07
72.9 3.09444e+07 1.86009e+07 1.00565e+07 1.60962e+07
73 3.15454e+07 2.21978e+07 1.26023e+07 1.19212e+07
73.1 3.20965e+07 2.56984e+07 1.73316e+07 1.17705e+07
73.2 3.24278e+07 2.83648e+07 2.26954e+07 1.15694e+07
73.3 3.24989e+07 3.00408e+07 2.49542e+07 1.13693e+07
73.4 3.25226e+07 3.04809e+07 2.45184e+07 1.11976e+07
73.5 3.27147e+07 2.61979e+07 1.96597e+07 1.10472e+07
73.6 3.30897e+07 2.51129e+07 1.67687e+07 1.08873e+07
73.7 3.35565e+07 2.40452e+07 1.47721e+07 1.06902e+07
73.8 3.40191e+07 2.32612e+07 1.44532e+07 1.04445e+07
73.9 3.43739e+07 2.38805e+07 1.67758e+07 1.01573e+07
74 3.45293e+07 2.54423e+07 1.84221e+07 9.8519e+06
74.1 2.97839e+07 2.69044e+07 1.94228e+07 9.55209e+06
74.2 2.94667e+07 2.66144e+07 1.81452e+07 5.96834e+06
74.3 2.87889e+07 2.40421e+07 1.5924e+07 -6.32945e+06
74.4 2.74879e+07 2.05978e+07 1.11178e+07 2.65436e+06
74.5 2.24299e+07 1.56951e+07 1.33256e+06 8.37802e+06
74.6 -3.67598e+07 -1.3233e+06 4.33729e+06 8.16622e+06
74.7 -3.90848e+07 -2.96443e+07 400837 815680
74.8 -4.0948e+07 -3.9058e+07 -1.62383e+07 -8.91322e+06
74.9 -4.23291e+07 -3.93767e+07 -2.44659e+07 -1.24192e+07
75 -4.30755e+07 -2.62442e+07 -2.6601e+07 -1.25684e+07
75.1 -4.31351e+07 -2.83223e+07 -2.79753e+07 -1.27258e+07
75.2 -2.96625e+07 -3.25892e+07 -2.84149e+07 -1.29052e+07
75.3 -2.9468e+07 -3.51783e+07 -2.15762e+07 -1.3084e+07
75.4 -2.9936e+07 -2.667e+07 -2.07669e+07 -1.32077e+07
75.5 -3.08887e+07 -2.59329e+07 -2.06522e+07 -1.32463e+07
75.6 -3.26114e+07 -2.52304e+07 -2.04019e+07 -1.19047e+07
75.7 -3.46547e+07 -2.41807e+07 -1.99683e+07 -1.18409e+07
75.8 -3.6199e+07 -2.41702e+07 -1.93498e+07 -1.17448e+07
75.9 -3.65658e+07 -2.81392e+07 -1.86663e+07 -1.16147e+07
76 -2.9656e+07 -2.90879e+07 -1.81225e+07 -1.14493e+07
76.1 -2.91849e+07 -2.65467e+07 -1.77686e+07 -8.31687e+06
76.2 -2.85427e+07 -2.35119e+07 -1.7303e+07 883666
76.3 -2.77611e+07 -1.9721e+07 -1.63209e+07 -924872
76.4 -2.68559e+07 -1.71054e+07 -9.03299e+06 -8.39143e+06
76.5 -2.58459e+07 -1.52563e+07 -2.9501e+06 -1.00726e+07
76.6 -2.47717e+07 -1.35496e+07 -4.30658e+06 -7.33578e+06
76.7 -1.28583e+07 -1.22647e+07 -1.27003e+07 5.04474e+06
76.8 3.1762e+07 -5.26689e+06 -1.06491e+07 1.84642e+06
76.9 3.76448e+07 2.33877e+07 1.25928e+07 -7.0452e+06
77 3.82257e+07 3.49242e+07 1.81908e+07 238869
77.1 3.8744e+07 3.72177e+07 2.26568e+07 1.17093e+07
77.2 3.91668e+07 3.76844e+07 2.65152e+07 1.24872e+07
77.3 3.94517e+07 3.07057e+07 2.72445e+07 1.27428e+07
77.4 3.95941e+07 2.98769e+07 2.38207e+07 1.29893e+07
77.5 3.96862e+07 3.43806e+07 2.06812e+07 1.31978e+07
77.6 3.98261e+07 2.79032e+07 2.05772e+07 1.33405e+07
77.7 4.00493e+07 2.81819e+07 2.05683e+07 1.34098e+07
77.8 4.03849e+07 3.47727e+07 2.11087e+07 1.34102e+07
77.9 4.07804e+07 2.9791e+07 2.17589e+07 1.1876e+07
78 4.10474e+07 2.90473e+07 2.23066e+07 1.17891e+07
78.1 2.98509e+07 3.15719e+07 2.23867e+07 1.16915e+07
78.2 2.92248e+07 2.64734e+07 2.07777e+07 1.15835e+07
78.3 2.79857e+07 2.5541e+07 2.0518e+07 1.14583e+07
78.4 2.63113e+07 2.3577e+07 1.89726e+07 1.1309e+07
78.5 2.44447e+07 1.9028e+07 1.52992e+07 1.11201e+07
78.6 -2.41481e+07 1.13667e+07 1.14604e+07 1.0861e+07
78.7 -3.81308e+07 -2.3866e+07 -455612 7.20758e+06
78.8 -3.89981e+07 -3.64575e+07 -1.93984e+07 -1.37923e+07
78.9 -3.97472e+07 -4.07213e+07 -2.6427e+07 -1.41917e+07
79 -4.04456e+07 -4.07593e+07 -2.8191e+07 -1.45265e+07
79.1 -4.10826e+07 -2.66063e+07 -2.96112e+07 -1.48283e+07
79.2 -4.1567e+07 -2.81238e+07 -3.02513e+07 -1.51075e+07
79.3 -4.18978e+07 -3.30819e+07 -2.40216e+07 -1.53487e+07
79.4 -4.22564e+07 -3.7895e+07 -2.07793e+07 -1.55041e+07
79.5 -4.27869e+07 -3.93115e+07 -2.17004e+07 -1.55407e+07
79.6 -4.33984e+07 -2.68204e+07 -2.3299e+07 -1.1899e+07
79.7 -4.38549e+07 -2.90392e+07 -2.44156e+07 -1.18402e+07
79.8 -4.40434e+07 -3.64573e+07 -2.46919e+07 -1.179e+07
79.9 -3.98226e+07 -4.0656e+07 -2.47264e+07 -1.17523e+07
80 -2.98153e+07 -2.67367e+07 -2.28783e+07 -1.17237e+07
80.1 -2.97765e+07 -2.61292e+07 -2.06851e+07 -1.16912e+07
80.2 -3.0005e+07 -2.54761e+07 -2.02517e+07 -1.16408e+07
80.3 -3.02067e+07 -2.48162e+07 -1.96736e+07 -1.15666e+07
80.4 -2.98169e+07 -2.42028e+07 -1.89822e+07 -1.14663e+07
80.5 -2.96356e+07 -2.36563e+07 -1.82188e+07 -1.13375e+07
80.6 -2.93207e+07 -2.31771e+07 -1.74313e+07 -1.11776e+07
80.7 -2.88832e+07 -2.1538e+07 -1.66531e+07 -1.09845e+07
80.8 -2.82864e+07 -2.03895e+07 -1.58907e+07 -1.07571e+07
80.9 -2.74395e+07 -2.03341e+07 -1.511e+07 -6.70428e+06
81 -2.63161e+07 -2.14247e+07 -1.07602e+07 8.98411e+06
81.1 -2.09184e+07 -1.84468e+07 -3.39815e+06 7.02519e+06
81.2 2.3715e+07 -8.98019e+06 1.0921e+07 -6.26476e+06
81.3 3.34865e+07 3.00211e+07 -2.40614e+06 -6.4154e+06
81.4 3.59068e+07 3.8623e+07 1.13443e+07 6.68301e+06
81.5 3.62503e+07 3.89721e+07 2.22923e+07 1.02366e+07
81.6 3.62957e+07 2.60918e+07 2.7781e+07 1.22794e+07
81.7 3.64078e+07 2.5659e+07 2.93411e+07 1.24319e+07
81.8 3.66592e+07 2.78485e+07 2.10987e+07 1.25959e+07
81.9 3.71511e+07 2.94903e+07 2.05279e+07 1.27262e+07
82 3.79517e+07 3.08689e+07 2.02492e+07 1.27967e+07
82.1 3.90506e+07 3.16785e+07 2.01281e+07 1.28067e+07
82.2 4.0327e+07 3.1889e+07 2.10225e+07 1.188e+07
82.3 4.15839e+07 3.02572e+07 2.15068e+07 1.17917e+07
82.4 4.266e+07 3.19252e+07 2.19372e+07 1.16825e+07
82.5 4.35108e+07 3.22112e+07 2.2236e+07 1.15618e+07
82.6 4.41697e+07 3.26561e+07 2.24034e+07 1.14373e+07
82.7 4.4705e+07 3.32436e+07 2.24442e+07 1.13144e+07
82.8 4.51915e+07 3.38745e+07 2.21184e+07 1.06654e+07
82.9 4.56599e+07 3.43994e+07 2.16611e+07 8.52483e+06
83 4.60784e+07 3.46753e+07 2.10375e+07 7.73578e+06
83.1 4.63772e+07 3.44646e+07 2.15708e+07 9.29355e+06
83.2 4.65051e+07 3.29187e+07 2.24529e+07 1.09023e+07
83.3 3.45973e+07 3.09052e+07 2.14993e+07 1.20608e+07
83.4 2.97341e+07 2.66335e+07 2.08188e+07 1.20927e+07
83.5 2.93619e+07 2.60822e+07 2.06532e+07 1.192e+07
83.6 2.87887e+07 2.53765e+07 2.03409e+07 1.18697e+07
83.7 2.8026e+07 2.45704e+07 1.98643e+07 1.01427e+07
83.8 2.71186e+07 2.3655e+07 1.69644e+07 8.11703e+06
83.9 2.60834e+07 2.2484e+07 1.22861e+07 6.28329e+06
84 2.4831e+07 1.77001e+07 8.65934e+06 1.97799e+06
84.1 2.3239e+07 1.09585e+07 2.78855e+06 146046
84.2 2.12894e+07 6.23114e+06 1.14073e+06 1.83221e+06
84.3 6.19271e+06 4.47227e+06 7.10194e+06 2.69752e+06
84.4 -4.25602e+07 -6.4507e+06 2.34477e+06 2.63657e+06
84.5 -4.42124e+07 -2.71521e+07 -1.18509e+07 -2.25119e+06
84.6 -4.5538e+07 -3.6066e+07 -1.77186e+07 -7.73486e+06
84.7 -4.67329e+07 -4.11972e+07 -2.39446e+07 -1.10485e+07
84.8 -4.83255e+07 -4.14888e+07 -2.54889e+07 -1.23948e+07
84.9 -6.33369e+07 -3.7807e+07 -2.70301e+07 -1.25687e+07
85 -7.47412e+07 -4.2224e+07 -2.8376e+07 -1.27577e+07
85.1 -8.32602e+07 -5.72523e+07 -2.96886e+07 -1.29751e+07
85.2 -9.23398e+07 -7.56873e+07 -3.16051e+07 -1.3234e+07
85.3 -1.03461e+08 -7.63621e+07 -4.55029e+07 -1.35921e+07
85.4 -1.13136e+08 -7.65078e+07 -7.30663e+07 -1.42374e+07
85.5 -1.17422e+08 -9.29312e+07 -6.50385e+07 -1.53505e+07
85.6 -9.96031e+07 -9.59926e+07 -2.13334e+07 -1.67543e+07
85.7 -2.98682e+07 -2.60041e+07 -5.25187e+07 -1.81602e+07
85.8 -2.94716e+07 -2.42349e+07 -2.2114e+07 -2.41287e+07
85.9 -2.88855e+07 -2.32444e+07 -2.03358e+07 -3.75606e+07
86 -2.80911e+07 -2.05944e+07 -2.21082e+07 -3.95461e+07
86.1 -2.70654e+07 -2.05394e+07 -2.75719e+07 -1.17827e+07
86.2 -2.58546e+07 -2.85474e+07 -2.40429e+07 -1.15136e+07
86.3 -2.45941e+07 -2.93724e+07 -2.04836e+07 -1.12683e+07
86.4 -2.33656e+07 -2.49715e+07 -1.99517e+07 -1.10309e+07
86.5 -2.21232e+07 -1.99075e+07 -1.92899e+07 -1.07955e+07
86.6 -1.76344e+06 -1.40838e+07 -1.83451e+07 -1.05606e+07
86.7 3.99035e+07 5.86102e+06 -1.68325e+07 -1.03226e+07
86.8 4.08179e+07 2.41036e+07 -1.42558e+07 -1.00744e+07
86.9 4.1578e+07 2.89705e+07 1.84064e+07 -9.75788e+06
87 4.22869e+07 3.30603e+07 3.65699e+07 -9.24586e+06
87.1 4.29822e+07 3.68551e+07 4.65292e+07 -8.43316e+06
87.2 4.3699e+07 3.90655e+07 1.99641e+07 1.64401e+07
87.3 4.44653e+07 4.04805e+07 1.78644e+07 1.74318e+07
87.4 4.52793e+07 3.82757e+07 1.66721e+07 1.8253e+07
87.5 4.60556e+07 2.63071e+07 2.2816e+07 1.89072e+07
87.6 4.66321e+07 2.70889e+07 2.54943e+07 2.33569e+07
87.7 4.68921e+07 3.10634e+07 2.8067e+07 2.84884e+07
87.8 3.95582e+07 3.70627e+07 3.09135e+07 3.05947e+07
87.9 2.9826e+07 4.19682e+07 3.63341e+07 1.83359e+07
88 3.03529e+07 4.62118e+07 4.45848e+07 1.19345e+07
88.1 3.18425e+07 2.65663e+07 2.04793e+07 1.22007e+07
88.2 3.36636e+07 2.57521e+07 1.95492e+07 1.25201e+07
88.3 3.50387e+07 2.50969e+07 1.86438e+07 1.25478e+07
88.4 3.57528e+07 2.47071e+07 1.78072e+07 1.19219e+07
88.5 3.60348e+07 2.45735e+07 1.46363e+07 1.18378e+07
88.6 3.61952e+07 2.45539e+07 1.17838e+07 1.16974e+07
88.7 3.58777e+07 2.50126e+07 1.63065e+07 1.14986e+07
88.8 2.97708e+07 2.58035e+07 1.89363e+07 1.12634e+07
88.9 2.93371e+07 2.45393e+07 2.09548e+07 1.10176e+07
89 2.85937e+07 2.44942e+07 1.99817e+07 1.07753e+07
89.1 2.75869e+07 2.44011e+07 1.78905e+07 1.0536e+07
89.2 2.64411e+07 2.40937e+07 1.61008e+07 1.02909e+07
89.3 2.52343e+07 2.34386e+07 1.50372e+07 1.00321e+07
89.4 2.39719e+07 2.23987e+07 1.50194e+07 9.75722e+06
89.5 2.26318e+07 2.10553e+07 1.62536e+07 9.47145e+06
89.6 2.11953e+07 1.95555e+07 1.60786e+07 9.18332e+06
89.7 1.96643e+07 1.55418e+07 1.48237e+07 8.89633e+06
89.8 -2.85866e+07 6.08554e+06 1.16617e+07 8.60428e+06
89.9 -4.25336e+07 -2.90182e+07 -6.73274e+06 8.26667e+06
90 -4.34061e+07 -4.04935e+07 -1.80463e+07 7.80261e+06
90.1 -4.42109e+07 -4.287e+07 -2.46502e+07 -1.13385e+07
90.2 -4.50263e+07 -3.58586e+07 -2.57941e+07 -1.72434e+07
90.3 -4.58138e+07 -2.76577e+07 -2.6858e+07 -1.77672e+07
90.4 -4.65344e+07 -4.29513e+07 -2.77212e+07 -1.81965e+07
90.5 -4.72429e+07 -4.26043e+07 -2.86259e+07 -1.8538e+07
90.6 -4.89377e+07 -2.92567e+07 -2.95067e+07 -1.87987e+07
90.7 -5.59561e+07 -4.44821e+07 -3.01227e+07 -1.8986e+07
90.8 -5.92647e+07 -4.94306e+07 -3.07341e+07 -1.91069e+07
90.9 -4.26582e+07 -4.05283e+07 -3.15117e+07 -1.98762e+07
91 -2.96156e+07 -2.66349e+07 -3.20188e+07 -1.98811e+07
91.1 -2.91264e+07 -2.63998e+07 -2.14724e+07 -1.19068e+07
91.2 -2.85483e+07 -2.6191e+07 -2.04199e+07 -1.18325e+07
91.3 -2.79757e+07 -2.52183e+07 -1.98216e+07 -1.17399e+07
91.4 -2.7387e+07 -2.2619e+07 -1.91108e+07 -1.1626e+07
91.5 -2.66709e+07 -2.05414e+07 -1.82579e+07 -1.14885e+07
91.6 -2.5748e+07 -1.97707e+07 -1.72569e+07 -1.13247e+07
91.7 -2.46196e+07 -2.13667e+07 -1.61819e+07 -1.11315e+07
91.8 -1.58784e+07 -1.9247e+07 -1.51366e+07 -1.09058e+07
91.9 3.35912e+07 -1.27015e+07 -1.27798e+07 -1.06429e+07
92 3.82974e+07 2.36512e+07 -3.97427e+06 -1.03221e+07
92.1 3.88951e+07 3.64962e+07 2.35165e+07 -9.86385e+06
92.2 3.93633e+07 3.84668e+07 2.98548e+07 2.46751e+06
92.3 3.97456e+07 3.96121e+07 3.02598e+07 1.54446e+07
92.4 4.01077e+07 3.977e+07 1.94026e+07 1.62074e+07
92.5 4.04551e+07 2.64825e+07 2.87644e+07 1.68614e+07
92.6 4.06659e+07 2.64475e+07 2.21245e+07 1.74062e+07
92.7 3.17766e+07 2.82761e+07 1.84687e+07 1.78268e+07
92.8 2.94406e+07 2.9062e+07 2.02193e+07 1.81025e+07
92.9 2.86306e+07 2.66316e+07 2.26927e+07 1.82429e+07
93 2.73515e+07 2.61032e+07 2.39782e+07 1.82697e+07
93.1 2.56141e+07 2.55055e+07 2.44879e+07 1.19091e+07
93.2 -1.24957e+07 2.39871e+07 2.06684e+07 1.18329e+07
93.3 -3.71657e+07 1.15962e+07 1.95899e+07 1.1743e+07
93.4 -3.76762e+07 -3.49924e+07 8.2998e+06 1.16066e+07
93.5 -3.77781e+07 -4.69798e+07 -2.5902e+07 1.13118e+07
93.6 -3.78033e+07 -5.15518e+07 -2.81554e+07 1.07075e+07
93.7 -2.98033e+07 -2.56713e+07 -2.91412e+07 9.74322e+06
93.8 -2.95498e+07 -2.02747e+07 -2.01097e+07 8.46792e+06
93.9 -2.5627e+07 -1.59693e+07 -1.76892e+07 -1.6788e+07
94 -1.50696e+07 -1.43454e+07 -7.4749e+06 -1.80573e+07
94.1 1.78541e+07 -8.55344e+06 9.94181e+06 -1.89969e+07
94.2 2.21179e+07 2.44563e+07 -9.57999e+06 -2.55911e+07
94.3 2.51816e+07 2.81026e+07 -1.1932e+07 -2.78911e+07
94.4 2.763e+07 1.17861e+07 4.05171e+06 -1.18175e+07
94.5 2.25195e+07 -7.97833e+06 9.08848e+06 -1.14486e+07
94.6 1.40672e+07 1.14222e+07 -1.15831e+07 -1.09285e+07
94.7 -1.82545e+07 7.47987e+06 -1.27864e+07 -1.03385e+07
94.8 -2.11472e+07 -2.14298e+07 -3.81093e+06 -9.71539e+06
94.9 -2.25818e+07 -3.02067e+07 -1.00747e+07 -9.05192e+06
95 -2.54256e+07 -2.24262e+07 -1.50632e+07 1.53904e+07
95.1 -2.81907e+07 -1.8773e+07 -1.36897e+07 1.57253e+07
95.2 -2.91801e+07 -1.53861e+07 2.43476e+06 1.57538e+07
95.3 -2.50302e+07 -1.06149e+07 1.56157e+07 1.16371e+07
95.4 -1.92239e+07 9.45211e+06 1.09757e+07 1.11804e+07
95.5 1.29984e+07 5.57313e+06 -4.34297e+06 -8.2857e+06
95.6 2.47279e+07 -2.64881e+06 -1.20365e+07 -1.35145e+07
95.7 2.84715e+07 8.06957e+06 -7.84358e+06 -1.36603e+07
95.8 2.58368e+07 1.75044e+07 6.23038e+06 -1.18268e+07
95.9 2.36778e+07 2.10257e+07 1.23905e+07 -4.45274e+06
96 2.2013e+07 2.18963e+07 1.26879e+07 1.28473e+07
96.1 2.11719e+07 1.73774e+07 1.42417e+07 1.32505e+07
96.2 2.03776e+07 1.5594e+07 1.66464e+07 1.35062e+07
96.3 1.89538e+07 1.65143e+07 1.77307e+07 1.36376e+07
96.4 1.69693e+07 1.76921e+07 1.45876e+07 1.36539e+07
96.5 1.48624e+07 1.73835e+07 1.43351e+07 1.18189e+07
96.6 1.10308e+07 1.51539e+07 1.42334e+07 1.15898e+07
96.7 7.42134e+06 1.06231e+07 1.34371e+07 1.12666e+07
96.8 4.69326e+06 87213 1.07221e+07 1.08497e+07
96.9 -1.65592e+06 152278 -6.36797e+06 -7.58422e+06
97 -8.49833e+06 -5.64429e+06 -1.40977e+07 -1.38196e+07
97.1 -1.47553e+07 -1.86164e+07 -1.53373e+07 -1.40153e+07
97.2 -1.81835e+07 -2.11069e+07 -1.62954e+07 -1.40454e+07
97.3 -2.08234e+07 -1.9146e+07 -1.7469e+07 -1.18471e+07
97.4 -2.28688e+07 -1.65888e+07 -1.74969e+07 -1.16935e+07
97.5 -2.3692e+07 -2.14941e+07 -1.36394e+07 -7.54126e+06
97.6 -2.27959e+07 -1.89969e+07 -1.09761e+07 6.58433e+06
97.7 -2.03289e+07 -1.38515e+07 -1.76296e+06 4.30625e+06
97.8 -1.71594e+07 -4.32584e+06 3.91994e+06 -6.64843e+06
97.9 1.07757e+06 2.15947e+06 -7.41383e+06 -6.6513e+06
98 1.81112e+07 -227408 -8.25939e+06 -214093
98.1 1.94009e+07 8.32995e+06 8.27404e+06 4.04947e+06
98.2 1.64998e+07 1.75827e+07 1.45182e+07 5.97182e+06
98.3 1.46249e+07 2.10537e+07 1.60168e+07 6.94657e+06
98.4 1.36684e+07 1.81131e+07 1.40259e+07 8.14435e+06
98.5 1.56502e+07 1.45446e+07 1.26082e+07 8.70713e+06
98.6 1.61571e+07 9.97361e+06 1.08353e+07 7.76087e+06
98.7 1.42293e+07 5.12463e+06 3.46753e+06 4.25693e+06
98.8 -750897 4.37047e+06 -4.10004e+06 -6.73723e+06
98.9 -1.22453e+07 -7.11294e+06 -6.0685e+06 -7.32393e+06
99 -1.60179e+07 -1.89152e+07 -9.31987e+06 -4.22644e+06
99.1 -1.72803e+07 -1.90706e+07 -1.23473e+07 425691
99.2 -1.83166e+07 -9.70881e+06 -1.0769e+07 -6.05315e+06
99.3 -1.65315e+07 -8.87541e+06 -5.82553e+06 -7.32422e+06
99.4 -1.07925e+07 -1.27461e+07 -5.09689e+06 -6.33355e+06
99.5 230025 -6.89199e+06 -9.07195e+06 1.38005e+06
99.6 3.77474e+06 4.25215e+06 -1.29817e+06 1.63154e+06
99.7 6.16413e+06 1.03399e+07 1.18642e+07 -1.114e+06
99.8 1.18955e+07 1.14662e+07 1.20688e+07 6.067e+06
99.9 1.56946e+07 1.12538e+07 4.89769e+06 7.62128e+06
100 1.45778e+07 9.37774e+06 5.5472e+06 6.74831e+06
100.1 7.38505e+06 8.82697e+06 9.68772e+06 -186220
100.2 1.50164e+06 5.74253e+06 4.15988e+06 -1.80048e+06
