0.1 0.0916819 0.0448208 0.0229942 0.0131351 0.0093412
0.2 0.0289039 0.0780558 0.0713941 0.0563421 0.0471111
0.3 0.144064 0.0872196 0.102833 0.113977 0.116718
0.4 -0.482141 -0.134944 -0.00495476 0.0702713 0.108097
0.5 0.38944 -0.12827 -0.160555 -0.116509 -0.0814412
0.6 -0.806369 -0.129158 -0.203496 -0.308031 -0.361014
0.7 0.599568 -0.303616 -0.297195 -0.342905 -0.400593
0.8 0.628704 0.581593 0.0662177 -0.0728672 -0.0865231
0.9 -2.42304 -0.542763 0.255394 0.322336 0.295214
1 -0.315205 -1.75435 -1.09577 -0.247266 0.120357
1.1 0.364957 -0.0966921 -0.79915 -1.03732 -1.0658
1.2 0.496373 1.19997 -0.341488 -1.10504 -1.23586
1.3 2.58635 0.513023 1.1241 0.25095 -0.65689
1.4 -0.742501 0.702563 0.929432 1.02802 1.28824
1.5 2.62565 1.29108 0.676251 1.46954 1.85754
1.6 -11.3503 -2.85158 0.248822 1.18671 1.6074
1.7 -4.9541 -4.28439 -2.22857 -0.740462 -0.406545
1.8 10.8969 -0.603793 -2.02978 -2.37715 -1.37119
1.9 11.4487 3.96734 -0.479598 -1.07232 -1.65218
2 2.57867 6.55547 3.30822 -0.542386 -1.08453
2.1 1.37218 3.55472 3.1373 2.14031 -0.612361
2.2 -3.99218 0.706658 1.73427 3.91442 0.985656
2.3 4.49116 0.67603 1.43619 2.00034 2.81461
2.4 -2.00166 0.713117 1.42533 1.95024 2.71268
2.5 -9.4538 0.289451 0.958092 1.44647 2.16035
2.6 4.95503 -3.52294 0.943327 1.00899 1.872
2.7 0.685366 0.0647376 -0.700704 -0.320303 1.93449
2.8 -1.0325 0.369663 0.137177 -0.593863 1.2197
2.9 13.1145 1.90338 0.499923 0.707037 0.661021
3 16.7615 4.7875 1.71736 1.67696 1.55879
3.1 9.4633 3.27199 4.06793 2.93061 2.28254
3.2 -2.92998 2.32917 3.18396 4.75832 2.33206
3.3 -15.628 1.581 2.93337 3.10573 1.73864
3.4 12.8915 1.39655 3.50763 1.82069 1.67083
3.5 -15.1325 3.45837 0.00674469 1.74456 2.34895
3.6 -4.50783 0.370204 1.59664 0.599391 1.92496
3.7 12.9405 -1.53065 1.30928 1.23586 2.0753
3.8 3.26051 4.15762 -0.527792 1.382 2.2142
3.9 -4.88977 1.32712 3.58696 0.790192 0.839147
4 -1.13601 0.652636 1.69324 2.40224 0.57881
4.1 -6.93193 -0.45435 -1.4135 1.61763 0.54701
4.2 -6.48787 -0.507601 -0.309223 -1.94288 1.24149
4.3 3.35003 -0.625459 -0.29641 -0.595923 -0.370837
4.4 1.83286 -0.446596 -0.0166118 -0.473531 -0.201082
4.5 -1.36095 -0.409974 0.000409861 -0.431603 -0.200976
4.6 8.01151 -0.150669 -0.144796 0.166238 -0.000796514
4.7 -4.91035 -0.00618196 -0.0904667 0.298307 0.0713464
4.8 -12.7823 -0.574556 -0.553485 -0.429064 -0.539498
4.9 -10.5911 -1.34905 -1.15237 -1.31779 -1.29467
5 -4.46549 -1.84493 -1.50283 -1.81818 -1.72797
5.1 -1.66868 -2.02773 -1.65966 -1.88039 -1.84154
5.2 -3.29734 -3.4823 -1.97687 -1.71139 -1.90927
5.3 6.36374 -6.80104 -1.85249 -1.51447 -1.70709
5.4 0.931382 -1.7307 -4.76403 -2.18897 -1.46771
5.5 6.42512 -1.02541 -2.81348 -2.40943 -2.28017
5.6 3.52869 -0.632714 -1.34944 -2.14562 -2.54029
5.7 -5.62043 -0.659239 -1.3303 -1.96772 -2.54925
5.8 9.16584 -0.499076 -1.1276 -1.72317 -2.26626
5.9 -12.4546 -0.573284 -1.16201 -1.71843 -2.22563
6 3.78671 -0.820719 -1.37031 -1.89013 -2.3638
6.1 7.10503 -0.4106 -0.924052 -2.02714 -1.23433
6.2 -2.34309 1.8594 -0.996157 -0.10253 -0.843941
6.3 -4.51046 -0.216838 -0.126245 -0.267675 -0.360391
6.4 3.31264 -0.674055 -0.119528 -0.292091 -0.368992
6.5 1.18147 -0.140449 0.0605483 -0.123091 -0.189382
6.6 0.245052 -0.106374 0.116163 -0.0597609 -0.121055
6.7 -7.17305 -0.350068 -0.116157 -0.268596 -0.330019
6.8 2.78811 -0.889661 -0.261533 -0.375597 -0.441048
6.9 -1.34965 -1.37902 -0.222586 -0.281511 -0.353026
7 9.89206 0.168381 -0.162339 -0.149757 0.153033
7.1 12.2765 0.940644 0.522485 0.194789 1.30092
7.2 10.8481 1.70489 1.22783 1.46447 1.49243
7.3 -3.39384 4.28662 1.38366 1.81912 1.47075
7.4 4.60878 4.0862 1.39146 1.82636 1.35089
7.5 -5.8265 3.72932 1.3944 1.55236 1.34612
7.6 -4.76128 0.898936 3.23688 0.996368 1.04197
7.7 -0.933158 0.545962 2.709 0.591488 1.21557
7.8 -6.23934 -0.317283 0.574568 2.4994 1.05513
7.9 -0.268225 -1.54245 0.165976 3.14304 0.949817
8 0.81517 -1.83704 1.11309 2.37678 0.963615
8.1 2.18175 1.04612 0.49703 0.234687 1.07546
8.2 1.02582 1.12009 0.640117 0.166612 1.18115
8.3 1.86669 1.17297 0.971456 -0.336039 1.49822
8.4 3.70067 1.30832 0.871354 -0.212965 1.88044
8.5 1.2013 1.31306 0.683993 1.20991 1.06448
8.6 -0.321992 1.33211 0.749451 1.31581 1.01168
8.7 -6.77734 0.918497 0.829201 1.06299 0.705371
8.8 -0.625258 -1.03804 2.13984 0.823869 0.414923
8.9 -0.52884 0.0278408 -1.00947 1.23675 0.412897
9 -6.21985 -0.197341 -0.133364 -0.19175 0.244648
9.1 -2.88882 -0.509282 -0.40142 -0.575493 -0.0053598
9.2 -6.54275 -0.83208 -0.670647 -0.884596 -0.30345
9.3 -5.03096 -1.2249 -0.930731 -1.09863 -0.86212
9.4 -2.78367 -1.48367 -1.05508 -1.36423 -1.07305
9.5 -2.16374 -1.63387 -1.17244 -1.42638 -1.1804
9.6 1.46 -1.62681 -1.3244 -1.16829 -1.14485
9.7 1.54362 -3.83613 -1.2251 -0.940937 -0.991109
9.8 1.2199 -3.47852 -1.04723 -0.86509 -0.855049
9.9 2.99092 -1.34648 -2.71871 -0.917099 -0.681293
10 2.32067 -1.22649 -1.35492 -1.88413 -0.490239
10.1 -1.3109 -1.12892 -1.13638 -1.88586 -0.470126
10.2 -2.48494 -0.12195 -2.29389 -1.87511 -0.630316
10.3 2.60998 0.637693 -2.9666 -0.261157 -2.15945
10.4 4.13443 0.831963 -2.23114 0.124884 -2.34437
10.5 -1.84179 -0.0508105 2.54528 -1.56869 -2.11598
10.6 -1.63424 -0.165149 2.27191 -1.5806 -2.09134
10.7 -0.908286 0.105209 -0.638023 0.0573242 -1.36586
10.8 3.8351 0.648239 -1.22641 -0.384124 -0.418342
10.9 4.07628 0.267171 -0.206442 -0.109852 -0.114211
11 0.633138 0.235798 0.150396 0.0344971 0.0651181
11.1 -0.232026 0.241327 0.16997 0.0306928 0.0911552
11.2 2.95415 0.323944 0.261447 0.10811 0.190778
11.3 2.89469 0.511748 0.445963 0.288533 0.385279
11.4 2.04987 0.667794 0.583651 0.216108 0.755162
11.5 0.864614 3.10773 0.645041 -0.155933 1.28502
11.6 -0.203859 2.90418 0.645817 0.587268 0.55705
11.7 1.72603 2.68964 0.709123 0.846929 0.374004
11.8 0.726045 0.826166 2.47555 0.948533 0.414898
11.9 -1.94482 0.17802 2.75172 0.877136 0.415363
12 -0.784476 0.0198071 1.60691 1.55449 0.422475
12.1 0.584245 -0.3263 -0.779744 3.19997 1.25953
12.2 1.29154 -0.87638 -0.235681 3.20583 1.30207
12.3 1.32394 -1.0466 2.70741 0.494456 1.38705
12.4 0.00487833 1.05737 0.634247 0.406145 1.42043
12.5 -3.41219 0.929563 0.320169 -0.366062 1.98594
12.6 -2.13864 0.710721 -0.249436 -0.50669 2.01163
12.7 -1.52234 -0.0204282 -1.07117 1.55246 0.408497
12.8 -2.35425 -0.278196 0.2571 0.0889687 0.216318
12.9 -1.34774 -0.502975 0.24865 -0.0769028 0.0785706
13 -2.14235 -0.630444 0.184287 -0.245603 -0.0452762
13.1 -0.712364 -0.483732 0.0363524 -0.523936 -0.143224
13.2 -1.64672 -0.561359 -0.0334903 -0.590745 -0.222822
13.3 -1.51681 -0.65775 -0.417001 -0.392795 -0.327391
13.4 -1.39648 -0.741187 -0.676706 -0.294188 -0.418123
13.5 -1.18186 -0.811205 -0.771648 -0.33097 -0.490825
13.6 -2.25072 -3.26094 -0.688323 -0.608154 -0.585389
13.7 0.353186 -2.84351 -0.877657 -0.776997 -0.623587
13.8 0.958561 -0.65794 -2.09495 -1.35289 -0.557774
13.9 0.560232 -0.492815 -1.42599 -1.7753 -0.499272
14 -0.280477 -0.39193 -1.22349 -1.79313 -0.500233
14.1 -0.170894 0.0685134 -1.60739 -0.911822 -1.2859
14.2 2.57437 0.604374 -1.86106 -0.344732 -1.59694
14.3 2.19702 -0.115528 -0.689065 0.290975 -1.8793
14.4 1.91246 -0.00439916 0.380508 0.444881 -1.77729
14.5 2.43623 0.13902 0.741373 -0.899073 -0.288943
14.6 2.24576 0.309976 1.66545 -1.51359 -0.10838
14.7 -0.269667 0.499623 0.0676422 0.138267 -0.0817613
14.8 0.588373 0.587771 -0.0353913 0.230312 -0.123012
14.9 0.211201 0.617101 -0.0413131 0.270363 -0.0914548
15 -2.88448 2.40555 0.0367294 0.0894379 -0.078783
15.1 -1.6314 2.34193 -0.0690946 -0.0561631 -0.214623
15.2 -0.145698 0.503057 -0.0391043 -0.104743 -0.249674
15.3 -0.802595 -0.787671 0.0274416 -0.122795 -0.253296
15.4 1.88773 -2.07615 1.35843 -0.0604663 -0.188232
15.5 1.36017 -2.53948 2.03491 0.106419 -0.0547004
15.6 1.17151 -0.265524 -0.0124714 0.276797 0.0489293
15.7 -0.257102 2.32615 -1.04274 0.372101 0.465382
15.8 -2.57228 2.3907 -2.35957 1.09411 0.938709
15.9 0.367926 -0.028385 0.530561 0.199647 0.823138
16 -0.476094 -0.904793 1.01849 -0.0400183 0.777302
16.1 1.28361 -1.93587 0.944925 0.095499 0.75451
16.2 0.33476 -0.490319 0.560955 0.674279 0.602396
16.3 1.34599 0.389261 0.0681326 0.833223 0.604461
16.4 2.90212 0.55702 0.145327 0.954736 0.696253
16.5 0.361966 0.681973 0.530215 0.694213 0.754782
16.6 1.29787 0.744509 0.616521 0.624267 0.756947
16.7 0.611754 0.809739 0.845478 0.434077 0.762386
16.8 -0.647702 0.804986 0.881267 0.315417 0.695201
16.9 -2.21707 0.698715 0.599164 0.408095 0.465784
17 -1.60584 0.550586 0.321317 0.803703 -0.135335
17.1 -2.30998 0.219484 0.17213 0.615235 -0.318315
17.2 -1.13742 0.129348 0.0970354 -0.201052 0.139156
17.3 -0.252191 0.088757 0.0730262 -0.444682 0.213913
17.4 -1.74564 0.00297862 -0.164711 -0.32799 0.113637
17.5 0.217756 -0.16627 -0.297298 -0.0666084 -0.0798958
17.6 1.15392 -0.297978 -0.178996 0.239548 -0.21011
17.7 1.38416 -0.234191 0.0556174 0.275206 -0.227192
17.8 -0.059872 -0.127413 0.119693 -0.0547314 0.0808664
17.9 0.342377 -0.0670844 0.0416909 -0.191091 0.15875
18 -1.08986 -1.19471 -0.48914 -0.312303 0.089216
18.1 -0.765576 -0.903223 -0.942868 -0.499847 -0.257641
18.2 0.753552 -0.525996 -0.788099 -0.448703 -0.691008
18.3 0.10496 -0.440929 -0.454828 -0.542734 -0.753188
18.4 1.36462 -0.33365 -0.348213 -0.508521 -0.666118
18.5 1.52645 0.235061 -0.232282 -0.402123 -0.531779
18.6 0.753901 0.325427 -0.139378 -0.357975 -0.38454
18.7 0.904633 1.80683 0.166589 -0.32758 -0.266955
18.8 -0.523415 2.24553 0.0423391 -0.117167 -0.236203
18.9 -0.866454 1.25286 0.56223 -0.124725 -0.26412
19 -0.52899 -2.15266 2.11061 -0.0788497 -0.277254
19.1 -0.117742 -2.35993 0.476298 1.17187 -0.0551781
19.2 0.00478855 -1.31955 -0.638222 0.84957 0.69387
19.3 -0.456313 1.75594 -2.39748 0.971337 0.666209
19.4 -1.46946 1.32702 -1.24302 0.0216163 0.592903
19.5 -1.08359 -1.86606 1.75295 -1.57964 0.491214
19.6 -0.745314 -2.16436 1.5394 -1.51174 0.257909
19.7 -0.230619 -0.363942 -1.77186 0.0382674 0.164229
19.8 -0.129222 -0.049612 -2.2756 0.380082 0.0864519
19.9 1.25014 0.0120249 -0.818673 -0.0744877 -0.706442
20 -0.370391 -0.0773168 -0.0234114 -0.356977 -0.840111
20.1 2.04664 0.210382 0.124844 -0.32916 -0.754254
20.2 0.965414 1.67797 0.302821 -0.253519 -0.620002
20.3 2.43196 1.89804 0.948853 -0.155151 -0.473021
20.4 1.32709 0.320956 2.3067 0.0402528 -0.0814504
20.5 -0.010324 0.189223 2.25491 0.192952 -0.0287175
20.6 -0.0739697 0.535689 1.24399 0.685889 -0.0203604
20.7 -0.954511 0.853912 -1.25416 2.59097 -0.0268134
20.8 -0.0501625 0.602276 -1.77663 2.12713 0.943668
20.9 -1.15755 -0.00552717 0.504153 0.0968416 0.912461
21 -0.305308 -0.142204 0.978027 -0.498108 0.867826
21.1 0.066945 -0.187719 1.79915 -1.37565 0.843622
21.2 -0.0245254 0.0184342 0.0807601 0.095476 0.804661
21.3 0.693129 0.0518322 -0.322592 0.541073 0.738944
21.4 -0.820007 0.0478876 -0.797371 1.22574 0.43925
21.5 -0.548816 -0.0150637 0.0932205 0.199919 0.381666
21.6 -1.31618 -0.155949 0.103895 0.0829909 0.314526
21.7 -0.685633 -0.242064 0.0484651 -0.0145037 0.231033
21.8 -0.32926 -1.97869 0.0129056 -0.0336549 0.142762
21.9 1.07269 -1.70865 -0.374971 -0.238049 0.151132
22 -0.306354 0.307619 -1.32148 -0.824608 0.152334
22.1 0.611898 0.525959 -0.626774 -1.39581 0.123621
22.2 0.173608 0.6405 -0.427754 -1.39096 0.0915361
22.3 1.58785 0.574741 -0.434336 -0.891776 0.0727399
22.4 -0.0945654 1.00304 -0.444487 0.455752 -0.90921
22.5 -0.252204 0.718577 -0.258638 0.786393 -1.3304
22.6 -0.0857961 -1.16565 1.33642 0.96714 -1.73829
22.7 -0.145895 -1.57602 1.83755 0.232153 -1.04719
22.8 -0.903979 0.771891 -0.0564374 -0.24407 -0.376951
22.9 -0.691876 0.793206 -0.885985 0.016096 -0.37851
23 -0.444731 -0.00527742 -0.966818 0.0155793 -0.36059
23.1 0.741538 -0.571859 -0.294621 -0.989105 0.419173
23.2 -0.17286 -0.751473 -0.0525065 -1.13749 0.656567
23.3 0.752786 -0.750132 -0.593489 -0.285891 0.504077
23.4 -0.205271 -0.616478 -0.984074 0.660842 0.0388749
23.5 -0.894208 -0.536161 0.00885082 0.126593 -0.48285
23.6 -0.225539 -0.00729251 0.206533 -0.224393 -0.546879
23.7 0.0942454 1.04879 0.275166 -0.492696 -0.401983
23.8 -0.0285358 1.01689 0.276712 -0.409247 -0.332236
23.9 -0.0770318 -0.669902 0.631403 -0.100727 -0.278001
24 0.421789 -0.742395 -0.500187 0.795294 -0.0664871
24.1 0.0892145 0.264163 -0.872711 0.302849 0.544886
24.2 0.765616 0.40875 0.409282 -0.381231 0.61578
24.3 0.00200957 0.354959 0.794321 -0.370951 0.556755
24.4 -0.906069 0.323632 0.193658 0.433937 0.308552
24.5 -1.09659 -0.0405974 -0.02453 1.16258 -0.367399
24.6 -0.407174 -0.727485 0.161589 0.367794 0.0692435
24.7 0.0354805 -1.4761 0.0121895 -0.128262 0.337395
24.8 -0.0708513 -0.0639572 -0.843488 -0.694183 0.366281
24.9 -0.987376 0.276606 -0.720171 -0.985967 0.0966413
25 0.423298 0.048874 -0.546475 -0.270365 -0.760946
25.1 1.15266 -0.173851 -0.160332 -0.327225 -0.7065
25.2 0.447943 0.0514394 -0.0221597 -0.270939 -0.639823
25.3 -0.228161 0.187483 0.110074 -0.234481 -0.608939
25.4 1.00273 0.489519 0.165649 -0.0650391 -0.547078
25.5 -0.573181 1.13311 0.403528 -0.17601 -0.319059
25.6 0.330394 -0.205027 1.16354 0.217593 -0.296733
25.7 0.0697609 -0.406752 0.0271024 1.3846 -0.243844
25.8 -0.285445 -0.0244825 -0.377755 0.60824 0.684219
25.9 -0.290779 0.0204534 -0.00452622 0.0643899 0.721939
26 -0.920351 -0.108395 0.10353 -0.156833 0.66429
26.1 -0.106164 -0.925337 0.0344833 -0.281089 0.604003
26.2 -1.1246 -0.28397 -0.985861 -0.36814 0.527326
26.3 -0.164762 -0.302389 -0.592756 -0.821749 0.278332
26.4 0.832896 -0.374098 -0.329679 -0.97266 0.238438
26.5 -0.89702 -0.342137 -0.552799 -0.614839 0.13331
26.6 -0.0499352 -0.376275 -0.594356 0.526557 -0.912788
26.7 -0.369728 -0.394699 -0.130361 0.144481 -0.924304
26.8 0.0237 -0.288145 0.153092 -0.0307398 -1.02849
26.9 0.106246 -0.0169582 0.0812366 0.00422938 -1.0383
27 1.41378 0.419421 0.0130926 -0.475988 -0.41616
27.1 1.14476 1.73422 0.184137 -0.381333 -0.294657
27.2 -0.051267 1.45325 0.499755 -0.184247 -0.229781
27.3 -0.457386 -0.154388 1.76417 -0.103107 -0.221218
27.4 0.0751324 -0.564045 0.424601 1.31342 -0.202721
27.5 0.224819 -0.348638 -0.334087 1.4092 0.162252
27.6 0.471089 -0.0254381 -0.461131 0.682928 0.858025
27.7 0.060003 0.266562 -0.00693318 0.150784 0.865456
27.8 0.147547 0.40239 0.336709 -0.164254 0.852537
27.9 -0.470761 0.34659 0.524653 -0.353505 0.809255
28 0.646689 0.291714 0.367013 -0.180123 0.769996
28.1 -0.306841 0.229661 0.0897602 0.361958 0.483349
28.2 -0.288526 0.00468949 -0.104603 0.530757 0.423121
28.3 0.314153 -0.237602 0.0311977 0.418777 0.387751
28.4 0.108706 -0.261152 0.202433 0.198604 0.367716
28.5 -0.124734 -0.0996328 0.178117 0.0525605 0.331965
28.6 -0.392471 0.0995882 0.0314049 -0.0661648 0.277298
28.7 -0.618739 0.260879 -0.517924 -0.326487 0.203272
28.8 0.0401722 -0.39278 -0.312329 -0.75452 0.137906
28.9 0.170441 -0.53457 -0.343884 -0.677279 0.0887702
29 -0.617913 -0.5729 -0.52434 0.365914 -0.816497
29.1 -0.30326 -0.51652 -0.285182 0.130535 -0.949297
29.2 -0.0865153 -0.339143 -0.15138 -0.156582 -0.921826
29.3 -0.259025 -0.0263881 -0.235322 -0.260337 -0.88012
29.4 -0.572107 -4.82549e-05 -0.293706 -0.584821 -0.568368
29.5 0.500456 -0.0154418 -0.25866 -0.576409 -0.530075
29.6 0.777935 -0.046171 -0.107999 -0.510974 -0.4507
29.7 -0.142366 0.0114528 -0.152382 -0.331604 -0.397971
29.8 -0.2935 0.133977 -0.171084 -0.284548 -0.383152
29.9 -0.924212 -0.0621435 -0.0568486 -0.282347 -0.393501
30 -0.172015 -0.389816 0.0287294 -0.263183 -0.397463
30.1 -0.206361 -0.555508 -0.00128977 -0.206245 -0.375562
30.2 0.0397635 -0.410989 -0.387559 0.0336417 -0.344926
30.3 0.074537 -0.184274 -0.668036 0.107361 -0.17512
30.4 0.489097 -0.00416316 -0.586573 -0.556898 0.562217
30.5 0.578094 0.185828 -0.218967 -0.64095 0.625926
30.6 0.163915 0.488634 0.519804 0.230283 0.150609
30.7 1.78339 0.447228 0.49001 1.26346 -0.230352
30.8 0.0524236 0.215229 0.894934 0.961385 0.0237738
30.9 0.466592 0.211894 0.981311 0.0783847 0.769946
31 -0.78341 0.3494 0.34064 0.464918 0.725522
31.1 0.924723 0.458981 0.0528803 0.582673 0.693031
31.2 2.31068 0.563429 0.144584 0.639377 0.761318
31.3 0.942569 0.561765 0.765612 0.269055 0.821611
31.4 0.620222 0.550199 0.823759 0.367418 0.748277
31.5 0.320038 0.598421 0.609848 0.554595 0.712502
31.6 0.381182 0.625084 0.394335 0.743622 0.666486
31.7 0.0748376 0.581184 0.365179 0.809016 0.597153
31.8 -1.07192 0.506668 0.531851 0.677184 0.369933
31.9 -0.646506 0.416322 0.57903 0.513252 0.225575
32 1.03244 0.402268 0.657202 0.300247 0.31695
32.1 -0.170885 0.443511 0.613787 0.280815 0.346484
32.2 -0.350169 0.407287 0.409202 0.371139 0.321019
32.3 0.69726 0.336938 0.253307 0.463793 0.338352
32.4 0.320403 0.307608 0.161823 0.466856 0.405261
32.5 -0.43021 0.216811 0.24032 0.247373 0.435629
32.6 -0.20451 0.2027 0.225315 0.147581 0.401704
32.7 -1.43561 0.15493 0.156924 0.117802 0.256272
32.8 -1.59532 0.0528645 0.0373712 0.0833957 0.044973
32.9 0.420179 0.00471183 0.00102746 0.090792 -0.0823093
33 0.607275 0.032229 0.0665174 0.179618 -0.16705
33.1 -0.477513 0.0412433 0.100285 -0.0699666 0.0153842
33.2 -0.605211 0.0213828 0.0409669 -0.1762 0.0164602
33.3 -0.601537 -0.00733344 -0.109504 -0.138046 -0.0367865
33.4 -0.287305 -0.0554425 -0.196351 -0.0814066 -0.103344
33.5 -0.132287 -0.156786 -0.145714 -0.000271707 -0.210173
33.6 -0.0715234 -0.950414 -0.184974 -0.121053 -0.135967
33.7 -0.00991223 -1.65255 -0.672965 -0.445815 -0.111407
33.8 -0.0505312 -0.774899 -0.838463 -0.660691 -0.455749
33.9 -0.433019 -0.541497 -0.812278 -0.612593 -0.668172
34 1.05509 -0.457546 -0.549178 -0.655034 -0.732878
34.1 1.39689 -0.311706 -0.444528 -0.513136 -0.649448
34.2 1.29856 0.306474 -0.334242 -0.40738 -0.525767
34.3 0.0298729 0.357766 -0.263636 -0.355297 -0.450196
34.4 -0.385669 0.192401 -0.100334 -0.411107 -0.380225
34.5 -0.573052 -0.00757374 0.0441584 -0.428631 -0.378021
34.6 -0.232673 -0.0384223 -0.154969 -0.246118 -0.379538
34.7 -0.296552 0.028806 -0.175771 -0.221591 -0.370309
34.8 -0.52979 0.0826923 -0.202498 -0.207711 -0.368844
34.9 0.0994629 -0.0210164 -0.209794 -0.273685 -0.260489
35 0.0760871 -0.070098 -0.195708 -0.321731 -0.128631
35.1 0.973537 0.00740041 -0.211191 -0.262629 0.0177058
35.2 -0.56713 -0.216484 0.016092 0.0421413 0.00521376
35.3 -0.323953 -0.642328 0.609067 0.471632 0.0701492
35.4 0.349675 0.0401508 0.0779908 0.676312 0.449238
35.5 -0.184824 0.355251 0.0160194 0.556897 0.588627
35.6 -0.600557 0.316653 0.425918 0.0632006 0.583128
35.7 0.303635 0.229265 0.429551 0.064835 0.535936
35.8 -0.000875451 0.184985 0.282184 0.283297 0.435084
35.9 -0.400831 0.252523 0.0303261 0.533269 0.233127
36 -0.307621 -0.0811958 0.158957 0.474965 0.0842424
36.1 0.0186323 -0.189994 0.0492981 0.236112 0.137486
36.2 0.590858 -0.834846 0.0758801 0.0169365 0.189532
36.3 0.0154649 0.473177 -0.335784 -0.642875 0.150154
36.4 0.334171 0.693944 -0.221191 -0.244879 -0.415955
36.5 -0.496715 -0.031695 -0.0122692 -0.121738 -0.572451
36.6 -0.769818 -0.429452 0.0909336 -0.163557 -0.592717
36.7 0.051633 -0.63824 -0.109298 -0.165634 -0.478885
36.8 0.257182 -0.513183 -0.333031 -0.243199 -0.271611
36.9 0.126491 -0.179787 -0.57464 -0.639246 0.244543
37 0.770811 0.174012 -0.636189 -0.306868 0.0283942
37.1 0.346523 0.353734 -0.283885 -0.00652793 -0.279801
37.2 0.409634 1.25637 0.243615 0.0178206 -0.338642
37.3 -0.046388 0.00905695 1.53072 0.0471984 -0.262071
37.4 -0.212562 -0.144598 0.641002 0.896016 -0.0909445
37.5 -0.446645 0.0314195 0.0333075 0.495361 0.616085
37.6 -0.116749 0.00501584 -0.227598 0.574684 0.605967
37.7 -0.399987 -0.101548 0.0171956 0.2206 0.569049
37.8 0.368996 -0.17659 0.0886354 0.0620746 0.545038
37.9 -0.0942205 -0.103926 0.0947526 -0.0665857 0.524079
38 -0.147312 -0.0246616 -0.00662348 -0.0684802 0.386518
38.1 0.0367029 0.218869 -0.529652 -0.154238 0.337965
38.2 -0.234858 -0.23669 -0.0897792 -0.676447 0.273169
38.3 -0.313139 -0.395396 -0.0931884 -0.392985 -0.113912
38.4 -0.274726 -0.237047 -0.462131 0.418798 -0.833374
38.5 -0.447108 -0.30545 -0.194667 0.0847391 -0.837039
38.6 -0.168942 -0.351183 -0.0361749 -0.180497 -0.811174
38.7 -0.281552 -0.291573 -0.0763881 -0.534783 -0.554614
38.8 -0.453958 -0.162353 -0.295589 -0.541399 -0.536063
38.9 -0.198175 -0.106027 -0.372645 -0.534192 -0.516031
39 0.378615 -0.092278 -0.440358 -0.411116 -0.469965
39.1 0.856359 -0.0692817 -0.36126 -0.338445 -0.391762
39.2 0.14244 -0.071825 -0.19062 -0.278817 -0.325585
39.3 -0.263248 -0.0688643 -0.193179 -0.329913 -0.209706
39.4 0.0449416 -0.0118259 -0.137886 -0.305411 -0.0792249
39.5 0.0820143 0.0119207 -0.0946579 -0.241952 0.0845694
39.6 0.0705902 0.28161 0.15218 0.208006 0.0363803
39.7 0.571552 0.0691767 0.240497 0.719703 0.273693
39.8 -0.369421 0.110114 0.387735 0.496562 0.526625
39.9 0.0765863 0.0971593 0.473495 0.354619 0.608138
40 -0.360545 0.0539554 0.417092 0.325506 0.602665
40.1 0.107895 0.252281 0.124968 0.414551 0.484555
40.2 0.567196 0.309657 0.215246 0.32343 0.434099
40.3 0.667232 0.359978 0.400055 0.242603 0.359847
40.4 0.498125 0.404827 0.40166 0.356497 0.266774
40.5 0.298263 0.433942 0.384735 0.541522 0.0846328
40.6 0.622964 0.452787 0.403031 0.344978 0.27447
40.7 0.704642 0.460451 0.445943 0.268036 0.383244
40.8 0.362271 0.454602 0.418591 0.295863 0.432352
40.9 0.226046 0.42571 0.350494 0.375455 0.42767
41 -0.22889 0.356766 0.296656 0.444429 0.381672
41.1 -0.310037 0.25805 0.292067 0.420426 0.3424
41.2 -0.210602 0.103112 0.370456 0.280113 0.319394
41.3 -0.264425 0.116824 0.281647 0.236788 0.29475
41.4 -0.364067 0.14787 0.152088 0.220593 0.250056
41.5 -0.6979 0.159233 0.0411106 0.171598 0.184919
41.6 -0.184778 0.136711 0.00342036 0.107673 0.12383
41.7 -0.625537 -0.434966 -0.00262829 0.026458 0.0622482
41.8 -0.830808 -1.98403 -0.222341 -0.0836763 -0.028517
41.9 -1.02642 -0.590103 -1.03707 -0.541097 -0.327046
42 -0.465396 -0.3528 -0.819276 -0.701091 -0.685057
42.1 -0.326747 -0.347073 -0.582315 -0.799745 -0.79844
42.2 -0.406345 -0.349132 -0.571649 -0.717478 -0.853387
42.3 -0.427925 -0.361705 -0.56407 -0.710986 -0.835137
42.4 0.0803559 -0.362784 -0.54011 -0.688556 -0.797315
42.5 0.468555 -0.334148 -0.488173 -0.637177 -0.728365
42.6 0.406769 -0.291789 -0.430127 -0.653311 -0.572434
42.7 0.396011 -0.248885 -0.383317 -0.580994 -0.509477
42.8 0.286522 -0.102349 -0.454458 -0.320496 -0.455633
42.9 0.633184 -0.0702867 -0.172564 -0.264239 -0.392204
43 0.278918 -0.0409261 -0.130703 -0.209298 -0.333643
43.1 -0.0460282 -0.0363418 -0.116559 -0.177146 -0.299026
43.2 -0.136215 -0.0475835 -0.120143 -0.242294 -0.193262
43.3 -0.156054 -0.0641204 -0.13318 -0.309757 -0.086941
43.4 0.198278 -0.0705709 -0.142974 -0.292096 -0.0358491
43.5 -0.191662 -0.0793186 -0.159575 -0.177876 -0.0798461
43.6 -0.397031 -0.110686 -0.362606 0.0777785 -0.137533
43.7 0.224625 -0.162588 -0.392556 0.160408 -0.118221
43.8 -0.0996419 -0.508944 0.16361 -0.0688652 -0.0397296
43.9 -0.0747217 -0.74561 0.256856 -0.177259 0.230683
44 -0.319881 -0.282666 -0.190038 0.0347204 0.0902786
44.1 0.064735 1.32684 -0.236592 0.251738 -0.0967547
44.2 0.0806813 0.668278 0.884197 0.124414 0.044474
44.3 0.165146 0.464189 0.569764 0.375714 0.387886
44.4 0.0788453 0.186716 0.376691 0.681048 0.470259
44.5 0.169455 0.159935 0.2555 0.650857 0.570856
44.6 0.0777879 0.139376 0.265008 0.565046 0.594882
44.7 0.391617 0.135857 0.671301 0.140293 0.578118
44.8 0.0329367 0.264228 0.454809 0.209557 0.555204
44.9 -0.106994 0.282004 0.225771 0.396427 0.474366
45 0.234032 0.274124 0.103124 0.492745 0.435101
45.1 -0.205879 0.121099 0.222414 0.397294 0.342386
45.2 -0.192136 0.0995183 0.273948 0.358795 0.221613
45.3 0.355927 0.100378 0.357757 0.281709 0.16434
45.4 0.188073 0.176669 0.367371 0.206186 0.158227
45.5 -0.120744 0.386098 0.169358 0.125926 0.167724
45.6 -0.449756 0.368203 -0.000339533 0.082667 0.11679
45.7 0.13849 -0.0425789 -0.0542685 0.0303179 0.0808708
45.8 0.0700443 -0.901853 -0.25149 -0.209124 -0.00467232
45.9 0.0623102 -0.390014 -0.396519 -0.310045 -0.396387
46 -0.162975 -0.197518 -0.482273 -0.339324 -0.472303
46.1 0.015828 -0.0536188 -0.465282 -0.447976 -0.482915
46.2 -0.145917 -0.0415476 -0.324877 -0.555297 -0.481528
46.3 -0.200809 -0.247635 -0.125735 -0.515744 -0.498166
46.4 0.081501 -0.243608 -0.213317 -0.352914 -0.502848
46.5 -0.212824 -0.115817 -0.236419 -0.316392 -0.45217
46.6 -0.205471 -0.125423 -0.304971 -0.299644 -0.336215
46.7 -0.172508 -0.200164 -0.317297 -0.239862 -0.27014
46.8 -0.370191 -0.313312 -0.280727 -0.217993 -0.206985
46.9 0.0272538 -0.380111 -0.232714 -0.279814 -0.0678492
47 0.12138 -0.301564 -0.208178 -0.191604 -0.0501435
47.1 -0.0118432 -0.106009 -0.189117 0.0119259 -0.175547
47.2 0.270064 0.518378 0.0107007 0.00298091 -0.12402
47.3 0.158355 0.29502 0.67291 0.0241537 0.0882663
47.4 0.10044 0.20083 0.18626 0.483852 0.340914
47.5 0.297518 0.227799 0.177075 0.514747 0.412983
47.6 0.431714 0.271392 0.295524 0.43301 0.504106
47.7 0.289451 0.185136 0.525905 0.237066 0.560208
47.8 0.105366 0.166604 0.380014 0.398689 0.520593
47.9 0.312631 0.33442 0.179807 0.465736 0.449275
48 0.304389 0.359381 0.402147 0.281952 0.37733
48.1 -0.0549083 0.366566 0.396509 0.314949 0.28586
48.2 0.0976346 0.370249 0.335703 0.383793 0.191987
48.3 -0.167709 0.31087 0.295635 0.386435 0.14259
48.4 -0.265642 0.281554 0.264626 0.214469 0.235464
48.5 -0.301426 0.237011 0.226737 0.123696 0.252978
48.6 -0.686393 0.167603 0.147363 0.0925119 0.223061
48.7 -0.590295 -0.620747 0.00617824 0.105696 0.144005
48.8 -0.302035 -1.81845 -0.270725 0.0703046 0.0718071
48.9 0.0359269 -0.496379 -1.41349 -0.129224 0.00965199
49 -0.382271 -0.164218 -0.605081 -0.743899 -0.437317
49.1 -0.2507 -0.156162 -0.381188 -0.72695 -0.650023
49.2 -0.309711 -0.156732 -0.35177 -0.616164 -0.748417
49.3 -0.327782 -0.167893 -0.331214 -0.607696 -0.739938
49.4 0.184934 -0.16762 -0.300658 -0.578857 -0.710609
49.5 -0.418109 -0.173348 -0.280893 -0.550073 -0.680982
49.6 0.351809 -0.187262 -0.251187 -0.513092 -0.642683
49.7 0.166323 -0.351594 -0.259781 -0.345232 -0.470873
49.8 0.284951 -0.101173 -0.245633 -0.291289 -0.422721
49.9 0.228271 -0.0786862 -0.230508 -0.238193 -0.373523
50 0.436852 -0.0550729 -0.207338 -0.185227 -0.320347
50.1 0.242451 -0.0348077 -0.179378 -0.13867 -0.267974
50.2 0.321801 -0.0219544 -0.152759 -0.267742 -0.0538176
50.3 0.388302 0.0465808 -0.126684 -0.463496 0.239073
50.4 0.720197 0.973058 0.100005 -0.134878 0.0430361
50.5 0.562486 0.994672 0.968238 0.267029 -0.0322267
50.6 0.601785 0.221126 0.645175 1.38896 0.0689173
50.7 0.0284492 0.0922344 0.412048 0.99242 0.769241
50.8 0.290015 0.0758675 0.300373 0.954307 0.840829
50.9 0.139239 0.0755793 0.689758 0.506917 0.825926
51 0.253755 0.0912627 0.749961 0.378101 0.806473
51.1 -0.138472 0.411083 0.322724 0.415493 0.772216
51.2 0.213732 0.408036 0.263268 0.41355 0.732242
51.3 0.329977 0.415261 0.252058 0.407675 0.704358
51.4 0.153704 0.415192 0.318664 0.44779 0.553612
51.5 -0.130219 0.372141 0.367613 0.381222 0.511066
51.6 -0.459425 0.331785 0.401573 0.270825 0.447912
51.7 -0.685187 0.140826 0.374941 0.18951 0.366682
51.8 -0.529561 0.0487041 0.269685 0.188961 0.284653
51.9 -0.606308 0.00442726 0.155784 0.205575 0.208322
52 0.140239 -0.0155101 0.0853297 0.224811 0.158724
52.1 -0.0692796 0.0032364 0.0888403 0.186609 0.1311
52.2 -0.153186 0.208902 -0.093936 0.191541 0.0230546
52.3 0.0658435 0.325053 -0.10223 0.198465 -0.152143
52.4 0.324035 0.349958 0.324084 0.0362095 -0.437733
52.5 -0.13879 0.3492 0.6452 -0.558142 -0.189796
52.6 -0.177917 0.332007 -0.179129 0.125443 -0.126521
52.7 -0.146226 -1.3462 -0.645076 0.148292 0.0367199
52.8 -0.238954 -1.11175 -1.00363 -0.228511 0.0745838
52.9 -0.107812 -0.728369 -0.440212 -0.926682 -0.089764
53 0.0680999 -0.409806 -0.451724 -0.572362 -0.624381
53.1 0.147821 -0.269189 -0.42572 -0.492928 -0.712514
53.2 -0.00906643 -0.226528 -0.397705 -0.447901 -0.686183
53.3 -0.125543 0.120365 -0.375428 -0.422212 -0.661129
53.4 0.474532 0.127299 -0.329208 -0.389921 -0.61243
53.5 0.291922 -0.0922188 -0.0367035 -0.447533 -0.446447
53.6 -0.00828467 -0.0841186 -0.155187 -0.281892 -0.393663
53.7 0.0976035 -0.0830136 -0.148 -0.245393 -0.361848
53.8 0.0545478 -0.0811407 -0.144402 -0.203875 -0.328129
53.9 0.050451 -0.0432965 -0.139182 -0.164058 -0.29612
54 0.0442353 0.110421 0.0375144 -0.124184 -0.264371
54.1 -0.176753 0.506271 0.110552 -0.148989 -0.0503
54.2 0.391009 0.303865 0.655685 -0.234173 0.489289
54.3 -0.272102 -0.0440961 -0.0327178 0.854828 0.506861
54.4 -0.0272269 -0.162052 -0.0419667 0.942722 0.539162
54.5 -0.114517 -0.177021 0.171892 0.676392 0.628628
54.6 0.192663 -0.00950222 0.559522 0.234984 0.599438
54.7 0.563661 0.243056 0.444348 0.13404 0.589703
54.8 -0.415546 0.365518 0.308244 0.189072 0.479819
54.9 0.361231 0.470226 0.1093 0.237819 0.432678
55 0.284716 0.493478 0.107181 0.282098 0.370611
55.1 -0.35133 0.294177 0.258199 0.408987 0.13586
55.2 0.367984 0.184853 0.443359 0.665581 -0.274354
55.3 0.190529 0.176016 0.600504 0.038979 0.201251
55.4 0.362031 0.29269 0.473877 -0.0558544 0.303826
55.5 0.12993 0.293923 0.071179 0.194122 0.310926
55.6 0.406691 0.217727 -0.144466 0.371824 0.268729
55.7 0.0474774 0.0728257 -0.022488 0.275145 0.246215
55.8 -0.216003 -0.134873 0.132993 0.150559 0.213083
55.9 -0.270881 -0.712556 0.244571 -0.0759536 0.144931
56 -0.467292 -0.0881652 -0.479552 -0.180456 -0.244701
56.1 -0.238564 -0.0166673 -0.388179 -0.325052 -0.434489
56.2 -0.217385 -0.121872 -0.352804 -0.4178 -0.46686
56.3 -0.340258 -0.322687 -0.2815 -0.500129 -0.484261
56.4 -0.0928717 -0.307519 -0.264593 -0.510693 -0.496202
56.5 -0.164857 -0.25785 -0.363828 -0.40018 -0.497209
56.6 -0.200878 -0.242219 -0.42358 -0.342546 -0.467168
56.7 -0.336206 -0.353572 -0.331658 -0.38091 -0.390389
56.8 0.167931 -0.366508 -0.31742 -0.370921 -0.33326
56.9 -0.116955 -0.338775 -0.324179 -0.329383 -0.281668
57 -0.0618187 -0.215204 -0.335719 -0.283984 -0.253886
57.1 -0.203892 -0.248954 -0.30981 -0.250682 -0.240138
57.2 -0.0857088 -0.296935 -0.251454 -0.23467 -0.232307
57.3 -0.0797885 -0.323698 -0.198793 -0.221444 -0.222079
57.4 -0.0646583 -0.232263 -0.182556 -0.203935 -0.211334
57.5 0.256636 0.109554 -0.160196 -0.171444 -0.18776
57.6 -0.066327 0.859743 -0.0377307 -0.132698 -0.160428
57.7 -0.000896268 0.484768 0.688161 -0.0275644 -0.129586
57.8 0.39501 -0.11117 0.386709 0.555625 0.2025
57.9 0.336694 -0.131732 0.228285 0.574557 0.499234
58 0.368222 0.0864561 0.155039 0.546707 0.637597
58.1 0.0202929 0.252762 0.214963 0.47272 0.617164
58.2 -0.175459 0.251403 0.451048 0.16129 0.576679
58.3 0.0744528 0.369105 0.300626 0.175348 0.490773
58.4 0.0934279 0.369676 0.223943 0.226048 0.451692
58.5 -0.0500532 0.267694 0.193195 0.310394 0.364683
58.6 -0.0624667 0.201147 0.249871 0.443509 0.145829
58.7 -0.149838 0.148103 0.323458 0.62562 -0.163635
58.8 0.0017739 0.0830818 0.373011 0.119453 0.182321
58.9 -0.083196 -0.121414 0.28887 -0.0591394 0.261695
59 -0.0276218 -0.499822 -0.0306079 -0.0379829 0.255825
59.1 0.0977342 -0.113086 -1.06855 -0.070849 0.151856
59.2 -0.0581757 -0.0767834 -0.336747 -0.377238 -0.35841
59.3 -0.277699 -0.161394 -0.102809 -0.43512 -0.534105
59.4 -0.189576 -0.249018 -0.0106754 -0.447911 -0.633886
59.5 -0.344724 -0.281016 -0.124999 -0.431971 -0.618061
59.6 -0.414497 -0.222338 -0.368129 -0.336848 -0.602594
59.7 -0.0933307 -0.156792 -0.494577 -0.344463 -0.509341
59.8 -0.14787 -0.16347 -0.495285 -0.41132 -0.377229
59.9 0.0898717 -0.339853 -0.298185 -0.477294 -0.251871
60 -0.107566 -0.407065 -0.250054 -0.441505 -0.183937
60.1 0.150378 -0.301419 -0.286092 -0.256858 -0.215536
60.2 0.0433318 -0.312176 -0.320788 -0.0966845 -0.231724
60.3 0.39689 -0.3088 -0.27775 -0.0421054 -0.205406
60.4 0.261034 0.0816017 -0.0635932 -0.183149 -0.133683
60.5 0.347471 1.37112 0.125058 -0.180574 -0.0692801
60.6 0.348253 0.42181 1.13189 0.0310199 -0.00409771
60.7 0.549659 0.342661 0.347505 0.853943 0.285907
60.8 0.462832 0.115217 0.259142 0.874043 0.600647
60.9 0.00855614 0.094502 0.244107 0.754014 0.704575
61 -0.108956 0.0787219 0.525687 0.399028 0.670351
61.1 0.0120496 0.0758638 0.498296 0.349024 0.634916
61.2 0.342345 0.276786 0.298361 0.322198 0.611403
61.3 0.128872 0.292229 0.285162 0.312362 0.588037
61.4 -0.0472849 0.316526 0.250946 0.347144 0.4822
61.5 -0.0637815 0.394708 0.176171 0.28647 0.436437
61.6 0.0303292 0.409023 0.195046 0.209444 0.391564
61.7 0.222674 0.247691 0.311612 0.15379 0.353634
61.8 0.15507 0.233649 0.343659 0.214165 0.249777
61.9 -0.0229801 0.242196 0.32301 0.604213 -0.185733
62 -0.0679837 0.266097 0.330114 0.621879 -0.32072
62.1 -0.340555 0.296952 0.384658 -0.159208 0.247207
62.2 -0.299522 0.323906 0.248473 -0.285117 0.324823
62.3 -0.438089 0.297835 -0.111911 0.02508 0.231953
62.4 -0.294444 -0.361563 -0.226327 0.241387 0.0873467
62.5 -0.266283 -1.99913 -0.243311 0.198394 -0.038152
62.6 -0.187088 -0.73957 -1.16051 -0.0806872 -0.145889
62.7 -0.151219 -0.27597 -0.559648 -0.882478 -0.324421
62.8 -0.0970162 -0.239567 -0.353925 -0.760664 -0.594637
62.9 -0.048754 -0.205348 -0.331949 -0.578391 -0.730118
63 -0.0665168 -0.174498 -0.316502 -0.546778 -0.705826
63.1 -0.125304 -0.151345 -0.308271 -0.517517 -0.679607
63.2 -0.0350421 -0.132799 -0.302046 -0.487761 -0.647937
63.3 0.0639852 -0.107526 -0.298166 -0.44623 -0.606015
63.4 0.252061 0.125836 -0.455571 -0.332368 -0.443548
63.5 0.167411 -0.10063 -0.184377 -0.294368 -0.396884
63.6 0.175626 -0.0952479 -0.154914 -0.259688 -0.354062
63.7 0.149322 -0.0909749 -0.133067 -0.222586 -0.313039
63.8 0.00624887 -0.092498 -0.124498 -0.291172 -0.174961
63.9 0.208469 0.0799702 -0.123107 -0.342681 -0.0438218
64 0.198927 0.42439 -0.121587 -0.305604 0.0194394
64.1 0.116237 1.15808 0.147915 -0.0295668 -0.0652772
64.2 0.00550179 -0.218197 1.07513 0.543701 -0.0707148
64.3 0.0365231 -0.485182 0.347804 1.04002 0.442353
64.4 -0.150455 -0.267493 0.128285 0.890673 0.692502
64.5 -0.156595 -0.0145629 0.0745689 0.811507 0.659312
64.6 -0.161378 0.218736 0.275568 0.270164 0.628599
64.7 -0.181268 0.202861 0.345717 0.116213 0.594312
64.8 0.105807 0.267018 0.342962 -0.0054792 0.562399
64.9 0.228871 0.332316 0.211053 0.024682 0.507867
65 0.218245 0.406693 0.0382966 0.204799 0.409399
65.1 0.171397 0.339205 0.0796762 0.237614 0.377008
65.2 0.0594169 0.119466 0.205667 0.201618 0.337471
65.3 0.114545 -0.126646 0.27804 0.186174 0.295249
65.4 0.083466 -0.180668 0.208128 0.192247 0.253855
65.5 0.0339363 -0.0701289 0.0783971 0.602453 -0.228043
65.6 -0.0630625 0.192964 0.0112464 0.607478 -0.516186
65.7 -0.104618 0.404146 0.0307928 -0.81933 0.024758
65.8 -0.110146 -0.160282 -0.0599709 -0.815502 -0.0442254
65.9 0.0348679 -0.303531 -0.309121 -0.170082 -0.46795
66 -0.134884 -0.364213 -0.465484 0.0725733 -0.581329
66.1 -0.429862 -0.395061 -0.413986 -0.106759 -0.505796
66.2 -0.12295 -0.360351 -0.316622 -0.391936 -0.357833
66.3 -0.30982 -0.291002 -0.253178 -0.679339 -0.168068
66.4 0.164036 -0.126455 -0.288313 -0.634108 -0.178411
66.5 -0.0847689 -0.103224 -0.399865 -0.28866 -0.342464
66.6 0.130574 -0.178045 -0.285806 -0.0737774 -0.434709
66.7 -0.190024 -0.133633 -0.173286 -0.04149 -0.425699
66.8 -0.128551 -0.0959196 -0.00155262 -0.215022 -0.297913
66.9 0.0167986 -0.0395992 0.0426934 -0.271098 -0.167289
67 0.00476418 0.267247 -0.025477 -0.347177 0.103885
67.1 0.101122 0.0716219 -0.00856031 0.371139 0.142461
67.2 0.0141449 -0.0413751 0.133122 0.51729 0.281139
67.3 -0.105951 -0.0661008 0.233828 0.363036 0.387911
67.4 -0.0164643 0.00468874 0.411284 0.0945288 0.427341
67.5 -0.0344097 0.2324 0.18581 0.150774 0.369585
67.6 0.0744098 0.297047 0.0518902 0.265511 0.277534
67.7 -0.0393066 0.203433 0.0745398 0.301932 0.168951
67.8 0.00602654 0.0365287 0.178481 0.346289 0.0110651
67.9 0.188803 -0.0507852 0.410075 -0.0697012 0.142705
68 0.116377 -0.0826399 0.0799566 -0.0773324 0.124537
68.1 0.102298 0.336926 -0.569219 0.129761 -0.0716385
68.2 -0.127423 -0.103344 -0.0313708 -0.212287 -0.187561
68.3 0.0715916 -0.389185 0.224004 -0.297225 -0.251464
68.4 -0.132003 -0.0307947 -0.165058 -0.171426 -0.271629
68.5 -0.221694 0.0396665 -0.396429 -0.0444098 -0.234826
68.6 -0.290208 -0.0797544 -0.267115 -0.305054 -0.0677746
68.7 -0.223218 -0.290828 -0.10083 -0.331681 -0.122872
68.8 -0.154717 -0.509144 -0.0930126 -0.0408822 -0.281664
68.9 -0.0642632 -0.292162 -0.32968 -0.0133221 -0.26302
69 -0.130578 -0.133467 -0.213873 -0.349576 -0.0979477
69.1 -0.0324825 -0.014279 -0.217128 -0.357686 -0.101948
69.2 -0.0465109 0.018047 -0.184094 -0.158135 -0.266289
69.3 0.111429 0.030032 -0.104024 -0.0921959 -0.289512
69.4 0.132733 0.0966901 0.206014 -0.0693502 -0.237153
69.5 -0.0319699 0.0669632 0.227677 0.181494 -0.053576
69.6 0.289334 0.136805 0.0385483 0.24533 0.371432
69.7 0.133173 0.111211 0.108729 0.212409 0.454888
69.8 0.0668283 0.142618 0.160849 0.196065 0.456615
69.9 -0.0954845 0.146127 0.230617 0.226901 0.358669
70 -0.153918 0.109064 0.274065 0.257549 0.235886
70.1 0.0189667 0.10173 0.226248 0.384956 0.0166651
70.2 -0.0962626 0.0518664 0.190004 0.243155 0.0848324
70.3 -0.0361344 0.0200584 0.234731 -0.0833797 0.207758
70.4 0.0613192 -0.100545 -0.375274 -0.112779 0.174946
70.5 0.0819373 -0.121648 -0.448746 -0.0426577 -0.207201
70.6 0.0659143 -0.123985 -0.0646287 -0.260213 -0.345397
70.7 0.098055 -0.0669549 0.0498398 -0.310647 -0.351542
70.8 0.155995 0.0324662 0.033158 -0.271929 -0.334859
70.9 0.011023 0.367535 -0.0859477 -0.140295 -0.272636
71 0.278465 0.173373 0.0630389 0.0235052 -0.192337
71.1 0.173782 -0.19349 0.0713512 0.239716 0.249833
71.2 0.479306 0.0939523 0.0916569 0.312098 0.429176
71.3 -0.998629 0.142301 0.118819 0.224633 0.449874
71.4 1.01183 0.13613 0.291859 0.107979 0.399898
71.5 0.573006 0.273284 0.249278 0.335195 0.353613
71.6 -0.551026 0.390789 0.28236 0.387839 0.243609
71.7 0.612831 0.369357 0.442947 0.411267 0.0548424
71.8 0.063592 0.333601 0.474731 0.212824 0.262398
71.9 -0.413106 0.27 0.337594 0.207763 0.284029
72 -0.0748863 0.0966127 0.123107 0.260118 0.277634
72.1 0.0181302 -0.137911 0.00158378 0.284959 0.277557
72.2 -0.122509 -0.696543 -0.0296399 0.151886 0.26662
72.3 -0.263383 -0.463758 -0.642551 0.0250007 0.206028
72.4 -0.285377 0.0421811 -0.310995 -0.677582 -0.0546553
72.5 0.00755862 0.0740673 -0.219995 -0.360822 -0.555256
72.6 -0.0764315 -0.0160053 -0.116117 -0.351308 -0.649045
72.7 0.167297 -0.122208 -0.0560713 -0.372774 -0.61832
72.8 -0.350671 -0.197565 -0.178938 -0.247132 -0.587476
72.9 -0.0711678 -0.255278 -0.269131 -0.268952 -0.474864
73 0.015409 -0.26447 -0.329487 -0.202718 -0.438092
73.1 -0.037407 -0.189837 -0.29946 -0.305413 -0.261421
73.2 0.337687 -0.141152 -0.241599 -0.557714 0.101021
73.3 0.198788 0.00999924 -0.254301 -0.379499 0.116673
73.4 -0.0747648 0.173422 -0.216476 0.130095 -0.217044
73.5 -0.0515277 0.380394 0.326827 0.47851 -0.239001
73.6 0.157415 -0.0229392 0.627657 0.327358 0.10375
73.7 -0.343364 -0.0418803 0.320981 0.258226 0.503966
73.8 -0.0257595 0.0759791 0.0961172 0.249594 0.560789
73.9 0.253937 0.157302 -0.0209789 0.302927 0.53547
74 0.0226889 0.170914 0.164328 0.15841 0.475853
74.1 -0.179828 0.10674 0.245452 0.0745004 0.420884
74.2 -0.00700431 0.0444744 0.193639 0.264791 0.188839
74.3 -0.0435082 0.00260066 0.14627 0.655443 -0.274547
74.4 0.136649 0.0194975 0.230772 0.153641 -0.00876753
74.5 0.0813505 0.195015 0.0940661 -0.575169 0.226008
74.6 -0.0280684 0.0619663 -0.490314 -0.287593 0.0121508
74.7 0.212567 -0.141898 -0.384228 0.0816869 -0.395264
74.8 0.176107 -0.354235 0.101875 -0.0872025 -0.421107
74.9 0.095839 -0.0824384 0.0701821 -0.219551 -0.313461
75 0.110425 0.578601 -0.0179995 -0.244859 -0.209958
75.1 0.158351 0.491226 0.161151 -0.2814 0.00553267
75.2 0.112089 -0.343647 0.0829535 0.43435 0.166115
75.3 0.0392133 -0.166138 0.0267041 0.421112 0.342816
75.4 0.0551042 0.0571125 0.0575346 0.308549 0.40391
75.5 0.139685 0.188582 0.247914 0.0646925 0.426771
75.6 0.0675464 0.322595 0.23972 0.0940728 0.340426
75.7 0.128682 0.308765 0.26067 0.226268 0.207732
75.8 -0.00639437 0.240481 0.274331 0.56974 -0.160121
75.9 0.0124991 0.140453 0.375256 0.125469 0.140464
76 0.0161516 0.0949889 0.218718 0.00188229 0.289887
76.1 -0.00922646 0.0264171 -0.0275953 0.1092 0.291942
76.2 -0.0397408 -0.334699 -0.431427 0.145426 0.222937
76.3 -0.00776644 -0.358637 -0.271219 -0.140046 0.00846561
76.4 -0.0228741 0.0296679 -0.0558109 -0.275604 -0.369057
76.5 -0.0178103 0.130596 0.017279 -0.289759 -0.435041
76.6 -0.0295552 0.036764 0.0193757 -0.258489 -0.44844
76.7 0.0298736 -0.0052814 -0.0957649 -0.188275 -0.360464
76.8 0.0169493 -0.0944893 -0.140442 -0.13346 -0.265278
76.9 0.00347483 -0.131398 -0.231825 -0.182779 -0.0451509
77 -0.010601 -0.318702 -0.321738 -0.104812 0.247889
77.1 -0.00519406 -0.113059 -0.0466061 0.0847052 0.131553
77.2 -0.0173353 0.32111 0.353376 0.138985 -0.0670806
77.3 -0.0132092 0.197858 0.293645 0.259136 0.0138058
77.4 -0.0157177 0.116195 0.129975 0.186196 0.28121
77.5 -0.014105 0.0513307 0.0314228 0.214292 0.318879
77.6 -0.0108474 -0.0331874 0.136911 0.0306928 0.308172
77.7 -0.00791207 -0.104899 -0.0204462 0.0364366 0.219674
77.8 -0.0084232 0.00302733 -0.128147 0.180719 -0.129527
77.9 -0.00673739 0.0456715 0.0652814 -0.0784646 -0.2884
78 -0.00750367 0.00333286 0.0280487 -0.33668 -0.174145
78.1 -0.00697996 -0.064484 -0.18375 -0.248407 -0.170638
78.2 -0.00779596 -0.113875 -0.347314 0.0142329 -0.207765
78.3 -0.00737134 -0.24908 -0.0754057 -0.154876 -0.106355
78.4 -0.00707935 -0.0869007 0.0413397 -0.23163 -0.040732
78.5 -0.0071161 0.259498 -0.0989283 0.0393097 -0.103304
78.6 -0.00736648 0.0905824 0.0666031 0.13768 -0.0421004
78.7 -0.0077702 -0.180274 0.246193 0.0405158 0.170639
78.8 -0.0083149 0.0167569 -0.0237578 0.136708 0.263007
78.9 -0.00901582 0.179575 -0.102127 0.185046 0.210357
79 -0.00984488 0.0013732 0.252544 0.0507101 0.0645864
79.1 -0.0108073 -0.0347087 0.216573 0.0631687 -0.0471842
79.2 -0.0118935 0.105613 -0.154191 0.0704812 -0.018581
79.3 -0.013095 -0.0237587 -0.168573 -0.121436 0.0504887
79.4 -0.0144022 -0.229129 0.00468066 -0.186541 -0.0517617
79.5 0 -0.069442 -0.0842328 -0.030176 -0.243556
