0.1 0.0195566 0.00956072 0.00490489 0.00280185 0.00199257
0.2 0.0167731 0.0218358 0.0178895 0.0135381 0.01113
0.3 0.00418873 0.0130255 0.0227001 0.0265495 0.027303
0.4 0.0244208 0.0145368 0.0176698 0.0270057 0.033434
0.5 -0.0323529 0.00607996 0.0124494 0.012644 0.0136132
0.6 -0.031534 -0.041835 -0.0238826 -0.0175161 -0.018715
0.7 0.0124157 -0.0274716 -0.0572761 -0.0582783 -0.0533326
0.8 -0.0446344 -0.014359 -0.0324311 -0.0627095 -0.0769101
0.9 -0.108706 -0.0978257 -0.0552616 -0.0422783 -0.0503121
1 -0.0972397 -0.119221 -0.121304 -0.0777532 -0.0398814
1.1 0.111744 0.022711 -0.0451862 -0.0965796 -0.111346
1.2 -0.367188 -0.0917301 -0.0210613 -0.05188 -0.107685
1.3 -0.130414 -0.344432 -0.252518 -0.121447 -0.0389318
1.4 -0.157805 -0.144647 -0.281692 -0.287653 -0.236205
1.5 -0.455142 -0.233512 -0.176004 -0.333859 -0.486286
1.6 -0.0164341 -0.428937 -0.433046 -0.353293 -0.330364
1.7 -0.0504375 -0.0213038 -0.29941 -0.314012 -0.193945
1.8 -0.323655 -0.0557799 0.175523 0.0115479 -0.185988
1.9 -0.331944 -0.359522 -0.163745 0.0957998 0.161628
2 -0.436832 -0.332052 -0.448819 -0.276491 0.0490404
2.1 0.354873 -0.0461512 -0.0851179 -0.402298 -0.712682
2.2 -0.64102 -0.0886587 -0.220253 -0.364878 -0.579508
2.3 -0.487283 -0.874679 -0.686487 -0.38102 0.043584
2.4 0.35145 -0.178999 -0.339925 -0.273533 -0.321498
2.5 -0.46079 0.586647 0.388109 -0.140887 -0.541546
2.6 0.0439028 -0.5276 -0.0660376 0.155984 0.345241
2.7 0.7884 0.177214 -0.233329 0.295078 0.653365
2.8 0.38899 1.14971 1.14661 0.418091 0.0516388
2.9 -0.578512 0.223025 0.757707 0.826269 0.543178
3 0.960276 -0.457126 -0.534398 0.478801 1.06427
3.1 0.636127 1.11759 0.574945 -0.319369 0.0987425
3.2 0.0239484 0.733984 1.05986 0.686666 -0.698142
3.3 -0.903579 -1.11194 -0.631566 0.34494 0.847586
3.4 1.07129 -0.240713 -0.818328 -0.875236 0.717665
3.5 2.73137 2.39913 1.45691 0.372435 -1.18297
3.6 -0.123032 1.04724 1.4305 1.71099 0.0394933
3.7 -1.48584 0.12089 0.950266 0.455443 2.0453
3.8 0.162708 -1.65242 -0.726106 0.84585 1.86801
3.9 1.27522 0.455829 -0.317059 0.186772 0.321908
4 1.02144 2.62249 0.805518 -0.307387 -0.168248
4.1 1.32672 0.912417 2.38962 0.990704 -1.18802
4.2 3.83617 1.00805 1.34946 1.62436 0.794435
4.3 -3.02591 1.46997 0.0914767 1.55011 2.15649
4.4 2.15672 0.145422 0.95974 1.10278 1.98699
4.5 5.59691 0.844916 2.02366 0.571257 2.1109
4.6 3.98545 2.32006 0.597592 2.51752 1.0104
4.7 -16.5308 1.06507 1.89461 0.597836 0.822678
4.8 16.953 -1.24432 0.371337 0.216416 1.18431
4.9 -9.68743 0.890397 -0.841421 1.00934 0.497265
5 12.4845 3.23047 0.787751 0.041911 0.529453
5.1 -9.33987 0.613496 3.91092 0.357602 0.560743
5.2 -0.495601 -1.94876 -0.811057 2.78796 0.19071
5.3 1.60518 0.513047 -1.46444 0.61876 0.563937
5.4 8.50294 1.23997 0.916489 -2.47602 2.01615
5.5 -4.24141 1.4982 1.1476 -0.131983 0.512182
5.6 4.55736 2.41597 1.12619 2.87045 -0.883831
5.7 -12.1693 -2.93368 1.52107 2.58853 -0.166804
5.8 -0.20126 -0.0565721 -0.606998 -0.812482 0.205864
5.9 9.03638 1.30519 -2.07162 -2.04399 1.47473
6 2.53417 -0.619672 0.93382 -1.14174 0.507786
6.1 -2.25325 0.740861 0.208469 0.987423 0.0514029
6.2 0.418656 0.47041 0.315418 2.75147 -1.79365
6.3 -7.97699 -0.33981 1.39389 -1.00352 0.16679
6.4 -1.08765 -3.18137 -1.4589 -1.69263 0.180101
6.5 -2.55357 -1.18242 -4.08631 -1.37879 -0.208033
6.6 -3.22923 -0.996141 -1.93859 -2.11209 -2.1215
6.7 5.84221 -2.09003 -0.00498372 -1.83756 -2.42734
6.8 -0.652663 -0.543568 -1.0756 -1.54697 -2.0985
6.9 -3.73848 -0.652504 -1.87425 -0.864327 -2.10496
7 -0.905687 -1.66848 -0.934923 -1.85366 -1.28925
7.1 2.42445 -1.71842 -1.40734 -1.26225 -0.784068
7.2 7.33891 1.32972 -0.636838 0.132655 -0.790521
7.3 -0.172519 0.185611 1.02046 -0.204514 0.0987749
7.4 -1.49681 -0.103191 0.806657 0.20407 0.0527114
7.5 -1.39796 -0.0668419 0.224343 0.509454 -0.0239489
7.6 -4.03477 0.187672 -0.867201 0.798026 -0.152143
7.7 3.1955 -0.0390163 0.0281189 -0.187171 0.0965372
7.8 4.10097 0.171669 0.773831 -0.781881 1.11522
7.9 3.79864 2.30791 0.725527 0.772396 1.27912
8 -2.31315 2.33118 1.42423 2.39812 0.912725
8.1 -2.13861 0.666517 1.88755 2.52779 0.940677
8.2 -0.168351 0.547676 2.31204 1.40769 1.05914
8.3 -0.656409 0.966919 0.895763 0.950152 2.05665
8.4 2.44021 0.474014 -0.461213 0.960204 1.98064
8.5 -0.170723 0.534176 1.27459 -0.497258 1.92523
8.6 -1.23063 0.192391 0.291734 1.15087 0.299458
8.7 -0.0677461 0.0264415 -0.118823 0.514906 0.192999
8.8 -1.17265 -0.00414424 0.362149 -0.0872325 0.106781
8.9 -0.678554 -0.0372129 0.344746 -0.250884 0.00340102
9 4.88958 0.207876 0.114681 0.146557 0.099697
9.1 -2.9397 0.556688 -0.187945 0.520476 -0.115695
9.2 0.510895 0.513166 0.0725285 0.513944 -0.720036
9.3 -0.81624 0.305074 0.924496 -0.716278 -0.246173
9.4 -2.19834 0.252616 -0.18042 -0.305094 0.0167955
9.5 -4.50403 -2.33118 -1.11596 0.085691 -0.19872
9.6 2.42555 -1.44399 -1.54956 -0.483291 -0.247624
9.7 -0.725579 -0.67299 -0.909453 -1.2688 -0.504508
9.8 -1.35373 0.0913955 -1.21189 -1.37544 -1.00269
9.9 1.23167 -1.19116 -0.227115 -2.08643 -1.11592
10 -0.556764 -1.6656 -1.44471 -0.174018 -1.94962
10.1 2.73246 -1.03463 -1.2875 -0.64288 -2.02875
10.2 3.59517 2.23758 0.0152483 -2.09825 -0.538504
10.3 -0.939154 -0.243108 0.381451 0.347796 -0.444945
10.4 -0.980356 -0.847361 0.485081 0.375125 -0.174877
10.5 -1.71232 -0.924826 -0.329759 1.013 -0.220335
10.6 -0.647353 -0.175317 -0.812544 0.498692 -0.220112
10.7 1.28567 0.0396217 -0.0588427 -1.36043 0.82973
10.8 1.00064 0.147542 0.0616858 -1.24879 0.868753
10.9 -2.53094 -0.157308 -0.577193 0.0948512 0.325754
11 1.0288 -0.544429 -0.669406 1.35539 -0.596932
11.1 -0.432429 -0.770103 0.945858 0.0698587 -0.552691
11.2 -0.341684 0.254325 0.227302 -0.553523 -0.268045
11.3 0.4044 0.772088 -0.432435 -0.503871 -0.102797
11.4 1.32662 0.607845 -0.263661 -0.177072 -0.000819063
11.5 0.664485 1.42216 0.344773 0.116229 -0.00293986
11.6 0.690193 0.59854 1.35539 0.623382 0.12764
11.7 0.492157 0.271143 0.805068 1.04734 0.658393
11.8 -0.608814 -0.511673 0.269537 2.02386 0.840513
11.9 -1.421 -0.119361 1.08744 0.440836 0.80703
12 1.89967 1.00836 0.426078 -0.129308 0.850969
12.1 -0.603936 1.26783 0.0312249 0.115524 0.990939
12.2 -0.494804 0.287902 -0.00418456 0.473339 0.788759
12.3 -1.32035 -0.460674 0.509281 0.398749 0.3585
12.4 -1.14958 -0.443638 0.466673 0.122775 0.235862
12.5 -0.55412 -0.124787 -0.229129 0.277585 0.145844
12.6 0.0394182 -0.471118 -0.19985 -0.0462302 0.100717
12.7 -1.26835 -1.71545 -0.611411 -0.273156 0.0306638
12.8 -1.67967 -0.146941 -1.47716 -1.17625 -0.108645
12.9 0.830161 0.8191 -1.8004 -1.31283 -0.615927
13 1.37717 -1.07606 1.01479 -1.16306 -1.28044
13.1 0.805761 -0.796964 0.391824 0.414849 -2.09985
13.2 1.2985 0.731683 -1.17318 0.875157 -1.75197
13.3 0.182517 0.861923 0.338695 -1.79425 -0.262809
13.4 -1.17562 -0.346871 0.035189 -0.383751 -0.229723
13.5 -1.16106 -0.65909 -0.233385 -0.253472 -0.0751571
13.6 -0.571549 -0.812092 -0.92802 -0.156817 0.477795
13.7 0.147515 -0.90764 -1.19178 0.179647 0.501305
13.8 0.533175 -0.772673 0.180474 -0.730983 0.209392
13.9 1.32499 -0.216022 -0.0119548 -0.0882725 -0.437422
14 0.640817 0.304859 -0.251468 0.0723148 -0.49548
14.1 0.311781 0.490081 -0.135418 -0.0327081 -0.451452
14.2 -1.04057 0.0433188 0.441383 -0.337784 -0.280024
14.3 0.713639 0.40689 0.140555 0.0421291 -0.2621
14.4 0.145718 1.63925 0.306025 0.24463 -0.158338
14.5 0.0189048 0.570306 0.927547 0.490975 0.307202
14.6 0.328994 0.0905687 0.640877 0.682424 0.835235
14.7 -0.837933 -0.293903 -0.132358 1.65943 0.813352
14.8 -0.662564 -0.63071 1.26479 0.314726 0.772241
14.9 0.0784329 0.427731 0.266809 -0.173155 0.752971
15 -1.32874 0.343653 -0.684394 0.348839 0.770989
15.1 0.517217 0.0481994 -0.065245 -0.0743269 0.330528
15.2 0.140352 -0.978673 0.0659691 -0.230608 0.294867
15.3 1.22372 -0.747386 -0.10048 -0.368821 0.279653
15.4 -1.18244 1.37504 -1.03907 -0.560661 0.196872
15.5 -0.104609 -0.0108685 0.0523414 -0.197157 -0.69926
15.6 -0.77878 -0.90404 0.528841 -0.0121004 -0.941709
15.7 0.765966 -0.445957 -0.264327 0.477132 -1.23762
15.8 0.316909 0.10656 -0.465092 -0.390679 -0.477763
15.9 0.366842 0.489977 -0.395735 -0.565846 -0.395225
16 0.836528 0.081448 0.332907 -0.568982 -0.306001
16.1 -0.0273936 0.315965 -0.0342506 -0.0305554 -0.169331
16.2 -0.329604 0.715682 0.0843893 0.204407 0.011403
16.3 0.436677 -0.278378 0.305867 0.431618 0.613634
16.4 0.442995 -0.362162 0.395303 0.475052 0.76155
16.5 0.157427 0.0228719 0.288062 0.575491 0.741997
16.6 -0.483492 0.634105 -0.0208276 0.343391 0.684214
16.7 0.618021 0.522106 0.48961 0.0906949 0.473282
16.8 -0.299974 0.344056 0.61361 0.28132 0.28207
16.9 -0.0183924 0.0180948 0.381681 0.759563 -0.0401887
17 0.364592 0.24541 0.192518 0.504177 0.140543
17.1 0.218264 0.352748 0.29046 0.0923153 0.344506
17.2 -0.65811 0.373069 0.238165 -0.0617606 0.385767
17.3 -0.077922 -0.00132335 0.0408749 0.109241 0.264072
17.4 0.434618 -0.674261 -0.0832425 0.243335 0.157177
17.5 0.542773 -0.783793 -0.186581 0.222976 0.0287621
17.6 -0.122267 1.15789 -0.481949 -0.41711 -0.219855
17.7 0.514225 0.653411 0.258727 -0.489424 -0.391931
17.8 -0.442936 -0.691355 0.685392 -0.104194 -0.451544
17.9 0.18112 -0.240169 -0.329688 0.214082 -0.325038
18 -0.00933007 0.160191 -0.927105 0.174905 0.0201598
18.1 0.411131 0.0239292 0.218767 -0.826203 0.381436
18.2 -0.476407 -0.0875696 0.461294 -0.225342 0.0738197
18.3 -1.13924 -0.277927 -0.43063 0.95616 -0.393474
18.4 -0.13257 -0.555406 -0.237559 0.0645293 -0.190481
18.5 0.43514 -0.117396 -0.0887615 -1.01992 0.289333
18.6 0.29441 0.133939 -0.244815 -0.561268 -0.0565159
18.7 1.35006 0.271678 -0.288494 0.336702 -0.454593
18.8 0.393038 0.839525 0.442615 0.452737 -0.44479
18.9 -0.186878 0.332973 1.09794 0.251922 -0.125801
19 0.613672 0.361164 0.386159 0.384851 0.596459
19.1 -1.38302 0.221427 0.071552 0.541423 0.692969
19.2 0.594892 -0.148257 -0.0405611 0.650694 0.656056
19.3 0.355541 -0.194967 0.661763 -0.0380993 0.668159
19.4 -0.194383 0.387588 0.029978 0.047146 0.629731
19.5 0.0157929 0.40849 -0.20892 0.350542 0.392563
19.6 -0.19698 0.0243285 0.215685 0.111862 0.323642
19.7 0.429549 -0.200133 0.347625 0.146167 0.169585
19.8 0.0952899 -0.0545312 0.213343 0.562583 -0.320895
19.9 -0.0846052 0.217461 0.176712 0.285742 -0.396152
20 0.156333 0.502289 -0.163798 -0.855695 0.193438
20.1 -0.451283 -0.101795 -0.380338 -0.389927 -0.142739
20.2 -0.650411 -0.888746 -0.22836 0.198778 -0.465842
20.3 0.111828 -0.670568 -0.29294 -0.148644 -0.468867
20.4 0.25349 -0.254194 -0.452893 -0.455943 -0.290847
20.5 1.13803 0.371054 -0.443953 -0.643915 -0.14219
20.6 0.258098 0.269936 0.157829 -0.445877 -0.236939
20.7 -1.07143 0.796489 0.00832578 0.0597045 -0.383077
20.8 -0.257324 -0.434989 0.547359 0.276971 -0.404799
20.9 -0.180458 -1.1457 0.00373847 0.682619 -0.0316476
21 -0.890626 0.0355809 -0.8898 -0.212864 0.56295
21.1 0.291022 0.0888295 -0.298816 -1.05946 0.539735
21.2 0.573225 -0.336918 0.0791849 -0.540094 0.220961
21.3 -0.334771 0.0569607 -0.203963 0.8672 -0.629609
21.4 -0.480357 0.223704 0.376395 0.454545 -0.666943
21.5 0.910123 0.200005 0.654298 -0.179255 -0.344663
21.6 0.349731 0.616447 -0.016511 -0.300923 0.310477
21.7 0.56601 0.317368 -0.286967 0.304321 0.54398
21.8 -0.0236857 -0.100485 0.156195 0.356699 0.571056
21.9 -0.754661 -0.261983 0.516678 0.250311 0.395376
22 -0.55033 -0.0965633 0.133461 0.304535 0.256969
22.1 -0.704342 -0.209588 0.0362231 0.139054 0.125853
22.2 0.179133 -0.684814 -0.375313 0.0357989 -0.055141
22.3 0.199737 0.215031 -0.509582 -0.494851 -0.306419
22.4 -0.0218689 0.260233 -0.345555 -0.551979 -0.454825
22.5 0.498441 -0.251985 0.249226 -0.4981 -0.534612
22.6 0.391526 -0.0640965 -0.127611 0.0193887 -0.5452
22.7 -0.100397 0.14201 -0.233679 -0.026434 -0.32863
22.8 -0.0107996 0.2906 -0.0645254 -0.13911 -0.150858
22.9 0.336114 0.137649 0.437392 -0.427739 0.340081
23 0.639167 0.0358847 0.0663777 0.609615 0.392115
23.1 0.055767 0.164218 0.0453771 0.778795 0.407736
23.2 -0.360938 0.243794 0.548494 0.276121 0.450805
23.3 -0.341027 0.233805 0.5813 0.145781 0.453309
23.4 -0.50045 0.162421 -0.149833 0.533225 0.386569
23.5 -0.735584 -0.0971363 0.177341 0.0656263 0.244436
23.6 0.129709 -0.981596 0.05244 -0.00348431 0.155139
23.7 0.534676 -0.336004 -0.640182 -0.117286 -0.0292187
23.8 -0.179764 0.395796 -0.518615 -0.41747 -0.453453
23.9 -0.0774095 0.338479 -0.217345 -0.577675 -0.570563
24 -0.0181908 -0.389425 0.46855 -0.546275 -0.64646
24.1 0.115105 -0.332724 -0.194476 0.0322505 -0.610868
24.2 0.460438 0.0749693 -0.526108 0.0359093 -0.370452
24.3 0.338688 0.0753118 -0.187594 -0.232716 -0.0964206
24.4 0.274436 0.469365 -0.0113113 -0.649079 0.458929
24.5 0.0314482 0.265674 0.633861 0.0686093 0.16412
24.6 -0.304289 -0.059147 0.112066 1.27028 -0.160383
24.7 0.423886 -0.0854233 0.208089 0.645779 0.45581
24.8 0.0204131 0.114481 0.727812 -0.0939985 0.634453
24.9 0.186403 0.718432 0.109441 0.0342411 0.619454
25 0.679192 0.637807 -0.0266715 0.403573 0.506583
25.1 0.431569 0.320246 0.305999 0.456957 0.488964
25.2 0.656538 0.0534255 0.81818 0.333008 0.422187
25.3 0.935214 0.123573 0.560369 0.760942 0.323683
25.4 -0.298891 0.582016 0.168607 0.731608 0.309208
25.5 -0.29623 0.608428 0.48795 0.115586 0.417931
25.6 -0.199977 0.257273 0.485398 0.0281321 0.398375
25.7 -0.811398 0.181613 0.133024 0.322107 0.25836
25.8 -1.01444 0.0960336 -0.0668308 0.404754 0.119497
25.9 -0.590767 -0.452527 0.119957 0.0414016 0.054861
26 -0.87658 -1.90567 -0.187551 -0.160718 0.0311015
26.1 -0.279154 -0.401942 -1.29623 -0.607063 -0.128499
26.2 -0.14386 0.578476 -1.44702 -0.824928 -0.687302
26.3 -0.194448 -0.225915 0.027679 -1.25748 -0.873017
26.4 -0.0950554 -0.849931 0.762878 -1.26917 -0.916855
26.5 0.643304 0.423572 -1.68636 0.298575 -1.13539
26.6 0.547768 -0.881425 -0.292932 0.410489 -1.07201
26.7 0.544879 -0.876424 0.331718 -0.657503 -0.370307
26.8 0.853834 0.265418 -0.120703 -0.641554 -0.26038
26.9 -0.056009 0.576833 -0.719965 -0.323877 -0.086676
27 -0.441855 -0.159745 -0.126947 -0.337913 0.0843427
27.1 -0.0272521 -0.432074 -0.0262977 -0.27268 0.201356
27.2 0.136405 -0.521381 -0.0900538 0.29731 -0.121314
27.3 0.519566 -0.414991 -0.268372 0.475517 -0.0485862
27.4 0.141103 0.353314 0.0757028 -0.467051 0.362336
27.5 -0.1135 1.66604 0.455578 -0.139424 0.110443
27.6 -0.254269 0.760178 0.649463 0.924875 -0.130799
27.7 0.0326861 0.140335 0.759764 0.736944 0.402183
27.8 0.0085271 -0.0069526 0.603801 0.651579 0.662721
27.9 0.215448 -0.044151 0.237982 0.943231 0.679681
28 0.416859 0.341947 0.511031 0.228308 0.705176
28.1 -0.338113 0.622612 0.404525 -0.0377747 0.692255
28.2 -0.062203 0.0887673 -0.153429 0.460337 0.636791
28.3 -0.0047321 -0.0284284 0.313546 0.221466 0.391092
28.4 0.199237 -0.182552 0.389203 0.0871606 0.350408
28.5 0.186143 -0.177824 0.17278 0.222096 0.309325
28.6 -0.316948 0.155823 -0.218633 0.215001 0.248417
28.7 -0.40972 0.240358 -0.315555 0.127388 0.0522414
28.8 -0.170407 -0.593986 -0.0337154 -0.0794057 -0.529466
28.9 -0.108095 -0.0114311 -0.277576 -0.501384 -0.678301
29 0.357962 -0.0259447 -0.229334 -0.63579 -0.675144
29.1 0.435946 -0.00416056 -0.233105 -0.600241 -0.62972
29.2 -0.215993 -0.148159 -0.504626 -0.213527 -0.479261
29.3 -0.114372 -0.499438 -0.0242661 -0.30385 -0.306666
29.4 -0.118349 -0.370163 -0.184775 -0.262337 -0.21873
29.5 -0.212096 -0.0559944 -0.453352 -0.226753 -0.111954
29.6 -0.0127613 -0.0418168 -0.354542 -0.234986 -0.0299175
29.7 0.0524054 -0.0367974 -0.147404 -0.0986391 -0.169955
29.8 0.097733 -0.00474232 0.183446 -0.0504187 -0.192114
29.9 0.0989258 0.371021 0.59755 0.0257958 -0.0848412
30 -0.083864 0.199764 0.075105 0.483671 0.284704
30.1 -0.218534 0.0407325 -0.0428053 0.539534 0.430062
30.2 0.334209 -0.0697958 0.329431 0.0992514 0.532597
30.3 -0.291498 0.118008 0.254502 -0.0112441 0.513524
30.4 -0.0274968 0.111819 -0.175242 0.359757 0.29862
30.5 -0.553396 -0.0955442 0.110014 0.13787 0.109086
30.6 -0.117613 -0.614919 0.197599 0.0418729 -0.378193
30.7 -0.0336986 0.121279 -0.405756 -0.330784 -0.40446
30.8 -0.095346 0.182062 -0.498476 -0.539175 -0.266238
30.9 0.0111879 -0.270686 -0.152449 -0.492699 -0.330725
31 0.294286 -0.529904 -0.165893 -0.143555 -0.38135
31.1 0.318659 -0.180456 -0.277121 -0.0514024 -0.35838
31.2 0.505905 0.197208 -0.218681 -0.174282 -0.215195
31.3 0.503103 1.00306 0.124403 -0.254947 -0.0719544
31.4 0.287874 0.372582 0.959844 -0.0558536 0.118394
31.5 0.219114 0.165055 0.206754 0.908987 0.314195
31.6 -0.258732 0.0938363 0.00294882 1.03218 0.55304
31.7 -0.339348 -0.055883 0.731684 0.226596 0.648922
31.8 -0.347754 0.141629 0.462483 0.0790585 0.611077
31.9 -0.514991 0.168103 -0.366394 0.497034 0.550591
32 -0.519443 -0.144667 0.133129 -0.0259474 0.349642
32.1 -0.322035 -1.15046 0.0164671 -0.171171 0.275086
32.2 -0.0149652 -0.472511 -0.814675 -0.25321 0.123434
32.3 -0.0030059 0.234624 -0.654223 -0.385509 -0.651179
32.4 0.280523 0.225961 -0.327603 -0.52574 -0.823911
32.5 0.145543 -0.303289 0.355871 -0.657026 -0.796502
32.6 0.303384 0.0301031 -0.186996 -0.338159 -0.755571
32.7 0.591195 0.180906 -0.366742 0.0646444 -0.677576
32.8 0.198949 -0.0469747 0.0888538 -0.121164 -0.328331
32.9 -0.0706062 0.230964 0.171314 -0.0457387 -0.268593
33 -0.00420328 0.632789 0.491118 -0.113791 0.0691371
33.1 -0.641646 -0.10202 0.104769 0.266729 0.677018
33.2 -0.430141 -0.778079 -0.3376 0.658572 0.684033
33.3 -0.207407 -0.667596 -0.34811 0.290046 0.633336
33.4 -0.212915 -0.104574 0.0446833 -0.319318 0.52559
33.5 0.171066 0.710757 -0.0179331 -0.73251 0.319256
33.6 -0.0108505 0.108141 -0.0342138 0.339496 -0.552623
33.7 0.421554 -0.472984 0.311879 0.437684 -0.712383
33.8 0.516351 0.430586 0.163854 -0.0190939 -0.454132
33.9 0.345073 1.0537 0.109089 -0.142627 -0.248682
34 0.40493 0.137979 0.342019 -0.019257 0.401021
34.1 0.00125361 -0.182733 0.119703 0.387851 0.55222
34.2 -0.0483572 -0.204184 0.0323408 0.479118 0.59342
34.3 0.299305 -0.0190572 0.194917 0.275266 0.58154
34.4 -0.0556849 0.439754 0.222545 0.130902 0.387669
34.5 -0.10678 0.481256 0.260284 0.205231 0.209725
34.6 -0.0108945 0.180226 0.367754 0.48623 -0.154928
34.7 -0.144437 0.0187685 0.361383 0.220958 0.0246058
34.8 -0.123629 -0.0599885 0.180856 -0.0424991 0.247977
34.9 -0.350538 -0.637211 -0.446145 0.0073223 0.249371
35 -0.00865457 0.00107535 -0.863034 -0.382967 0.115452
35.1 0.0160005 -0.107456 -0.208679 -0.412046 -0.476848
35.2 0.0712327 -0.393239 0.236166 -0.400833 -0.649738
35.3 -0.039308 -0.0586165 -0.0908134 -0.339103 -0.640946
35.4 -0.022172 0.174484 -0.551485 -0.0221957 -0.542233
35.5 -0.056091 -0.292373 -0.0233433 -0.176196 -0.388971
35.6 -0.0529951 -0.263866 -0.00136504 -0.356643 -0.164551
35.7 -0.0382361 -0.0709192 -0.25517 -0.586869 0.276619
35.8 0.300885 0.0241447 -0.549049 0.123068 -0.000250744
35.9 0.188121 0.228104 -0.027488 0.414107 -0.187976
36 0.0899605 0.0849705 1.06928 -0.15191 0.0954676
36.1 0.102579 0.239579 0.143836 0.508276 0.36757
36.2 0.112044 0.380322 -0.052696 0.598253 0.440879
36.3 0.273117 0.343153 0.356205 0.199868 0.526301
36.4 -0.0912611 0.229909 0.559126 0.0840733 0.517871
36.5 -0.291962 -0.0451207 0.137827 0.588263 0.35369
36.6 -0.0385831 0.153677 0.0187141 0.359361 0.26403
36.7 -0.015452 0.0194086 0.278962 0.0428742 0.212976
36.8 -0.400178 -0.0740298 0.264092 -0.0738554 0.113334
36.9 -0.157421 -0.675344 -0.3186 0.159302 -0.238214
37 -0.224723 0.0829376 -0.695067 -0.300958 -0.350988
37.1 -0.1907 -0.0185121 -0.417331 -0.664186 -0.369181
37.2 0.02253 -0.374947 -0.0586293 -0.695818 -0.464213
37.3 -0.231072 -0.27411 -0.316095 -0.374097 -0.570233
37.4 -0.0960737 -0.260982 -0.555112 -0.0659937 -0.607999
37.5 0.225402 -0.537656 -0.142686 -0.312193 -0.387796
37.6 0.258127 -0.1135 -0.247021 -0.434983 -0.245635
37.7 0.315316 -0.0490171 -0.315282 -0.346442 -0.152851
37.8 0.11848 -0.0991488 0.00902586 -0.212235 -0.127944
37.9 0.00415998 0.438317 -0.0229426 0.0102371 -0.161751
38 0.066852 0.686954 0.495206 0.240092 -0.107942
38.1 0.0979391 0.159155 0.277484 0.559842 0.419404
38.2 0.110688 -0.00786811 0.34809 0.54657 0.576747
38.3 0.0965367 0.000913256 0.40049 0.489643 0.639907
38.4 -0.0478581 0.223488 0.303571 0.423268 0.618264
38.5 -0.0809334 0.550298 0.225745 0.0997868 0.578959
38.6 -0.00449776 0.178663 0.256974 0.186909 0.42417
38.7 0.0324018 -0.0294607 0.154544 0.322383 0.363303
38.8 0.02223 -0.0868516 0.272275 0.266376 0.146051
38.9 -0.00630922 -0.0128805 0.147704 0.422486 -0.140045
39 -0.0136047 0.0896799 0.112421 0.0846032 -0.0958345
39.1 -0.0010385 0.0698944 -0.258653 -0.58338 0.0965479
39.2 -0.00148457 0.0962181 -0.477316 -0.348951 -0.324644
39.3 -0.00308478 -0.348509 -0.120398 -0.245139 -0.457834
39.4 -0.00596921 -0.416933 -0.1135 -0.17155 -0.497821
39.5 -0.00873331 -0.103039 -0.394408 -0.248958 -0.376986
39.6 -0.0111904 0.0184853 -0.292362 -0.32812 -0.283167
39.7 -0.0135 -0.346753 0.0705211 -0.27479 -0.19893
39.8 -0.0155553 -0.191747 -0.217817 -0.0861729 -0.0584603
39.9 -0.0173316 0.0895399 -0.356718 -0.0113793 0.0808391
40 0 0.379161 0.283483 -0.0764621 0.046233
