0.1 0 -0.0471545 -0.0691178 -0.0790387 -0.0828563
0.2 0 0.0194828 -0.00118306 -0.0226362 -0.034352
0.3 0 0.0172407 0.0487184 0.0593499 0.0596848
0.4 0 0.00945266 0.0359758 0.0782371 0.105599
0.5 0 0.0419175 0.049677 0.0525648 0.0600396
0.6 0 0.0411002 0.0739422 0.0667988 0.0474117
0.7 0 -0.295759 -0.420164 -0.447221 -0.448179
0.8 0 0.186095 0.0827764 -0.0296282 -0.0763125
0.9 0 -0.200479 -0.10767 -0.102608 -0.145583
1 0 0.61597 0.813667 1.0279 1.16396
1.1 0 0.55459 1.15574 1.4977 1.68966
1.2 0 -1.37234 -1.74298 -1.91663 -1.98175
1.3 0 0.666264 0.0502867 -0.168841 -0.395726
1.4 0 -0.673226 -0.705281 -1.27191 -1.39574
1.5 0 -0.222265 -0.461827 -0.246033 -0.281532
1.6 0 0.297394 0.233453 0.423455 0.559543
1.7 0 1.4026 2.22843 2.28525 2.47954
1.8 0 -1.76678 -1.05738 -0.462209 -0.524344
1.9 0 1.18919 0.0514157 -0.199805 -0.0139088
2 0 -0.227314 -0.303224 -1.04242 -1.30032
2.1 0 -0.640363 -0.103591 0.144253 -0.274173
2.2 0 -0.0421367 -0.935706 -0.517513 0.0796622
2.3 0 0.330123 0.599821 0.0539829 0.109081
2.4 0 0.373126 1.24241 1.48507 0.70939
2.5 0 0.669137 0.613397 1.32667 2.0592
2.6 0 -1.1359 -0.984093 -1.38672 -0.72811
2.7 0 0.316838 -0.256793 -0.307512 -1.23675
2.8 0 0.938885 0.839546 0.50508 0.0217061
2.9 0 -3.20211 -3.27159 -3.5059 -2.61242
3 0 3.07994 2.28837 2.707 2.37623
3.1 0 -0.480943 0.742223 0.619827 0.221261
3.2 0 -0.310002 0.992493 1.33521 1.93294
3.3 0 0.867672 -0.732056 -0.0189129 0.601136
3.4 0 -2.67964 -3.29704 -3.74903 -4.28098
3.5 0 2.7015 3.47423 1.50633 0.685149
3.6 0 -1.21576 -1.47029 -0.593223 -0.801497
3.7 0 3.1729 3.67692 5.45458 6.25343
3.8 0 -6.48754 -6.45602 -6.28832 -5.08145
3.9 0 -2.21948 -4.58555 -7.05299 -7.60141
4 0 1.8072 1.34267 0.433026 -2.79063
4.1 0 2.61677 3.8743 3.53534 4.17629
4.2 0 7.35264 7.89887 8.52752 9.12509
4.3 0 -8.91777 -5.61606 -4.58758 -4.02928
4.4 0 3.6571 1.04242 4.8657 5.38772
4.5 0 -1.13461 -1.63314 -2.53509 -0.674532
4.6 0 4.50873 5.3302 4.13561 4.62751
4.7 0 4.02664 5.45396 3.38981 4.24726
4.8 0 -10.3805 -8.52755 -6.2068 -9.51081
4.9 0 -2.93678 -6.1585 -5.019 -6.32168
5 0 6.17539 0.808434 -1.70558 0.998273
5.1 0 -2.24539 -0.210629 -3.48824 -3.7029
5.2 0 2.02603 5.40242 5.62341 2.24873
5.3 0 0.281098 2.02759 2.64874 2.33979
5.4 0 0.352276 -1.49735 3.38655 2.4199
5.5 0 -2.56339 -2.18592 -2.66857 0.595405
5.6 0 3.16672 2.21958 2.2178 5.46082
5.7 0 -1.9214 -1.13234 -1.54777 -0.471497
5.8 0 -1.3972 0.250402 -1.52146 -0.0177715
5.9 0 4.83301 3.01266 4.38441 2.44114
6 0 4.4823 3.70573 3.71189 2.7403
6.1 0 1.71789 1.95435 1.07071 0.435858
6.2 0 -16.2566 -15.7807 -16.7319 -17.3259
6.3 0 -1.70864 -3.83915 -2.93039 -5.03757
6.4 0 1.86119 1.90091 1.54742 1.5211
6.5 0 1.47659 2.39873 1.52836 1.48344
6.6 0 -1.755 -1.37383 -3.00547 -3.24245
6.7 0 -2.12719 -4.76059 -3.84785 -5.48978
6.8 0 -0.152103 1.71506 1.06271 -0.837897
6.9 0 11.1025 11.75 14.1634 11.0655
7 0 -0.0648276 0.430576 1.00492 1.80121
7.1 0 -12.298 -11.53 -12.4312 -10.6985
7.2 0 -1.91817 -3.35075 -2.88154 -1.41996
7.3 0 1.21141 1.6899 1.58405 2.70574
7.4 0 6.71723 7.4737 7.34437 8.3085
7.5 0 -1.53598 -2.344 -1.8414 -0.851915
7.6 0 6.19855 6.26535 5.66789 7.02941
7.7 0 -5.40236 -4.85034 -4.66873 -4.96086
7.8 0 5.89537 5.49247 6.13831 5.20573
7.9 0 1.18122 1.0868 -0.125325 1.07317
8 0 0.159998 1.40228 2.44541 2.04592
8.1 0 1.47435 1.38463 1.64557 1.69791
8.2 0 4.08942 3.95953 4.08782 4.24241
8.3 0 -1.70861 -1.87393 -1.79204 -1.58904
8.4 0 -0.602336 -0.897838 -0.820065 -0.567998
8.5 0 1.65311 1.24589 1.24152 1.58409
8.6 0 -6.57438 -6.66589 -7.24482 -6.63385
8.7 0 6.52802 6.695 5.87727 6.54149
8.8 0 -0.349919 -0.562522 -0.443213 -0.296517
8.9 0 -5.53333 -5.41701 -5.22065 -5.25555
9 0 2.20236 2.32081 2.59979 2.48193
9.1 0 0.763542 0.588868 0.821782 0.807488
9.2 0 -0.235774 -0.185701 -0.254889 -0.16271
9.3 0 -4.08784 -3.88853 -4.28399 -4.04727
9.4 0 2.70738 2.73352 2.56666 2.67997
9.5 0 -0.312502 -0.571715 -0.269539 -0.400743
9.6 0 0.0543828 0.356922 0.779159 0.130685
9.7 0 -0.0986109 1.99777 2.00337 0.776966
9.8 0 0.310848 0.0410622 0.801873 0.0781078
9.9 0 -2.75899 -5.87723 -4.37601 -4.52647
10 0 -0.46781 0.00223174 -3.19779 -1.37856
10.1 0 -0.485533 0.753246 -1.61532 -1.25675
10.2 0 4.50963 3.75166 4.90164 3.33527
10.3 0 -2.01486 -2.63987 -0.699777 -2.80171
10.4 0 -1.7491 -1.90621 -1.02946 -1.59434
10.5 0 -0.510155 0.325351 -0.225009 -0.161438
10.6 0 -2.36046 -1.52485 -2.55223 -2.21092
10.7 0 -1.87978 -2.41251 -2.53116 -1.98261
10.8 0 6.25715 5.16878 4.95932 6.54978
10.9 0 0.48697 0.0826336 0.26576 1.06357
11 0 -0.0104932 0.467208 1.78357 0.748359
11.1 0 0.850621 3.12022 2.57586 2.07498
11.2 0 3.5727 3.66759 3.7353 3.73903
11.3 0 -2.86617 -3.79103 -3.41658 -3.10757
11.4 0 -2.5344 -4.13528 -3.35688 -2.77408
11.5 0 1.35814 2.77863 2.502 2.91605
11.6 0 -1.28874 -0.461245 -2.1966 -0.567593
11.7 0 -3.62513 -5.1714 -4.91232 -3.96767
11.8 0 1.21598 -1.07436 -0.411163 -0.845651
11.9 0 2.05588 3.00861 2.39447 1.16661
12 0 -2.75547 -1.13301 -0.91127 -3.71172
12.1 0 -3.63628 -2.3399 -3.07374 -3.33337
12.2 0 6.65028 6.22065 6.30685 6.21585
12.3 0 2.54582 1.24633 1.82986 1.72245
12.4 0 4.28045 4.11823 4.39891 4.28435
12.5 0 -0.222454 2.04443 2.25911 2.36556
12.6 0 -5.07623 -5.26351 -4.06614 -3.73988
12.7 0 -2.33645 -3.7965 -4.0635 -2.39744
12.8 0 1.25733 0.790943 -1.15301 1.09946
12.9 0 -0.559509 -0.327796 -0.636895 0.0768729
13 0 -6.03194 -6.85957 -5.90279 -7.51299
13.1 0 -4.16743 -4.09216 -2.97024 -6.00472
13.2 0 0.18944 1.10895 -0.650762 -0.431671
13.3 0 6.13712 6.07211 5.86656 5.81075
13.4 0 8.02238 7.8842 7.79569 7.7018
13.5 0 -2.76874 -2.64761 -2.61963 -2.75376
13.6 0 -0.122564 -0.0713806 0.271556 0.000537049
13.7 0 -0.11605 -0.174509 0.481367 0.0784758
13.8 0 5.97837 6.12601 6.4677 6.26398
13.9 0 -6.03494 -5.79989 -5.84137 -5.74448
14 0 -7.47171 -7.31121 -7.57323 -7.27701
14.1 0 -2.84412 -3.50534 -3.89069 -3.23735
14.2 0 6.64807 6.31095 5.58966 7.13526
14.3 0 6.84893 6.33703 6.61378 6.89547
14.4 0 -5.96694 -6.17822 -5.06686 -5.87734
14.5 0 -0.427385 0.494289 0.480088 -0.0160411
14.6 0 5.61445 6.7339 6.23088 6.14953
14.7 0 3.10492 3.22949 3.11201 3.39924
14.8 0 -1.93131 -2.45577 -2.16963 -1.57508
14.9 0 0.10322 -0.382301 0.206508 0.201468
15 0 -5.72512 -4.41153 -4.19581 -4.18317
15.1 0 -3.33246 -2.63831 -2.43557 -2.35889
15.2 0 -0.268207 -4.5638 -3.53847 -3.21317
15.3 0 1.24359 3.27904 -0.927627 0.748956
15.4 0 0.940884 0.919588 1.05516 0.471427
15.5 0 1.51859 1.31517 1.9301 1.04698
15.6 0 -0.699923 -1.15341 0.356391 -1.04017
15.7 0 -3.84075 -3.62946 -2.76502 -3.64715
15.8 0 -2.55969 -1.34833 -2.04303 -2.20323
15.9 0 -0.139191 0.267917 -0.318403 -0.273816
16 0 2.32446 -0.0606197 -0.14867 -0.28143
16.1 0 5.56328 5.41144 4.5728 4.26789
16.2 0 6.66312 7.45897 7.28141 7.37662
16.3 0 0.649101 1.57107 1.83408 1.95241
16.4 0 -7.85129 -5.54922 -4.64482 -4.5978
16.5 0 -0.684279 -0.118469 1.52336 1.59847
16.6 0 -0.575679 -3.1079 -1.2186 -0.453846
16.7 0 1.19388 0.132302 -1.27186 1.11722
16.8 0 0.85833 1.45893 -1.27793 1.10757
16.9 0 -6.47409 -6.87583 -7.88389 -6.58835
17 0 2.00313 0.129517 0.433634 -0.710181
17.1 0 7.57176 7.87766 8.92393 6.55525
17.2 0 -1.42617 -0.0601911 0.885819 -1.76912
17.3 0 -0.319074 1.72754 1.46221 0.0944291
17.4 0 -2.73159 -1.45693 -1.36623 -2.42555
17.5 0 3.11322 2.89075 3.17897 2.90206
17.6 0 1.89236 0.598173 0.864226 1.52008
17.7 0 1.77843 -0.0219038 -0.593434 1.79297
17.8 0 -0.0129192 0.307734 -1.20012 1.0665
17.9 0 2.08527 2.30391 2.11008 3.30324
18 0 -3.85468 -3.09127 -0.589815 -2.31758
18.1 0 -7.62239 -5.54262 -4.73017 -5.41043
18.2 0 -0.320429 -4.66857 -3.3514 -3.38172
18.3 0 -2.03864 -0.948438 -5.28345 -3.36376
18.4 0 4.65645 5.28028 4.0191 4.01096
18.5 0 0.601522 0.38081 0.866489 -0.0578659
18.6 0 1.33417 0.704352 2.17937 0.634592
18.7 0 -1.90263 -2.55914 -0.759936 -2.30527
18.8 0 0.332362 1.18346 0.613256 0.523761
18.9 0 -1.87397 -0.435102 -1.74765 -1.51006
19 0 3.03288 3.02546 2.89861 2.85271
19.1 0 2.91875 2.22855 2.78383 2.59138
19.2 0 0.440085 -0.206215 0.405759 0.237114
19.3 0 -4.31647 -3.84806 -4.15823 -3.91173
19.4 0 1.02573 1.56121 0.458906 2.22381
19.5 0 -0.911178 -1.12538 -1.22701 -0.102664
19.6 0 -2.54551 -3.65741 -2.07338 -2.84375
19.7 0 -0.536042 -0.439713 -0.138705 -0.714437
19.8 0 1.13421 1.97496 1.39058 1.1668
19.9 0 1.24132 1.86232 1.10839 1.19038
20 0 0.275914 0.0387802 0.0917207 0.0197087
20.1 0 -0.764419 -1.48238 -1.09424 -1.12725
20.2 0 0.435054 0.209875 0.280371 0.421726
20.3 0 -2.13239 -2.01464 -2.28653 -1.881
20.4 0 -1.44425 -1.25512 -1.31131 -1.37768
20.5 0 3.23548 1.7501 1.68128 1.42383
20.6 0 2.83603 3.36859 2.91359 2.28335
20.7 0 -0.268041 0.695897 0.525598 0.440687
20.8 0 -1.331 -0.456987 -0.212248 -0.253078
20.9 0 -0.380464 -0.87631 0.102903 -0.00136634
21 0 2.43554 2.09812 2.43374 2.69824
21.1 0 1.04824 1.31088 1.33843 1.74864
21.2 0 -1.91348 -0.213546 -0.448105 0.177499
21.3 0 -1.05836 -1.66253 -1.17333 -0.32261
21.4 0 -0.043271 -0.829845 -1.42432 0.105541
21.5 0 0.235054 -0.78219 -0.66325 -0.836692
21.6 0 -0.448916 -0.123039 -0.660391 -1.02159
21.7 0 -0.39472 -0.11978 -0.36391 -0.952108
21.8 0 -0.193199 -0.381573 -0.0701361 -0.955918
21.9 0 0.107705 -0.22709 0.0427317 -0.836525
22 0 0.993636 0.187163 -0.0814268 -0.567446
22.1 0 0.201237 1.08849 -0.00729617 -0.339499
22.2 0 -0.422862 0.766074 0.757811 -0.246354
22.3 0 0.157624 -0.593851 1.20577 -0.277943
