0.1 0.00555803 0.00271717 0.00139398 0.00079629 0.000566292
0.2 -0.00234199 0.00273042 0.00330128 0.00282905 0.00243887
0.3 0.0174158 0.00667727 0.00554705 0.00582236 0.0059881
0.4 0.0262797 0.0251598 0.0176202 0.0137228 0.0124562
0.5 -0.069425 -0.0149343 0.0101479 0.0170161 0.0179873
0.6 -0.0382265 -0.0703928 -0.0468283 -0.0191421 -0.00451665
0.7 -0.0391993 -0.0400549 -0.0743688 -0.0839179 -0.0805926
0.8 0.396137 0.167888 0.0498217 -0.04066 -0.090215
0.9 0.10459 0.296012 0.25808 0.192593 0.145
1 -0.381066 -0.122452 0.177735 0.356084 0.440351
1.1 -0.0655476 -0.257697 -0.147163 0.0883803 0.245803
1.2 -0.444921 -0.111657 -0.260988 -0.423631 -0.491458
1.3 -0.376471 -0.504477 -0.518797 -0.716068 -0.907384
1.4 0.922171 -0.296957 -0.684239 -0.67394 -0.608363
1.5 -0.234981 0.629804 0.271551 -0.0369318 -0.106914
1.6 -0.752073 -0.292492 0.656541 0.837071 0.685033
1.7 0.118775 -0.39135 -0.260271 0.58686 1.01235
1.8 -0.0919778 0.549964 0.0259378 -0.490396 -0.0642132
1.9 0.457168 -0.00976161 0.247772 -0.260079 -1.12682
2 0.126254 -0.228548 -0.601056 -0.0870355 -0.362847
2.1 -0.105189 0.0833797 -0.0762849 -0.443562 0.577022
2.2 -0.234004 -0.119895 0.482965 0.662814 0.0601117
2.3 -0.18793 0.143116 0.0438893 0.424193 0.221558
2.4 0.146939 -0.029079 -0.11232 -0.586966 0.407486
2.5 0.211076 -0.105467 -0.157053 0.147425 -0.630077
2.6 -0.184125 0.136989 0.0736461 -0.140786 -0.513028
2.7 -0.188374 -0.264607 -0.205111 -0.487608 0.327322
2.8 -0.33192 -0.520841 -0.524269 0.275155 -0.0173441
2.9 -0.0845891 0.064121 0.199295 -0.319555 -0.357259
3 0.0591146 0.217706 -0.0250976 -0.3095 -0.342
3.1 -0.851918 -0.79936 -0.630969 0.0525147 -0.0555238
3.2 0.0988847 -0.571377 -0.354948 -0.623691 -0.130101
3.3 -0.454264 0.384124 -0.221553 -0.454335 -0.83002
3.4 -0.0310131 -0.558503 -0.180866 -0.111569 -0.566277
3.5 0.352879 -0.159861 -0.288624 -0.27671 0.355948
3.6 0.419165 0.969908 0.419034 0.370251 0.371892
3.7 0.436637 0.314814 1.03374 1.05894 0.409127
3.8 0.7644 0.551309 0.685059 0.670144 1.17759
3.9 0.1282 0.96956 0.405097 0.697816 1.13366
4 0.218047 0.0875952 0.938116 0.949983 0.209969
4.1 -0.538682 0.0446587 0.0626584 -0.123075 0.254299
4.2 1.00475 0.0435958 -0.739845 -0.405325 -0.0431806
4.3 0.462657 -0.0320865 0.205728 -0.289748 -0.825694
4.4 -1.4012 0.0956026 0.12686 -0.0683728 -0.482366
4.5 -0.801555 -1.44667 -1.12862 -0.331923 0.333474
4.6 0.567334 -0.562403 -0.827975 -0.992618 -0.309145
4.7 -1.17853 0.439587 -0.0908709 -0.468898 -1.43404
4.8 0.353073 -0.755633 0.131365 -0.262731 -1.02237
4.9 0.264496 0.0222709 -0.898524 -0.293364 0.425915
5 -0.727623 0.00860046 0.0920574 -0.272027 0.749192
5.1 -0.515716 -0.600448 0.543331 0.98608 -0.35797
5.2 1.11592 0.758776 -0.104199 -0.0484242 0.0709978
5.3 0.693895 0.843912 0.343313 -0.486101 0.544243
5.4 -1.36125 -0.564253 0.500046 1.16556 -0.0211002
5.5 1.20481 -0.151059 -0.201847 0.269414 0.56269
5.6 1.84214 1.77863 0.471513 -0.577194 0.615901
5.7 -1.66454 0.561256 1.37982 1.46655 -0.237312
5.8 -1.61085 -1.94024 -0.174012 0.839719 0.818306
5.9 -0.341954 -0.853188 -2.13791 -1.69923 0.96155
6 1.57461 -0.316452 -0.569312 -0.91258 -1.82575
6.1 1.69485 1.95493 0.727813 -0.918479 -1.87386
6.2 0.140762 1.17641 0.887516 0.80724 -0.915111
6.3 1.18915 0.160457 1.5144 1.46558 0.546752
6.4 -0.646101 0.406527 0.544668 1.04164 2.18654
6.5 -0.165859 0.42104 0.0773123 1.3916 2.017
6.6 0.873555 -0.188676 0.841649 0.117274 1.90813
6.7 -1.11705 0.575789 0.0427987 0.244731 0.336227
6.8 0.149038 -0.168564 -0.181919 0.0598987 0.211737
6.9 -0.266267 -1.12734 -0.461949 -0.135681 0.11258
7 -2.85217 -1.35017 -1.15318 -0.714923 -0.649488
7.1 3.27692 -0.0674534 -0.719897 -1.42434 -1.91264
7.2 3.46535 3.00882 0.308741 -1.24377 -1.79576
7.3 -0.593951 1.90366 1.56702 1.38248 -1.29489
7.4 -0.844565 -0.579964 3.04242 1.44976 0.0999803
7.5 -5.33242 -2.30932 -1.44787 2.25497 1.11175
7.6 -1.12839 -3.5774 -2.74861 -1.01753 1.75336
7.7 1.93109 -0.48337 -3.48844 -3.21961 1.66506
7.8 1.23778 1.89497 -0.317142 -3.74976 0.150602
7.9 0.828662 -0.285277 1.66524 -0.797446 -0.923123
8 -0.744216 -0.301194 0.805755 2.25874 -2.01335
8.1 0.388916 1.69788 -0.0433948 3.17825 -1.89354
8.2 -2.28967 -0.00636226 1.10678 0.573585 -0.3798
8.3 -4.97774 -2.31005 0.947214 -0.836031 -0.520727
8.4 -4.61155 -2.00832 -2.96676 -1.40282 -0.589748
8.5 3.10777 -0.871611 -3.46285 -2.62614 0.248696
8.6 6.80323 -0.491427 -1.07365 -3.67449 0.264683
8.7 4.68761 0.367473 0.651491 -0.103782 -0.392361
8.8 -7.41927 0.342672 -0.163739 0.828078 -0.645009
8.9 -4.67028 -0.47262 -0.275465 1.64212 -2.08571
9 3.57674 -1.28606 0.593871 -0.407007 -0.7095
9.1 0.562217 -0.334212 0.194306 -0.658813 -0.352276
9.2 2.72086 0.711897 -0.714389 -0.109342 -0.194796
9.3 -0.354856 0.95952 -0.521529 -0.08566 -0.0784786
9.4 -0.795015 1.52723 0.693201 -0.285076 -0.0856951
9.5 3.84912 1.53705 2.69257 0.328331 0.0446242
9.6 -0.380545 0.668569 2.24022 2.79557 0.334807
9.7 -1.62376 0.730686 0.753176 2.76328 1.13433
9.8 2.01074 1.14958 -0.0319959 1.50943 2.15829
9.9 -1.58506 -0.68348 1.42792 -0.553487 2.12086
10 -4.71245 -0.0484584 -1.197 -0.478513 1.77601
10.1 0.330229 -2.14731 -1.37877 -0.468101 1.18008
10.2 0.121458 -1.25814 -1.54846 -0.0523243 0.00927976
10.3 1.2814 -0.703829 -1.25662 -0.617117 0.0211488
10.4 -0.993447 -0.386245 0.85544 -2.81786 -0.0209925
10.5 -4.74304 -0.100504 -0.515607 -2.12629 -0.290352
10.6 0.354751 -0.374556 -2.74424 0.218727 -1.50845
10.7 2.60987 -3.30231 -0.959062 0.968814 -2.40458
10.8 3.48273 1.51504 0.85229 -1.43218 -2.04798
10.9 2.89259 2.17398 0.767103 -1.12931 -1.70521
11 -0.0452213 0.43597 0.187285 1.54984 -1.50024
11.1 -2.93325 -0.0863499 0.554655 -0.00686972 -0.0610778
11.2 -0.380847 -0.38756 0.489803 0.129832 -0.136166
11.3 2.34758 0.111464 0.0857892 0.731302 -0.0288939
11.4 0.742317 2.39086 0.319952 1.32464 0.117958
11.5 1.1812 1.72301 2.35068 0.697556 0.819365
11.6 -0.183758 0.539976 3.15678 0.778754 1.20921
11.7 -1.09389 1.33049 -0.282688 2.57082 1.16965
11.8 0.234919 -1.29064 -1.09956 1.50422 2.02722
11.9 0.786548 -0.462571 0.786985 -1.23279 2.07925
12 0.511442 0.779098 -0.0852202 -1.1295 1.98584
12.1 -2.38369 0.503622 -0.702537 0.794268 0.364022
12.2 2.10394 -0.412421 0.351714 0.432416 0.31628
12.3 0.32551 -0.530014 0.661675 0.345718 0.362235
12.4 -1.75388 0.424874 -0.17862 0.253173 0.278937
12.5 3.08228 0.534604 -0.234676 0.232693 0.291071
12.6 -2.3721 0.232707 0.223007 0.130407 0.281335
12.7 -0.514523 -0.285328 0.582649 -0.272049 0.1522
12.8 1.46717 -0.617601 0.22063 -0.289723 0.153299
12.9 0.186148 0.561088 -1.03757 -0.105749 0.172853
13 1.98023 1.00341 -0.143932 -0.227943 0.203942
13.1 -0.298142 0.163365 1.31236 -0.28748 0.212546
13.2 -4.88207 -0.577346 0.504054 1.28834 -0.949798
13.3 2.82091 -1.21664 -0.552835 1.1973 -0.96886
13.4 3.78972 0.593956 -0.36141 -0.168757 -0.442574
13.5 -4.20005 2.2241 0.16199 -0.824836 -0.409581
13.6 -4.45199 -0.905173 0.698985 -1.28184 -0.547502
13.7 -0.00448956 -1.60387 -0.295441 -0.616066 -0.579435
13.8 5.12666 -0.893052 -1.70023 0.423931 -0.263737
13.9 2.67574 0.301299 -1.14105 -0.247746 0.474642
14 -3.16244 -0.15025 0.246117 -0.913057 0.325831
14.1 -4.21523 -0.546368 0.310916 -0.550104 -0.611565
14.2 0.237889 -0.749276 -0.554449 -0.149815 -0.776393
14.3 -0.812878 -0.686186 -0.917146 -0.0703514 -0.758316
14.4 -4.90787 -1.98588 -1.08236 -0.649657 -0.83074
14.5 2.77985 -2.0001 -2.02411 -1.21369 -0.840452
14.6 -1.08532 -0.540452 -1.08593 -3.08249 -0.750143
14.7 1.40906 -0.494243 -1.21038 -2.59221 -0.762198
14.8 1.6318 1.03236 -1.22984 0.113407 -0.725396
14.9 0.986774 -0.103692 0.16023 0.584835 -0.94252
15 -2.17801 -0.575011 0.79791 1.05794 -1.63755
15.1 -4.73351 -0.980805 0.809255 -0.417613 -0.627165
15.2 -2.29926 -0.863073 -0.551467 -0.553761 -0.665264
15.3 5.17088 -1.46681 -1.16981 -0.220621 -0.513909
15.4 0.757236 1.04359 -1.20154 -0.235624 -0.270263
15.5 -4.01969 0.375318 -0.266447 -0.76218 -0.343868
15.6 -4.80048 -1.19236 0.112704 -1.17004 -0.598617
15.7 -1.99639 -3.82379 -1.00759 -0.821429 -0.774908
15.8 -0.517957 -0.760203 -3.74266 -1.03406 -0.801855
15.9 -3.09553 -0.831172 -1.28942 -3.31814 -0.96098
16 2.38448 -1.46371 -0.56727 -3.02612 -1.01923
16.1 -0.8563 -1.63533 -2.69449 -0.0849337 -1.06493
16.2 -2.70663 -2.40913 -1.54439 0.626998 -2.26203
16.3 0.0188504 -1.24169 -0.426041 -1.70559 -2.20205
16.4 2.04439 -0.450884 -0.971809 -1.84208 -1.67484
16.5 0.467607 2.72504 -0.311253 -1.73112 -1.39084
16.6 4.0328 -0.0857231 0.171581 0.523499 -0.651
16.7 2.15221 -0.0389016 0.541993 0.224547 0.115563
16.8 -0.563534 -0.381989 1.00024 0.320539 0.170834
16.9 4.16039 -0.220692 1.07343 0.51041 0.289952
17 0.390393 0.849862 -0.189425 1.2303 0.4362
17.1 -6.23005 0.654422 -0.993931 1.71477 0.241146
17.2 0.735225 1.45625 1.82126 0.0259096 0.0799712
17.3 1.08333 1.95824 2.94811 0.178539 0.172626
17.4 -4.83031 0.915886 1.92468 0.64065 1.02351
17.5 -1.72246 -1.96996 -2.2917 2.37334 0.781136
17.6 3.13546 -2.10548 -1.60097 1.10077 0.82382
17.7 2.45894 -0.888239 -0.533453 -0.685077 1.40855
17.8 -3.21279 1.86246 0.243911 -2.67582 1.68781
17.9 -1.62916 1.30551 0.574907 -1.71755 0.295255
18 1.05626 -1.56804 0.14721 -0.371455 0.223056
18.1 1.25441 -1.15937 -1.33687 0.903026 0.242932
18.2 -2.65723 -0.611656 -1.65611 0.852835 0.143862
18.3 0.485547 -0.913011 -0.205511 -0.208967 0.0312513
18.4 -0.700371 -0.290916 0.759341 -1.31423 -0.18077
18.5 1.2988 0.602121 0.298473 -0.462652 -0.968927
18.6 1.33147 2.1342 -0.126929 0.0411317 -0.857256
18.7 -1.57494 1.06319 0.49634 0.297667 -0.917101
18.8 -0.116698 -2.0299 1.50304 0.724647 -1.1216
18.9 4.00262 -0.456361 -0.513095 1.16003 -0.338
19 -0.476863 2.57628 -0.622232 0.606847 -0.178122
19.1 -3.41787 1.08242 1.43563 -0.283567 -0.262442
19.2 -1.36778 -1.03275 1.61481 -0.262602 -0.367807
19.3 4.72609 -1.48425 -0.627665 0.495745 0.374339
19.4 3.22207 1.02618 -1.83897 0.575239 1.02011
19.5 0.710444 2.90988 -0.107088 0.0198421 1.11127
19.6 3.08808 1.2518 4.30626 -0.316745 1.17932
19.7 1.32985 0.805659 3.43654 1.08917 1.25009
19.8 -5.68634 2.54696 -0.983779 2.98855 1.02917
19.9 -3.58128 -2.43197 -0.290696 2.46888 0.678956
20 -2.7205 -0.934975 0.353979 -0.39058 0.463339
20.1 0.488399 -0.257709 -0.714097 -0.764195 0.614146
20.2 2.4002 -0.986331 -1.88733 -0.884467 0.893931
20.3 -0.271917 -0.712204 -1.80094 -0.1526 0.218544
20.4 0.545083 -1.12825 -0.943332 -0.344533 0.14063
20.5 2.96273 -0.629357 0.94024 -1.84318 0.225756
20.6 -1.62556 0.0201799 0.509498 -1.6948 0.214866
20.7 -0.958741 0.468387 -0.593559 -1.07374 0.055454
20.8 -0.479375 0.483928 -0.927508 0.223146 -1.01242
20.9 -1.72829 -0.302762 -0.672852 0.383046 -1.07944
21 0.110252 -0.734103 -0.0172377 0.328213 -1.38431
21.1 2.73253 -0.762735 0.555955 0.438318 -1.55845
21.2 2.63638 0.13972 0.287024 0.497333 -1.29784
21.3 4.19839 2.86864 0.434381 -0.371773 -0.0187296
21.4 -3.077 2.46151 1.15388 -0.329418 0.0352242
21.5 -6.38922 0.180153 2.17809 -0.210195 -0.264209
21.6 1.50188 -1.5685 1.10327 1.33608 -0.38978
21.7 -2.15651 -1.581 -1.13899 1.48151 -0.353126
21.8 -1.48205 -0.592674 -2.7716 0.941415 -0.0935432
21.9 0.816516 -0.527341 -2.13865 -0.437577 0.593147
22 1.50995 -1.11485 0.485485 -2.14076 0.678715
22.1 -2.04096 -0.915916 0.499368 -2.26909 0.637593
22.2 -0.639871 -0.43929 -0.633162 -1.44566 0.229672
22.3 -3.51259 -0.369453 -1.10574 -1.29513 0.0419047
22.4 -0.539752 -0.487605 -2.02868 -0.495195 -0.146428
22.5 1.69025 -1.03011 -1.54709 0.574823 -0.877539
22.6 3.78312 -0.991606 0.0812212 -0.185845 -0.908443
22.7 -3.73946 -0.472832 0.537379 -0.438824 -0.87955
22.8 -1.31891 -0.159577 -0.0518475 -0.627088 -1.01288
22.9 2.8563 0.0130615 -0.144494 -0.524286 -0.915845
23 -1.5211 0.142885 -0.552952 -0.0381056 -0.848192
23.1 -0.539894 -0.0481386 -0.451966 -0.0892266 -0.908687
23.2 1.6897 -0.273988 -0.0611384 -0.49056 -0.449566
23.3 -0.102096 -0.144417 0.0571357 -0.433611 -0.361418
23.4 -1.27847 -0.182609 -0.125609 -0.305783 -0.376654
23.5 1.22572 -0.166855 -0.145074 -0.263383 -0.34691
23.6 -0.0322518 -0.0987411 -0.131304 -0.177582 -0.277236
23.7 1.15052 -0.0284322 -0.161133 -0.0545932 -0.21322
23.8 1.61106 0.091259 -0.222426 0.221663 -0.0972726
23.9 0.994307 0.0709119 -0.0085144 0.351466 0.00949282
24 -0.322771 -0.00435649 0.374452 0.169878 0.0493872
24.1 0.00760036 0.0072091 0.34371 0.209278 0.0566214
24.2 2.00029 0.462915 0.203863 -0.188949 0.726015
24.3 1.60727 2.49365 0.138747 0.0483841 1.16302
24.4 -0.545909 1.65287 1.53815 0.784057 1.0855
24.5 1.83356 0.53075 3.51976 1.32883 0.853612
24.6 -0.611241 1.01115 2.55414 1.76433 0.866412
24.7 -2.40597 3.02422 -1.5236 3.08065 0.814431
24.8 -0.555016 -3.12794 0.819124 2.72174 0.724241
24.9 -0.428836 -0.240558 0.494169 -0.109362 0.731396
25 -1.57804 0.50412 -0.338791 -0.323486 0.701078
25.1 -0.907255 1.05599 -1.03405 -0.919826 1.04259
25.2 0.267947 0.113592 -0.137112 -1.27659 1.29186
25.3 -0.782414 -0.469651 0.374928 -0.170788 0.123017
25.4 1.35144 -0.820534 0.393918 -0.0556183 0.116718
25.5 2.84414 -1.38099 -0.459848 0.317152 0.228145
25.6 3.1054 1.74047 -1.41141 0.454179 0.389931
25.7 -1.40581 0.937511 0.466868 0.0759664 0.401568
25.8 -4.09089 0.0178608 2.03385 -1.16222 0.171374
25.9 2.53304 -0.289452 0.624545 0.0900931 0.0771241
26 1.7407 0.342737 -0.482788 0.753972 0.178109
26.1 -0.790699 0.61795 -0.572311 1.31583 -0.344559
26.2 -2.20191 -0.116174 0.0869443 1.24294 -0.853745
26.3 -1.28023 -1.68419 1.06984 -0.545506 -0.528736
26.4 4.13267 -0.275658 -0.0844758 -1.39612 0.206896
26.5 -1.1614 0.804319 -0.950772 -0.648528 0.0624986
26.6 -4.61663 0.467309 -1.19693 -0.175407 -0.703778
26.7 -0.811968 -0.620617 -0.532849 -0.513321 -0.876292
26.8 2.72391 -0.84379 0.033723 -0.641266 -0.765453
26.9 1.43941 -0.73715 0.220842 -0.464481 -0.583855
27 -1.99989 -0.25942 -0.511964 -0.20289 -0.564713
27.1 -0.40363 -0.235601 -0.750631 -0.23662 -0.54213
27.2 0.528358 -0.21796 -0.618754 -0.3224 -0.493312
27.3 1.83109 -0.294213 -0.12399 -0.432058 -0.322527
27.4 -0.0600209 -0.0197421 0.0199937 -0.564578 -0.0730496
27.5 1.04179 0.0478453 -0.118827 -0.41841 0.0828104
27.6 -0.968291 -0.00654034 -0.194378 -0.0039589 -0.0976758
27.7 0.0427229 -0.169011 -0.1832 0.19411 -0.183563
27.8 -0.441663 -0.315263 -0.159216 0.295147 -0.134847
27.9 -0.716077 -0.0101028 0.19955 -0.277133 0.109947
28 0.255487 0.917333 0.168789 -0.233056 0.294148
28.1 1.06415 0.289498 0.625333 0.657012 0.127979
28.2 0.750755 0.457504 0.69876 0.686276 0.363299
28.3 -1.13124 0.342541 0.582719 0.631425 0.516454
28.4 -2.66376 -0.230399 0.282906 0.434065 0.488999
28.5 2.55185 0.270939 -0.34549 0.404606 0.46359
28.6 0.286346 0.120412 -0.0118697 0.284223 0.534491
28.7 -2.1801 -0.2037 0.226403 0.0189139 0.441033
28.8 2.01307 -0.373104 0.221709 -0.117691 0.359758
28.9 -0.861691 -0.368525 0.0404254 -0.134556 0.359998
29 -1.69289 0.195458 -1.10381 -0.109275 0.0421071
29.1 2.16442 -0.156858 -0.143176 -0.267079 -0.706106
29.2 -1.47459 -0.32406 0.2298 -0.456093 -0.679201
29.3 -0.843435 -0.33792 0.00455881 -0.563812 -0.724453
29.4 1.7264 -0.170767 -0.532738 -0.159037 -0.656459
29.5 -0.442172 0.128336 -0.579209 -0.10645 -0.571375
29.6 -0.4774 -0.250608 -0.0823944 -0.36133 -0.452557
29.7 1.24722 -0.166948 0.0691677 -0.37705 -0.38868
29.8 1.06025 0.294867 0.0310464 -0.157352 -0.277637
29.9 1.65733 1.73798 0.192441 0.0106624 -0.0730404
30 -1.67433 0.626864 1.07329 0.0965109 0.39169
30.1 -1.6554 -0.331209 0.551837 0.58733 0.577637
30.2 -1.02361 -0.92398 0.375239 0.544952 0.561242
30.3 0.740197 -1.03641 -0.610023 0.561412 0.523304
30.4 1.47891 -0.145859 -1.17261 0.594733 0.570197
30.5 -0.163501 1.0411 -0.805387 0.172093 0.583068
30.6 -1.46971 -0.043465 0.684799 -0.275647 0.492011
30.7 -2.71396 -0.92657 1.72453 -1.31185 0.217136
30.8 0.132841 -1.13157 -0.85078 0.191314 -0.282684
30.9 -0.496716 -0.174059 -1.93826 0.789293 -0.885222
31 -0.51184 -0.0111689 -0.709962 -0.646314 -0.868047
31.1 1.27532 -0.378407 0.0291292 -0.979013 -0.698637
31.2 -0.0030492 -0.14283 0.176852 -1.16738 -0.616095
31.3 1.26879 0.0958244 0.0565377 -1.07571 -0.550893
31.4 1.76389 0.430866 -0.611404 -0.127234 -0.44068
31.5 -0.756749 -0.00139808 -0.0866493 -0.027832 -0.400878
31.6 -1.56119 -0.334099 0.107627 -0.0587445 -0.462844
31.7 -0.511767 -0.503158 0.130142 -0.0846082 -0.502032
31.8 0.610856 -0.221062 -0.380015 0.103738 -0.378909
31.9 2.72975 -0.0202995 -0.426808 0.342864 -0.231506
32 6.19033 1.97689 0.406181 0.380189 0.0963515
32.1 1.02906 1.30958 2.06238 0.492232 0.4833
32.2 -2.86304 1.39804 1.40872 0.652869 1.23118
32.3 -1.58237 1.40206 2.28461 0.853626 1.02357
32.4 -2.7186 0.94093 2.04734 0.870704 0.830959
32.5 -3.23306 -0.868883 -2.01697 2.6239 0.604238
32.6 0.108266 -1.28458 -1.69264 2.30451 0.507405
32.7 1.9595 -1.17368 1.04216 -0.418155 0.604559
32.8 -0.413804 0.0628903 -0.00851436 -0.804828 0.970944
32.9 -0.990516 0.374015 -0.550913 -1.28939 1.28237
33 -2.604 -0.719187 -1.59888 -0.622277 0.322966
33.1 0.45634 -1.10036 -0.746611 -1.15865 -0.0550102
33.2 3.5091 -0.821586 0.126766 -1.73547 0.0475203
33.3 0.522922 -0.178571 -0.373947 -1.09631 0.129058
33.4 -1.06568 0.27565 -0.983559 -0.574168 0.041822
33.5 1.15151 -0.239781 -0.892818 0.98732 -0.968292
33.6 3.33593 -0.358825 0.45162 0.341166 -0.807799
33.7 0.913233 1.33727 1.37911 0.375158 -0.892421
33.8 -0.220186 1.54718 1.75591 0.641266 -1.10975
33.9 -0.425983 1.33912 1.35001 1.0472 -1.06137
34 -0.726849 0.973411 0.454267 1.13611 -0.165025
34.1 0.695865 0.67777 0.445355 1.23623 -0.116236
34.2 -0.473894 -0.224306 0.764661 1.00326 -0.0474845
34.3 -0.597087 0.0403213 0.485094 -0.207372 0.929003
34.4 -1.46857 0.366092 -0.108594 -0.242927 0.854301
34.5 -1.08346 0.258383 -0.368502 -0.219345 0.755895
34.6 0.173245 -0.484065 -0.267216 -0.292667 0.854119
34.7 -0.442986 -2.32818 -0.474929 -0.456212 1.01828
34.8 -0.832854 -1.12639 -1.56572 -0.355834 0.747697
34.9 -0.536881 -0.543596 -1.7301 -0.21477 0.13168
35 2.00541 -0.358079 -0.329663 -1.48622 0.148294
35.1 1.57786 0.104573 0.108283 -1.53192 0.216939
35.2 -0.648935 0.0656915 -0.0728778 -1.00984 0.175075
35.3 0.0591927 -0.0970631 -0.128124 0.299636 -0.870483
35.4 0.396463 0.3066 -0.253476 0.64499 -0.857472
35.5 0.119048 1.25843 0.26566 0.894548 -0.994616
35.6 -0.46894 0.202413 1.77648 0.824896 -1.22605
35.7 -2.20028 -0.331703 1.32636 0.255318 -0.501945
35.8 -2.43869 -0.604919 -1.01203 0.803762 -0.584688
35.9 -1.09134 -0.594097 -1.45168 0.185333 -0.632713
36 -0.506088 -0.497224 -0.503592 -1.01726 -0.606519
36.1 -0.927796 -0.490078 -0.421494 -1.24087 -0.578657
36.2 0.388441 -0.444142 -0.476913 -2.06552 0.272921
36.3 -1.18854 -0.494838 -0.935808 -1.57179 0.27376
36.4 -1.9001 -0.858544 -0.836957 -0.560892 -0.794796
36.5 0.551482 -1.13426 -0.990643 -0.111899 -0.893566
36.6 2.20759 -1.24999 -0.950688 0.0979126 -0.762699
36.7 3.58868 -0.918153 -0.403257 -0.0904071 -0.524053
36.8 2.40911 0.500827 0.0180277 -0.296815 -0.205886
36.9 1.4571 0.764776 0.160823 -0.240797 -0.059592
37 -0.427378 0.574699 0.500911 -0.224248 -0.0185321
37.1 -2.09565 0.497548 0.148445 -0.00358591 -0.0986144
37.2 -3.01545 0.265407 0.029185 -0.144503 -0.257845
37.3 0.308655 -0.139148 0.0977162 -0.0734212 -0.325506
37.4 2.82497 -0.279101 0.179343 0.310008 -0.192766
37.5 1.89176 -0.19671 -0.210393 0.807152 0.291785
37.6 -0.720344 1.23086 0.403558 0.206725 0.976652
37.7 -3.34415 0.728288 0.896439 0.170997 0.79188
37.8 0.182917 0.190535 0.883469 0.300321 0.639148
37.9 2.42176 -0.00778544 0.893576 0.740281 0.599174
38 1.47982 1.10433 -0.0527917 0.879029 0.685874
38.1 -0.78579 0.480151 0.642429 0.870979 0.669724
38.2 -0.412572 0.277647 0.998051 0.786408 0.592684
38.3 -0.353881 0.863513 0.327069 0.71505 0.538864
38.4 2.17303 0.396943 0.340093 0.717488 0.576896
38.5 2.07427 0.800548 1.14041 0.501198 0.693388
38.6 -0.848391 1.15092 0.815431 0.793285 0.702446
38.7 -3.00125 0.310588 0.635324 0.618201 0.54494
38.8 -1.91796 -0.406794 -0.222316 0.410712 0.364204
38.9 -0.64267 -0.112319 -0.315331 -0.119526 0.271409
39 -1.41821 -1.87529 -0.544649 -0.216939 0.19504
39.1 -1.07439 -1.38874 -1.59982 -0.343956 0.100808
39.2 -0.198389 -0.761643 -1.98555 -0.445232 -0.0697268
39.3 -0.434684 -0.636306 -0.371506 -2.08656 -0.105213
39.4 -0.367883 -0.564816 -0.316357 -2.10796 -0.169117
39.5 0.962491 -0.42962 -0.319515 -1.02485 -1.15384
39.6 1.13661 -0.315103 -0.863847 -0.236702 -1.08031
39.7 0.488471 -0.241879 -0.757057 -0.117398 -1.01623
39.8 1.05804 -0.0955644 -0.000236473 0.208362 -1.30823
39.9 -0.137405 -0.0720229 0.279651 0.317004 -1.49901
40 -0.994419 -0.00978495 0.477128 -0.596462 -0.90725
40.1 0.670147 0.0843916 -0.0269696 -0.654309 -0.39959
40.2 1.87479 0.256367 -0.344854 -0.201639 -0.283049
40.3 -0.745105 0.134204 -0.132084 -0.128418 -0.220516
40.4 -1.35363 0.0305402 -0.162205 -0.168329 -0.26684
40.5 -1.46356 -0.151703 -0.180112 -0.229645 -0.33257
40.6 -0.688252 -0.628642 -0.0460325 -0.262875 -0.371037
40.7 0.32453 -0.686333 -0.246222 -0.0237242 -0.346598
40.8 -0.135662 -0.349253 -0.71163 0.157554 -0.302256
40.9 -1.03256 -0.353283 -0.520084 -0.111077 -0.301273
41 -0.252855 -0.454732 -0.266104 -0.36158 -0.302009
41.1 0.267416 -0.404053 -0.117228 -0.52082 -0.260631
41.2 0.110135 -0.166464 -0.302954 -1.15406 0.562473
41.3 0.705748 -0.0738382 -0.527192 -0.831451 0.564161
41.4 0.469833 -0.217423 -0.891796 0.729891 -0.246085
41.5 1.03125 -0.425719 0.0149709 0.419337 -0.341877
41.6 0.186134 -0.45111 0.628828 -0.0428484 -0.205975
41.7 0.788698 0.102299 0.344981 -0.241135 -0.042763
41.8 1.30853 0.650158 -0.0476212 -0.0541037 0.114701
41.9 1.10698 2.75643 0.206529 0.0516941 0.294537
42 0.691842 1.00564 1.35573 0.722617 0.34659
42.1 -0.556077 -0.384582 1.99984 1.01622 0.691938
42.2 -0.912589 0.594139 1.67375 0.968836 0.763958
42.3 -0.893363 2.541 -0.198416 0.890497 0.748968
42.4 -0.68411 -0.547979 0.195692 0.902646 0.664943
42.5 -1.85517 -1.60705 0.359706 1.45866 0.561771
42.6 -2.62187 -0.139243 -0.720361 0.540987 0.411664
42.7 -0.211428 0.0109895 -0.409221 -0.278887 0.327738
42.8 2.91715 -0.0205368 -0.365019 -0.266349 0.422762
42.9 3.27421 -0.557714 -0.137884 -0.131826 0.613392
43 0.172203 0.546057 -0.00923739 -0.083099 0.688217
43.1 -1.00081 0.693874 0.387337 -0.0984907 0.411039
43.2 0.103742 0.439784 0.816986 -0.393517 0.337283
43.3 0.851595 0.250544 0.599539 -0.0569578 0.320625
43.4 1.33243 0.517245 0.10575 0.383043 0.340137
43.5 0.511856 0.484519 0.0862859 0.632068 0.347214
43.6 0.498613 0.248073 0.404743 0.878611 0.116519
43.7 1.00878 0.178032 0.864233 1.29902 -0.516639
43.8 -0.644708 0.685919 0.703178 0.653429 -0.193988
43.9 -0.975854 0.785315 1.0529 -0.743516 0.462867
44 -0.510258 0.476364 -0.00212905 -0.0558566 0.47121
44.1 -1.54248 0.355657 -0.392894 0.222762 0.33723
44.2 -1.08974 -0.248926 -0.185336 0.334261 0.148857
44.3 -0.687876 -2.50837 -0.130903 0.19121 0.0229334
44.4 -0.593353 -1.47235 -1.07433 -0.0794093 -0.0398335
44.5 -0.108372 -0.245955 -1.14922 -1.08035 -0.147116
44.6 -0.453204 -0.064787 -0.694573 -1.0002 -0.800747
44.7 -0.546952 -0.0580269 -0.64781 -0.958233 -0.900654
44.8 -0.738472 -0.133843 -0.586169 -0.983977 -0.911305
44.9 -0.0716398 -0.700258 -0.0492815 -0.948591 -0.90704
45 1.22584 -0.430282 -0.701767 -0.358705 -0.836905
45.1 1.52314 -0.318796 -0.602103 -0.200648 -0.711207
45.2 -0.0740593 -0.080059 -0.0767173 -0.207543 -0.625701
45.3 -0.8482 -0.119598 -0.0135104 -0.330115 -0.567561
45.4 -0.480293 -0.173639 -0.167809 -0.347901 -0.44317
45.5 0.219076 -0.215534 -0.160136 -0.32631 -0.417274
45.6 -0.64242 -0.227035 -0.17076 -0.305427 -0.397094
45.7 -1.64997 -0.311356 -0.254563 -0.342533 -0.43818
45.8 -1.66216 -0.443869 -0.394627 -0.408299 -0.508642
45.9 0.197726 -0.468885 -0.543358 -0.4032 -0.512525
46 1.29551 -0.471917 -0.614775 -0.177794 -0.417289
46.1 1.04057 -0.402218 -0.514114 -0.0677819 -0.29781
46.2 -0.465366 -0.11344 -0.209383 -0.428736 -0.0902791
46.3 -0.587548 -0.17345 -0.211028 -1.01747 0.493176
46.4 -0.491825 -0.318054 -0.292005 -0.456179 0.0843994
46.5 0.291796 -0.471691 -0.542193 0.46166 -0.382633
46.6 1.25131 -0.516276 -0.165863 0.411923 -0.376044
46.7 1.94544 -0.328237 0.33966 -0.0446175 -0.092452
46.8 1.3121 0.324033 0.127156 -0.360557 0.316191
46.9 0.942252 0.617069 -0.0367099 -0.148477 0.364849
47 0.117877 0.541148 0.127409 0.253979 0.0883588
47.1 -0.469592 2.45925 0.549583 0.40093 -0.0327472
47.2 -0.132933 0.592559 1.73823 0.809519 0.00946111
47.3 0.0613773 -0.748812 2.18069 0.949662 0.606892
47.4 -0.0916581 1.6894 0.110976 0.826613 0.847565
47.5 -0.883841 1.60312 0.246705 0.823809 0.781723
47.6 -0.640203 -1.71111 1.56348 0.786231 0.702893
47.7 0.125821 0.245165 -0.774989 1.00108 0.664808
47.8 1.60907 0.55639 -0.995734 1.03049 0.707856
47.9 1.26398 0.344761 0.410796 0.156206 0.786982
48 0.132572 0.164186 0.915 0.0985773 0.805008
48.1 -0.707821 0.338318 0.875191 0.0247503 0.744588
48.2 -1.01343 0.856634 0.231097 0.0978611 0.501881
48.3 -0.57091 0.173894 -0.0328659 0.278063 0.348411
48.4 -0.157459 -0.0624707 0.125912 0.235218 0.293507
48.5 0.943362 -0.093895 0.190044 0.240075 0.290972
48.6 1.85459 0.166916 0.112793 0.304929 0.353786
48.7 0.386741 0.390504 0.157305 0.338286 0.393522
48.8 -1.04229 0.327504 0.215719 0.265795 0.334927
48.9 -1.28525 0.0690536 0.259071 0.141662 0.224407
49 -1.22727 0.0313999 0.238335 -0.100367 0.113476
49.1 -1.80424 -0.0436829 0.1254 -0.266254 -0.00991285
49.2 -1.84965 -1.74243 -0.355507 -0.279264 -0.148653
49.3 -0.940519 -1.00648 -1.65735 -0.338403 -0.402002
49.4 0.907121 -0.545848 -0.974151 -0.564596 -1.18588
49.5 1.2424 -0.312039 -0.547681 -0.920613 -1.05906
49.6 0.454847 -0.226844 -0.425942 -0.875314 -0.94457
49.7 0.194248 -0.185053 -0.226542 -0.969896 -0.871293
49.8 -0.276323 -0.171366 -0.1628 -0.975315 -0.827753
49.9 -0.959009 -0.21846 -0.926693 -0.213691 -0.824083
50 -0.480096 -0.845124 -0.355023 -0.236137 -0.82144
50.1 0.593464 -0.796371 -0.309772 -0.46629 -0.545628
50.2 1.33592 -0.542691 -0.363514 -0.380045 -0.441101
50.3 2.06013 0.380403 -0.387723 -0.236589 -0.294397
50.4 2.28795 0.45271 -0.0703791 -0.115381 -0.125411
50.5 1.35233 0.426759 0.27909 0.00290481 0.00957618
50.6 -0.0195581 0.482514 0.346074 0.0835108 0.0601876
50.7 -1.10118 0.448411 0.364535 0.0566587 0.0273529
50.8 -0.698659 2.02423 0.763712 0.0279454 -0.0250745
50.9 -0.207288 0.599608 1.7708 0.42601 -0.0212789
51 -0.508201 -0.352578 1.13926 1.05843 0.670222
51.1 -0.851289 0.164022 0.353063 0.829074 0.830341
51.2 -0.965636 0.273701 -0.774116 0.946525 0.738745
51.3 -0.637347 -0.244884 -0.895424 1.23232 0.663848
51.4 0.105064 -1.37697 0.617265 -0.00431071 0.6316
51.5 0.482397 -1.51289 -0.0845372 -0.0515522 0.632946
51.6 0.258386 0.822763 -1.19768 -0.0869955 0.629019
51.7 0.196206 1.46054 -1.26705 -0.15825 0.605168
51.8 0.0995393 -0.505453 0.971244 -0.274808 0.353506
51.9 -0.0729755 -0.761038 2.29738 -1.31949 0.309567
52 -0.474311 0.362545 -0.211609 0.146069 0.235024
52.1 -0.704818 1.37761 -1.83738 0.501642 0.139328
52.2 -0.493031 -1.33742 -0.29443 0.895281 -0.700079
52.3 -0.53531 -1.90842 1.13863 -0.209013 -0.895842
52.4 -0.24973 -0.194588 -0.240498 -0.576515 -0.86858
52.5 -0.134207 0.294909 -0.616175 -0.664611 -0.824678
52.6 -0.119712 0.713516 -1.01188 -0.825214 -0.614383
52.7 0.3657 0.347555 -0.600248 -0.795123 -0.568112
52.8 0.717225 -0.392444 0.214431 -0.709762 -0.502722
52.9 -0.167759 -0.428978 -0.0901176 -0.255002 -0.462045
53 -0.84835 -0.465276 -0.17942 -0.173695 -0.471896
53.1 0.0581419 -0.466107 -0.427803 0.0228425 -0.440103
53.2 2.12939 -0.189516 -0.432026 0.188966 -0.331279
53.3 2.98506 0.0757664 -0.042643 0.15053 -0.126305
53.4 1.80516 2.50181 0.350404 -0.0841927 0.288175
53.5 1.25988 1.65995 1.38869 -0.411372 0.966837
53.6 0.283392 -0.346058 2.21145 1.0065 0.871547
53.7 0.112049 0.738777 2.28275 1.39915 0.761218
53.8 0.818395 3.42232 0.544971 1.43962 0.842325
53.9 1.03224 1.11304 0.806567 3.16108 1.00309
54 1.3918 0.640865 1.2179 3.0703 1.07494
54.1 0.98911 0.677902 2.93102 1.14502 1.17013
54.2 0.39883 1.99958 1.17999 1.3034 1.23623
54.3 -0.916317 1.81056 0.110462 1.0657 2.2904
54.4 -2.11908 -2.598 1.15877 0.362245 2.04167
54.5 -2.00238 0.00145392 -1.05671 -0.37959 1.77328
54.6 -1.30752 -0.0421745 -0.52397 -1.0076 1.41764
54.7 -1.82539 -0.0996717 -0.402639 -0.0270199 -0.0862086
54.8 -1.9174 -0.152826 -0.628422 -0.140677 -0.224094
54.9 -2.38075 -0.399911 -0.684682 -0.283184 -0.370434
55 -2.13964 -2.90544 -0.845582 -0.441204 -0.513722
55.1 -1.27523 -2.06738 -1.70953 -0.576507 -0.610796
55.2 -0.387704 -1.01496 -2.61598 -0.691362 -0.643895
55.3 0.145965 -1.23646 -1.06214 -2.25572 -0.632058
55.4 0.42632 -2.23624 0.0128244 -3.12998 -0.607438
55.5 0.706321 -0.792263 -1.53122 -2.72225 -1.15724
55.6 0.45469 -0.620684 -2.75729 -1.18017 -1.53132
55.7 -0.0461613 -0.567217 -1.56878 -1.07897 -2.42268
55.8 -0.836363 -1.78124 0.129171 -1.35333 -2.37875
55.9 -1.06176 -0.440826 -1.13923 -1.35002 -2.28616
56 -0.516635 -0.527489 -1.80519 -0.623574 -2.18892
56.1 0.424687 -1.18912 0.350593 -0.95599 -2.04907
56.2 0.998597 0.909251 -0.0628013 0.220833 -1.86843
56.3 1.8071 0.0592868 -0.0506434 0.127833 -0.493
56.4 2.42793 0.199599 0.119949 -0.00514723 -0.0495499
56.5 2.15475 0.362106 0.294101 0.148764 0.111627
56.6 1.41481 0.497492 0.422644 0.264921 0.229285
56.7 0.364683 0.571255 0.482872 0.320847 0.280811
56.8 -0.725167 0.561908 0.468255 0.309178 0.259099
56.9 -0.698719 0.745117 0.423182 0.269487 0.204283
57 0.356431 2.42711 0.603294 0.453902 0.189185
57.1 0.227948 0.562497 1.41831 1.3665 0.208138
57.2 -0.474477 -0.568823 1.87323 1.81829 0.205088
57.3 -0.972832 -0.416917 1.45517 1.7451 0.172073
57.4 -1.85486 1.03238 -0.235183 1.52685 0.105516
57.5 -1.03763 0.476978 -0.268146 0.902745 0.0493152
57.6 -0.49448 0.400609 -0.0802663 -0.457816 0.991746
57.7 0.119267 0.101247 0.848626 -1.21015 0.966557
57.8 0.852969 0.148323 0.135435 -0.927208 1.38742
57.9 1.1965 0.226698 -0.345881 -0.552041 1.60114
58 1.29803 0.134416 -0.210866 -0.355901 1.60952
58.1 1.33314 -0.0549198 0.0511821 0.881701 0.566818
58.2 1.09197 0.0224293 0.274013 0.982573 0.600159
58.3 0.809127 0.107342 0.352271 1.01224 0.616594
58.4 1.01709 0.312259 0.727115 0.632075 0.631449
58.5 0.570649 0.766789 0.478706 0.60573 0.638121
58.6 -0.219352 0.855827 0.468161 0.566975 0.603677
58.7 -0.701235 0.760436 0.522807 0.485678 0.529568
58.8 -0.981601 0.548431 0.594519 0.387341 0.435055
58.9 -0.847421 -0.253068 0.592348 0.300413 0.341645
59 -0.827915 0.0155595 0.108046 0.2986 0.259242
59.1 -0.987421 -0.0396174 0.0125525 0.220567 0.177784
59.2 -1.61753 -0.127939 -0.0961766 0.110867 0.0760583
59.3 -1.60458 -0.116027 -0.338779 -0.0253735 -0.0390135
59.4 -0.672052 -0.15403 -0.455885 -0.138144 -0.115501
59.5 0.64622 -1.93636 -0.527528 -0.187917 -0.113404
59.6 0.819122 -1.26113 -1.23238 -0.38467 -0.0634058
59.7 0.94775 -0.395876 -0.525106 -1.61234 -0.0106531
59.8 1.51302 -0.0359369 -0.336981 -1.73847 0.0525537
59.9 1.00829 0.52865 -0.320209 -0.915991 -0.472042
60 0.267567 0.577637 -0.735663 0.0621125 -0.801269
60.1 0.20341 0.00556359 -0.130992 0.147193 -0.760169
60.2 0.0701484 0.138059 0.224203 0.0687054 -0.722472
60.3 -0.491867 0.561595 0.666497 0.0630486 -0.704618
60.4 -0.281452 0.0704256 1.45655 0.2876 -0.693963
60.5 -0.480672 0.0623879 0.265583 1.31435 -0.675801
60.6 -0.807976 0.165772 -0.711227 1.08117 -0.421445
60.7 -0.1504 -0.810575 0.0407896 0.122493 -0.402036
60.8 0.510525 -0.394115 0.1617 -0.584992 -0.335647
60.9 0.983094 0.123754 0.0533476 -0.728591 -0.23749
61 0.1115 0.651613 -0.441854 -0.423626 -0.162115
61.1 -0.486473 0.48205 -0.279587 -0.387551 -0.0885837
61.2 -0.151975 -0.0131426 -0.16664 -1.09688 0.804977
61.3 0.266669 -0.667737 -0.538695 -0.0959881 0.760117
61.4 0.740877 -1.36535 0.130215 0.482867 0.586388
61.5 0.846252 0.560342 -0.116249 0.806895 0.416219
61.6 -0.102539 0.714113 0.33539 0.750497 0.165239
61.7 -0.477264 0.536412 0.710556 0.284833 0.283711
61.8 0.0784301 0.42988 0.972312 -0.0616103 0.334674
61.9 0.347647 0.626109 0.369764 0.336853 0.304556
62 0.760293 0.533287 0.282501 0.604195 0.266048
62.1 0.712009 0.384766 0.369698 0.638514 0.390148
62.2 -0.0841379 0.295473 0.435906 0.527739 0.507847
62.3 -1.01568 0.195812 0.435881 0.362176 0.519191
62.4 -1.57739 0.0488247 0.110417 0.195582 0.404544
62.5 -1.37189 0.0929567 -0.132788 0.0379364 0.28277
62.6 -0.502462 -0.12302 -0.103377 -0.0777106 0.181324
62.7 0.218432 -2.07203 -0.175364 -0.172576 0.155866
62.8 0.188449 -0.844562 -1.30526 -0.151369 -0.0467332
62.9 -0.117472 -0.262383 -0.646937 -0.620675 -0.675474
63 -0.123268 -0.0675697 -0.421174 -0.848537 -0.770329
63.1 -0.242447 -0.0325895 -0.377659 -0.882321 -0.740752
63.2 -0.551071 -0.0487548 -0.36324 -0.883841 -0.72845
63.3 -0.619133 -0.114616 -0.384929 -0.842518 -0.730737
63.4 -0.508757 -0.634169 -0.378234 -0.374762 -0.731545
63.5 -0.478291 -0.661635 -0.404457 -0.352177 -0.725195
63.6 0.1386 -0.609596 -0.455926 -0.316486 -0.694267
63.7 0.462357 -0.4979 -0.487406 -0.262525 -0.630722
63.8 0.162738 -0.376483 -0.509073 -0.311062 -0.479839
63.9 -0.127894 0.122873 -0.423882 -0.37574 -0.443283
64 -0.348268 -0.118336 -0.168636 -0.39247 -0.424922
64.1 0.055647 -0.146291 -0.175942 -0.34477 -0.40122
64.2 0.416906 -0.145638 -0.128945 -0.302437 -0.353449
64.3 0.404213 -0.123484 -0.089316 -0.237173 -0.296775
64.4 0.288139 -0.097083 -0.188592 -0.04921 -0.247001
64.5 -0.0167496 -0.0860325 -0.249124 0.0712304 -0.212208
64.6 -0.492963 -0.114319 -0.224526 0.0622878 -0.202397
64.7 -0.640444 -0.327684 0.0705777 -0.206969 -0.104281
64.8 -0.535244 -0.423117 0.0463179 -0.838816 0.552573
64.9 0.145212 -0.335648 -0.587221 -0.246249 0.520277
65 0.322665 -0.364482 -0.876876 0.726035 -9.4e-05
65.1 0.247478 -0.388844 0.259688 -0.041259 -0.194409
65.2 0.164683 0.412498 0.520726 -0.25229 -0.182163
65.3 0.672811 1.90798 0.483804 -0.0926133 -0.151261
65.4 0.701592 0.914637 1.11236 0.357736 -0.059836
65.5 0.475055 0.380016 0.692104 0.842616 0.434635
65.6 -0.0620565 0.131237 0.672869 0.751946 0.715022
65.7 -0.800185 0.0394973 0.604774 0.695591 0.685234
65.8 -0.490789 0.507805 -0.0418707 0.648199 0.610501
65.9 0.309066 -0.0719609 0.0141852 0.610414 0.57743
66 0.468778 -0.0812934 0.335173 0.318056 0.577415
66.1 0.468509 0.222789 0.142861 0.25089 0.579735
66.2 0.352569 0.340699 0.0992386 0.238128 0.573651
66.3 0.495063 0.363319 0.141327 0.224814 0.564086
66.4 0.75586 0.286186 0.316929 0.30559 0.483959
66.5 0.489396 0.260446 0.445605 0.302579 0.488433
66.6 0.482579 0.314841 0.473007 0.299531 0.481972
66.7 0.789848 0.496075 0.387781 0.316564 0.484124
66.8 0.446158 0.574149 0.397476 0.338415 0.483416
66.9 -0.492347 0.51685 0.439205 0.346583 0.415194
67 -0.927075 0.361191 0.459875 0.879815 -0.266767
67.1 -1.2344 -0.0437603 0.397623 0.819531 -0.415995
67.2 -1.31106 0.0279522 0.309656 -0.1924 0.19519
67.3 -0.817962 0.111983 0.113366 -0.474501 0.234796
67.4 -0.286671 0.182379 -0.381599 -0.21228 0.184863
67.5 0.183995 -1.73885 -0.640053 -0.164725 0.144559
67.6 0.10471 -0.860565 -1.43337 -0.192642 -0.031252
67.7 -0.126724 -0.552437 -0.459134 -0.710536 -0.666517
67.8 0.151772 -0.294226 -0.332969 -0.844074 -0.781177
67.9 0.518699 -0.148024 -0.329248 -0.837407 -0.717793
68 0.260708 -0.0821553 -0.287229 -0.778473 -0.656084
68.1 -0.18768 -0.0599006 -0.483474 -0.512355 -0.622216
68.2 -0.483373 -0.392813 -0.370245 -0.280838 -0.613842
68.3 0.183812 -0.499964 -0.238675 -0.258991 -0.591002
68.4 0.389909 -0.0666486 -0.217307 -0.213957 -0.537655
68.5 0.724105 -0.0076938 -0.166349 -0.157425 -0.466793
68.6 0.923494 0.0660392 -0.0868487 -0.171093 -0.298382
68.7 0.578988 0.131617 -0.00479369 -0.105783 -0.225578
68.8 0.18403 0.408691 0.135124 -0.0647154 -0.180401
68.9 -0.863175 1.63648 0.472968 -0.0629138 -0.184093
69 -0.828623 0.249302 1.40103 0.279038 -0.21829
69.1 -0.483092 -0.571458 0.36633 1.43298 -0.229889
69.2 -0.0915309 -0.567521 -0.109254 1.13923 0.147597
69.3 -0.130241 -0.575883 -0.402558 0.281212 0.767724
69.4 -0.0849917 0.0404138 -0.610489 -0.0564053 0.747884
69.5 0.105511 0.34678 -0.260937 -0.661825 0.727159
69.6 -0.166241 -0.160548 0.766392 -1.38768 0.689034
69.7 -0.643306 -0.318132 -0.528825 -0.237565 0.422682
69.8 -0.630852 -0.362977 -1.13558 0.148124 0.341437
69.9 -0.121246 -0.952394 -0.508219 -0.0254172 0.279845
70 0.45772 -0.722413 0.140355 -0.683239 0.25438
70.1 0.672442 0.410218 -0.13921 -0.800434 0.249953
70.2 0.62342 1.51011 -0.36418 0.636184 -0.700041
70.3 1.24401 0.475467 1.13097 0.596167 -0.615445
70.4 1.35529 0.281573 1.35223 0.839089 -0.501937
70.5 1.20614 0.395018 0.905243 1.3335 -0.38558
70.6 0.679431 0.953202 0.434181 1.19556 -0.146242
70.7 0.425984 1.06359 0.745349 0.767482 -0.0685778
70.8 0.17704 0.983026 1.11526 -0.541054 0.933707
70.9 -0.2905 0.837078 0.447344 0.16872 0.902944
71 -0.878223 0.51644 0.256725 0.461285 0.824139
71.1 -0.654078 -0.269162 0.304132 0.438225 0.733564
71.2 -0.0912558 -0.334127 0.238185 0.435599 0.671305
71.3 -0.12241 0.0051411 -0.17128 0.435907 0.627804
71.4 -0.111402 -0.00573978 -0.196904 0.406942 0.584214
71.5 -0.100319 -0.01997 0.111563 0.055014 0.541249
71.6 0.200127 0.0151054 0.078446 0.201974 0.33878
71.7 0.115765 0.0769902 0.0386438 0.174317 0.323919
71.8 -0.281867 0.10753 0.00427985 0.126347 0.292949
71.9 -0.515458 0.0786664 -0.0104324 0.0556951 0.241896
72 -0.472107 -0.0469573 -0.00433986 -0.0185091 0.186364
72.1 -0.0730226 -1.25044 0.0562731 -0.234609 0.146876
72.2 0.328573 -1.0942 -0.580248 -0.413017 0.132972
72.3 0.397851 -0.0600305 -0.864677 -1.02144 0.129791
72.4 0.574806 0.596539 -0.607222 -0.37248 -0.818043
72.5 0.389265 0.54547 -0.160378 -0.502991 -0.756272
72.6 -0.38545 0.165403 0.335688 -0.540404 -0.727574
72.7 -0.830744 -0.272262 0.0622016 -0.0476542 -0.737911
72.8 -0.843955 -0.672332 -0.0636766 0.0994533 -0.757406
72.9 -0.66063 -0.579814 -0.445199 0.162837 -0.762927
73 -0.462419 -0.45954 -0.494599 -0.151746 -0.583796
73.1 0.12603 -0.323218 -0.424377 -0.34678 -0.550571
73.2 0.513845 -0.188267 -0.268394 -0.524265 -0.485535
73.3 -0.0578171 -0.097198 -0.212703 -0.572697 -0.430823
73.4 -0.530388 -0.0935569 -0.252843 -0.543948 -0.415039
73.5 -0.695059 -0.305436 -0.299312 -0.361321 -0.422016
73.6 -0.496544 -0.382491 -0.390521 -0.268139 -0.427048
73.7 -0.501651 -0.451123 -0.434553 -0.211754 -0.423937
73.8 -0.249404 -0.495717 -0.4122 -0.219577 -0.410996
73.9 -0.123181 -0.464927 -0.329697 -0.321124 -0.384857
74 0.141976 -0.377947 -0.30412 -0.377033 -0.346884
74.1 0.183083 -0.0958122 -0.291878 -0.393366 -0.301587
74.2 0.47369 -0.0669351 -0.290481 -0.437728 -0.117868
74.3 0.992575 -0.0898017 -0.20945 -0.761495 0.426674
74.4 1.42501 -0.0898915 -0.170643 -0.0842976 0.120864
74.5 1.30191 0.0115232 -0.264172 0.626977 -0.0251956
74.6 0.67808 1.75174 0.613835 0.522924 0.049748
74.7 -0.00610108 0.625753 1.56479 0.374981 0.360653
74.8 -0.522826 0.267321 1.15775 0.607726 0.706364
74.9 -0.804559 0.24854 0.724046 0.712071 0.755931
75 -0.666913 0.735658 0.0215744 0.696126 0.664111
75.1 -0.215607 0.578306 0.0192186 0.669959 0.597933
75.2 0.131246 -0.167412 0.167314 0.633634 0.563116
75.3 0.342926 -0.25154 0.546593 0.328739 0.548856
75.4 0.827047 0.160041 0.243112 0.308448 0.556141
75.5 0.901357 0.273346 0.259077 0.33877 0.577865
75.6 0.763056 0.406363 0.278656 0.414483 0.541207
75.7 0.13972 0.532242 0.26549 0.402204 0.532785
75.8 -0.501397 0.54731 0.260409 0.343232 0.482203
75.9 -0.666357 0.330014 0.389994 0.260484 0.407173
76 -0.534481 -0.0432942 0.384414 0.18903 0.33457
76.1 -0.471065 0.00887182 0.239342 0.254127 0.155201
76.2 -0.249477 0.0797774 0.0979386 0.561036 -0.244253
76.3 -0.13261 0.181634 -0.032636 0.40084 -0.168886
76.4 -0.0990791 0.23012 0.147611 -0.219436 0.131348
76.5 0.13211 0.249476 0.307292 -0.512557 0.190642
76.6 0.161819 0.267894 0.175041 -0.30665 0.0790041
76.7 -0.100295 -0.170076 -0.219091 0.541135 -0.416221
76.8 -0.474246 -1.67306 -0.420161 0.278206 -0.280654
76.9 -0.568929 -0.692541 -0.641934 -1.05135 0.0569555
77 -0.106422 -0.233857 -0.858021 -0.937574 -0.25841
77.1 0.125771 -0.147343 -0.714816 -0.597108 -0.696736
77.2 0.195835 -0.125404 -0.522633 -0.669877 -0.671459
77.3 0.125087 -0.395362 -0.171516 -0.63429 -0.627102
77.4 -0.293305 -0.413568 -0.268926 -0.452362 -0.601318
77.5 -0.472438 -0.236215 -0.580174 -0.314742 -0.595289
77.6 -0.667016 -0.521078 -0.326176 -0.321647 -0.599285
77.7 -0.873844 -0.535211 -0.36672 -0.347944 -0.613255
77.8 -0.649188 -0.301428 -0.633063 -0.396509 -0.622987
77.9 -0.109126 -0.520235 -0.392588 -0.482191 -0.546031
78 0.3442 -0.518615 -0.30783 -0.468112 -0.499095
78.1 1.11318 0.108467 -0.337063 -0.39675 -0.414759
78.2 1.32353 0.00344227 -0.0964467 -0.231256 -0.303448
78.3 0.902049 0.0883295 0.00952762 -0.137835 -0.205664
78.4 0.329614 0.111384 0.0658988 -0.0329579 -0.1459
78.5 0.161549 0.0135662 0.112474 0.123786 -0.112738
78.6 0.114106 1.64853 0.26606 0.26698 -0.086019
78.7 0.122008 0.70366 1.18308 0.585619 0.0725592
78.8 0.153036 0.200584 0.862133 0.474499 0.911455
78.9 -0.135033 0.0483352 0.696342 0.707469 0.868195
79 0.117188 0.0708323 0.581526 0.717329 0.824023
79.1 0.311316 0.668056 -0.0614964 0.728815 0.796057
79.2 0.156756 0.598558 -0.00726068 0.710735 0.770327
79.3 0.519952 0.397591 0.460052 0.429144 0.751606
79.4 0.631827 0.232234 0.787801 0.30372 0.746267
79.5 0.549264 0.2205 0.794566 0.357667 0.737519
79.6 0.285676 0.754166 0.209861 0.569865 0.571806
79.7 0.130115 0.64833 0.253539 0.592858 0.545624
79.8 -0.126633 0.318617 0.520887 0.567104 0.507985
79.9 -0.14137 -0.0456759 0.64348 0.524029 0.464418
80 0.163507 0.113527 0.122269 0.418096 0.433574
80.1 0.485123 0.149941 0.198532 0.326074 0.425122
80.2 0.272381 0.199976 0.201607 0.314305 0.420081
80.3 -0.112148 0.226365 0.190395 0.278933 0.394853
80.4 -0.138239 0.212212 0.172819 0.228953 0.35679
80.5 -0.133847 0.203908 0.161196 0.179815 0.319374
80.6 -0.0951164 0.189573 0.155385 0.135586 0.284587
80.7 -0.0754464 0.219322 0.105395 0.0978577 0.252677
80.8 -0.480597 0.20866 0.0649267 0.0519624 0.20886
80.9 -0.654326 0.126342 0.0523145 0.141421 -0.00309069
81 -0.469145 -0.00674365 0.228302 0.545998 -0.663234
81.1 0.169846 -0.112286 0.377784 0.129949 -0.551722
81.2 0.679667 -1.4748 0.573728 -0.948057 0.0404765
81.3 0.477283 -0.178511 -1.50576 -0.324323 0.0817186
81.4 0.358311 0.106255 -1.17508 -0.301605 -0.416855
81.5 -0.0871308 0.108403 -0.667939 -0.566847 -0.52189
81.6 -0.47781 -0.430948 0.0874021 -0.685171 -0.587392
81.7 -0.832396 -0.467292 0.117952 -0.739147 -0.59789
81.8 -1.00874 -0.419963 -0.364718 -0.416924 -0.625552
81.9 -1.238 -0.420355 -0.502373 -0.43535 -0.663354
82 -1.25666 -0.451574 -0.617062 -0.474676 -0.704427
82.1 -1.00602 -0.507618 -0.687752 -0.5125 -0.732798
82.2 -0.505392 -0.566241 -0.665021 -0.600816 -0.697468
82.3 -0.0960187 -0.663652 -0.557041 -0.603911 -0.667958
82.4 -0.0228094 -0.600528 -0.573623 -0.589675 -0.62374
82.5 -0.100694 -0.587672 -0.539571 -0.571753 -0.582116
82.6 -0.237326 -0.568746 -0.526316 -0.556963 -0.550095
82.7 -0.489752 -0.553219 -0.53738 -0.550792 -0.532988
82.8 -0.524578 -0.544462 -0.573425 -0.560779 -0.5055
82.9 -0.464676 -0.53895 -0.607299 -0.623347 -0.419711
83 -0.210371 -0.53142 -0.625369 -0.611194 -0.382965
83.1 -0.0676926 -0.525957 -0.563931 -0.539533 -0.428893
83.2 -0.125079 -0.564331 -0.436792 -0.481616 -0.471042
83.3 0.162826 -0.132865 -0.364805 -0.364872 -0.484985
83.4 0.423327 -0.0814463 -0.17896 -0.293444 -0.435266
83.5 0.414358 -0.0557836 -0.124456 -0.247048 -0.372432
83.6 0.521398 -0.0267315 -0.0700053 -0.189786 -0.315367
83.7 0.311247 0.000576589 -0.0250414 -0.199762 -0.198781
83.8 0.284188 0.0197277 -0.0827619 -0.13242 -0.0857342
83.9 0.465984 0.0376229 -0.192161 0.0138962 0.0173455
84 0.972081 -0.0580869 -0.0864581 0.0331342 0.234441
84.1 0.672626 -0.205062 0.00770654 0.245376 0.345778
84.2 0.494696 -0.263778 0.167845 0.400053 0.29435
84.3 0.193165 0.306156 0.486218 0.193839 0.263207
84.4 0.133634 1.80035 0.710124 0.378496 0.259089
84.5 0.29079 0.939173 0.936067 0.737541 0.450281
84.6 0.321646 0.596096 1.01586 0.724542 0.658789
84.7 0.324823 0.421767 0.926964 0.813993 0.768503
84.8 0.239125 0.464315 0.834906 0.787005 0.790126
84.9 0.459447 1.19974 0.595498 0.81266 0.768152
85 0.775408 1.43929 0.718991 0.84585 0.765786
85.1 1.32766 1.15517 1.28592 0.902854 0.793153
85.2 1.48711 0.799866 1.95041 1.0018 0.843691
85.3 1.03979 1.24544 1.37984 1.55708 0.885432
85.4 0.362537 1.58853 0.245648 2.57085 0.899004
85.5 0.135432 1.01834 1.21768 2.05539 0.900649
85.6 -0.271849 0.117241 2.99216 0.123381 0.892952
85.7 -0.476878 0.0951073 -1.24961 1.27435 0.865783
85.8 -0.461773 0.112671 -0.06036 -0.285568 1.01551
85.9 -0.532103 0.0888015 -0.0576626 -0.903946 1.45025
86 -0.643361 0.118215 -0.268165 -0.891693 1.39562
86.1 -0.688307 0.0282545 -0.513564 0.443716 0.157075
86.2 -0.471603 -0.378 -0.0593784 0.247073 0.0980788
86.3 -0.168602 -0.457097 0.0977926 0.0781885 0.0609282
86.4 -0.406682 -0.319904 -0.0812381 0.0425108 0.0286512
86.5 -0.46341 -0.175561 -0.279388 -0.00573112 -0.0110905
86.6 -0.464405 -0.772191 -0.485394 -0.0639666 -0.0501023
86.7 -0.46003 -1.61523 -1.21646 -0.140722 -0.0865678
86.8 -0.543204 -0.853542 -1.79226 -0.256919 -0.123629
86.9 -0.536385 -0.669756 -0.605462 -1.56104 -0.16348
87 -0.469222 -0.524442 -0.0393731 -2.19325 -0.206066
87.1 -0.473223 -0.397766 0.177337 -2.44394 -0.255743
87.2 -0.51421 -0.344689 -1.01032 -0.27172 -1.25992
87.3 -0.529248 -0.330509 -1.118 -0.165236 -1.25097
87.4 -0.484581 -0.46205 -1.03771 -0.107597 -1.23485
87.5 -0.252915 -0.962486 -0.27399 -0.342902 -1.20409
87.6 0.181304 -0.893598 -0.183008 -0.252374 -1.30439
87.7 0.386857 -0.668793 -0.208113 -0.115518 -1.40425
87.8 0.185172 -0.0762958 -0.301042 -0.118627 -1.3772
87.9 -0.282152 0.507305 -0.264023 -0.816697 -0.802903
88 -0.514094 0.595692 -0.113547 -1.37162 -0.521955
88.1 -0.527563 -0.317491 -0.317497 -0.347212 -0.53246
88.2 0.0852013 -0.415918 -0.315792 -0.289289 -0.524758
88.3 0.12975 -0.462316 -0.297997 -0.226204 -0.48443
88.4 -0.108371 -0.475195 -0.29553 -0.202307 -0.427105
88.5 -0.463346 -0.479303 -0.415616 -0.0850936 -0.41451
88.6 -0.508154 -0.486881 -0.532804 -0.00355764 -0.413596
88.7 0.0969741 -0.437598 -0.349837 -0.204451 -0.392066
88.8 0.553732 -0.113447 -0.232506 -0.283605 -0.335703
88.9 0.764179 -0.0958385 -0.0436165 -0.311833 -0.260755
89 0.781313 -0.011169 -0.0270011 -0.211718 -0.183398
89.1 0.321934 0.0620244 -0.0684966 -0.0880928 -0.125722
89.2 0.224028 0.109171 -0.105037 -0.00304082 -0.0898526
89.3 0.277866 0.140388 -0.0979447 0.0455903 -0.0572334
89.4 0.341552 0.160332 -0.0306084 0.0526797 -0.0222643
89.5 0.47404 0.176414 0.100568 0.0155404 0.0172759
89.6 0.403998 0.191105 0.175399 0.0387963 0.0563644
89.7 0.353332 0.104725 0.298368 0.0995368 0.088891
89.8 0.175606 1.65709 0.546313 0.22441 0.112004
89.9 0.162662 0.718707 1.18571 0.938457 0.129166
90 0.131753 0.259847 1.12408 1.31782 0.148793
90.1 0.311624 0.194877 0.89693 0.747701 0.914333
90.2 0.524654 0.520583 0.541426 0.536875 1.11651
90.3 0.464821 0.876135 0.170135 0.555581 1.09658
90.4 0.399695 0.267845 0.760847 0.564746 1.07011
90.5 0.339606 0.316469 0.685462 0.574349 1.03778
90.6 0.170777 0.910312 0.0917609 0.578079 0.99686
90.7 0.0438566 0.531505 0.673429 0.564268 0.946015
90.8 -0.386735 0.420261 0.790442 0.535553 0.877592
90.9 -0.620681 0.0535133 0.320911 0.467776 0.817653
91 -0.489735 0.0474331 -0.308849 0.420701 0.727885
91.1 -0.27004 0.00933365 0.0963182 0.266014 0.33835
91.2 0.131295 -0.0104997 0.118992 0.205155 0.308682
91.3 0.0664367 0.0125655 0.102795 0.17809 0.291251
91.4 -0.338449 0.0827405 0.0120898 0.133784 0.258725
91.5 -0.473473 0.104829 -0.0639831 0.0699824 0.209704
91.6 -0.583153 0.0572953 -0.0852587 -0.00250105 0.154832
91.7 -0.434821 -0.0881011 -0.00686458 -0.0707358 0.103652
91.8 -0.526496 -0.376995 -0.0806142 -0.130174 0.0563922
91.9 -0.549544 -2.09356 -0.277071 -0.240121 0.00699097
92 -0.226044 -0.723995 -1.37919 -0.587024 -0.0316302
92.1 0.108188 -0.193645 -0.710576 -1.62683 -0.0516306
92.2 0.17754 -0.11188 -0.481053 -1.27267 -0.528995
92.3 -0.0302758 -0.0693979 -0.474132 -0.684762 -1.00528
92.4 -0.230761 -0.0815169 -0.889406 -0.186608 -0.978275
92.5 -0.21715 -0.632773 0.0543984 -0.535149 -0.954837
92.6 0.181302 -0.602253 -0.212853 -0.215698 -0.915094
92.7 0.444708 -0.116293 -0.396373 -0.0190329 -0.851334
92.8 0.725532 0.0537537 -0.293712 -0.0380651 -0.768161
92.9 0.892609 0.0388461 -0.0265491 -0.0752737 -0.670386
93 1.00301 0.128248 0.109396 -0.0582646 -0.565408
93.1 0.799448 0.224198 0.205298 -0.268445 -0.2165
93.2 0.542093 1.70779 0.144343 -0.0581188 -0.155329
93.3 0.0645259 2.10379 0.604372 0.00485371 -0.121699
93.4 -0.199662 0.130121 1.96328 0.443413 -0.112732
93.5 -0.508911 -0.374013 0.928498 1.73877 -0.116842
93.6 -0.49529 -0.563118 0.926905 1.65747 -0.11807
93.7 -0.376429 0.155885 -0.2302 1.52115 -0.100571
93.8 -0.35979 0.325958 -0.0947656 0.987704 -0.0674163
93.9 0.048284 0.309598 -0.17368 -0.187226 0.930592
94 0.0708955 -0.0618442 0.183031 -0.627466 0.923962
94.1 -0.0795168 -1.13643 0.632782 -1.3162 0.900477
94.2 -0.0849482 0.0751605 -1.50194 -0.721536 1.09817
94.3 -0.047504 0.0890485 -1.64626 -0.676525 1.11328
94.4 0.0794 -0.661553 -0.253564 -0.627573 0.402524
94.5 -0.0746133 -1.20046 0.748933 -0.771819 0.361645
94.6 -0.159484 -0.0224525 -0.900482 0.113351 0.309604
94.7 -0.052096 1.10002 -0.739544 0.17027 0.258932
94.8 0.0366514 -0.00661155 0.814159 -0.17336 0.216693
94.9 0.0631507 -0.294728 0.863962 0.116593 0.179393
95 0.0763295 0.151417 0.304414 1.28325 -0.799254
95.1 0.158393 0.404281 0.201546 1.16557 -0.752497
95.2 0.270821 0.565789 0.708657 0.463522 -0.690257
95.3 0.167991 0.567783 1.01084 -0.239969 -0.467029
95.4 0.0573544 1.10475 -0.0299947 -0.0505978 -0.410887
95.5 -0.107172 -0.404121 -0.484332 -0.213754 0.388086
95.6 -0.251361 -1.18236 -0.44334 -0.113533 0.558728
95.7 -0.253693 -0.844211 -0.69019 -0.295085 0.511361
95.8 -0.223938 -0.324839 -0.476227 -0.777895 0.389329
95.9 -0.179746 -0.0910127 -0.35337 -0.691896 0.0575058
96 -0.158827 0.00462558 -0.364087 0.018119 -0.644946
96.1 -0.13586 -0.151507 -0.108525 -0.0384535 -0.628362
96.2 -0.0784809 -0.187914 0.0580235 -0.128371 -0.604372
96.3 -0.014288 -0.0854711 0.0576974 -0.160869 -0.573031
96.4 0.0680682 0.0475752 -0.116055 -0.0229967 -0.534363
96.5 0.0676375 0.120378 -0.101775 -0.0799395 -0.421969
96.6 0.022614 0.179116 -0.00757421 -0.0768032 -0.382258
96.7 0.0550348 0.133307 0.143892 -0.0504266 -0.341815
96.8 0.0482282 -0.182366 0.448687 0.0476004 -0.299463
96.9 0.0433464 0.087519 -0.259545 -0.00592962 0.455817
97 0.0296325 0.125742 -0.316979 0.0562431 0.676163
97.1 0.0343336 -0.147294 0.172197 0.096145 0.641727
97.2 0.0106756 -0.0988996 0.223293 0.128203 0.602345
97.3 0.0103308 0.091127 0.0847684 0.254506 0.476192
97.4 0.0328122 0.269502 -0.0221156 0.246453 0.440295
97.5 0.0530096 0.0924105 0.330421 0.244828 0.249225
97.6 0.0420141 0.153102 0.318483 0.68747 -0.325416
97.7 0.0205952 0.251575 0.461338 0.187752 -0.211497
97.8 0.000826455 0.488417 0.279077 -0.485111 0.238458
97.9 -0.0298743 -0.0116113 -0.448382 -0.00392646 0.221994
98 -0.0267032 -0.784573 -0.359594 0.283931 -0.0502539
98.1 -0.0153654 -0.445684 -0.020399 -0.22372 -0.217795
98.2 -0.00959632 0.0657569 -0.139454 -0.381649 -0.280744
98.3 0.00132957 0.273648 -0.20898 -0.377731 -0.301359
98.4 0.00283165 0.176999 -0.157407 -0.226106 -0.329081
98.5 0.00319131 -0.0550029 -0.0614083 -0.132379 -0.329687
98.6 0.00170289 -0.253059 0.0539847 -0.090688 -0.270312
98.7 0.00161769 -0.352468 -0.049553 0.0689317 -0.113226
98.8 0.00380716 0.236221 -0.316928 -0.0715975 0.331334
98.9 0.00643374 0.221514 0.0823484 -0.0116524 0.333276
99 0.00489517 -0.111771 0.41718 0.241818 0.188698
99.1 0.00357531 -0.0601717 0.27597 0.531474 -0.00828895
99.2 0.0037876 0.357285 -0.0512286 0.176656 0.249997
99.3 0.00363052 0.296292 0.115726 -0.0816737 0.284376
99.4 0.00324261 -0.104838 0.291169 -0.0656826 0.226593
99.5 0.0026775 -0.303191 -0.118379 0.403382 -0.0946393
99.6 0.00196733 0.0188682 -0.244424 0.0781272 -0.0982812
99.7 0.00126464 0.16473 0.0528789 -0.559147 0.0173866
99.8 0.000642683 -0.0290349 0.0128455 -0.245167 -0.269099
99.9 0.00011273 -0.186543 -0.264546 0.117715 -0.313215
100 -0.000350832 -0.204502 -0.14684 0.0494822 -0.258002
100.1 -0.000769325 0.0728479 0.049201 -0.393975 0.0344815
100.2 0 0.179294 -0.0511613 -0.212638 0.0963554
