0.1 -2.49898e-05 -1.16396e-05 -5.25761e-06 -2.02319e-06
0.2 -8.73023e-05 -5.64242e-05 -3.1909e-05 -1.41128e-05
0.3 -0.000127199 -0.000108394 -7.59519e-05 -3.8382e-05
0.4 -0.000134965 -0.000114023 -8.82867e-05 -4.88331e-05
0.5 -7.39771e-05 -6.38774e-05 -4.38323e-05 -2.28358e-05
0.6 0.000128713 7.0829e-05 4.0851e-05 2.10808e-05
0.7 0.000276262 0.00023671 0.000155348 7.37898e-05
0.8 0.00027431 0.000253269 0.000205054 0.000112728
0.9 0.000351219 0.000211367 0.000133321 7.29434e-05
1 0.000503266 0.000331897 0.000159687 5.21672e-05
1.1 0.000350025 0.000378678 0.000307783 0.000163749
1.2 0.00038531 0.000257436 0.000230743 0.000156664
1.3 0.00104026 0.000549578 0.000198806 3.99225e-05
1.4 0.00134666 0.00113534 0.000730278 0.00032486
1.5 0.00173789 0.00140944 0.00116498 0.000692257
1.6 0.0022389 0.00161819 0.000994891 0.000483461
1.7 0.00130431 0.0012549 0.00079242 0.000308409
1.8 0.00015382 6.90704e-05 0.000306383 0.000297176
1.9 0.000346597 -0.000166075 -0.00038717 -0.000236998
2 0.00133312 0.000864001 0.000237885 -0.000122044
2.1 0.00177204 0.00170227 0.00158049 0.00100918
2.2 0.00184869 0.0017248 0.00140646 0.000865723
2.3 0.00271609 0.00146243 0.000480017 -6.53345e-05
2.4 0.0017013 0.00140972 0.000885327 0.000470138
2.5 -0.00031563 0.000526513 0.00106377 0.000825646
2.6 0.000149747 -0.000597789 -0.00068173 -0.000468913
2.7 -0.00115176 -0.000936981 -0.0013186 -0.000923117
2.8 -0.00503615 -0.00218274 -0.000579666 -2.88742e-05
2.9 -0.00464105 -0.00313367 -0.0019909 -0.000778904
3 -0.00187997 -0.00161213 -0.00234762 -0.00239686
3.1 -0.0029984 -0.000496854 0.000297274 -0.000749936
3.2 -0.00347794 -0.00147329 7.06205e-05 0.000989186
3.3 0.00027543 -0.000976001 -0.00181652 -0.00189384
3.4 0.00148206 0.00129382 0.000103621 -0.0017434
3.5 -0.00522283 -0.00047903 0.00146931 0.00373964
3.6 -0.0139433 -0.00744889 -0.00202839 0.00124912
3.7 -0.0136261 -0.0127846 -0.00807184 -0.00951278
3.8 -0.00688741 -0.0106995 -0.0119583 -0.0139487
3.9 -0.00725598 -0.0038417 -0.0079624 -0.00896142
4 -0.0122567 -0.00307495 -0.000299746 -0.000395155
4.1 -0.0123364 -0.00963225 -0.000439342 0.00375782
4.2 -0.0175553 -0.0124924 -0.00966855 -0.00470982
4.3 -0.0267109 -0.0133987 -0.017374 -0.021258
4.4 -0.0254857 -0.018308 -0.0167414 -0.0346385
4.5 -0.0349573 -0.0196452 -0.0153781 -0.0382328
4.6 -0.0773806 -0.017359 -0.0161194 -0.0356862
4.7 -0.0960212 -0.0186644 -0.0141341 -0.036264
4.8 -0.0763393 -0.0160892 -0.01422 -0.0370657
4.9 -0.0772097 -0.00769127 -0.0136956 -0.0337459
5 -0.0938195 -0.0100201 -0.00616922 -0.0293479
5.1 -0.105371 -0.0206485 -0.00662845 -0.0232846
5.2 -0.0939247 -0.0180524 -0.0177213 -0.0214799
5.3 -0.0675907 -0.00646786 -0.0144944 -0.0322906
5.4 -0.0685076 -0.00273524 -0.000335118 -0.0386382
5.5 -0.0941206 -0.00644026 -0.00112935 -0.0210515
5.6 -0.114546 -0.0159314 -0.0124421 0.00160072
5.7 -0.108241 -0.021611 -0.0155639 0.000203594
5.8 -0.0607496 -0.00961745 -0.00950152 -0.0218101
5.9 -0.00877346 0.00231884 -0.00172879 -0.0368235
6 -0.00297614 -0.000121267 0.00047946 -0.0275737
6.1 -0.0247907 -0.00456692 -0.00567366 -0.00361944
6.2 -0.03939 -0.00817828 -0.00703079 0.00841573
6.3 -0.0271522 -0.00956134 -0.000253784 -0.00168898
6.4 0.0181665 0.0016428 4.19987e-05 -0.0126231
6.5 0.0755375 0.0185338 -5.5577e-05 -0.00834095
6.6 0.140113 0.0228554 0.0123663 0.00645332
6.7 0.199451 0.0204176 0.0261081 0.022653
6.8 0.224983 0.0247189 0.0290747 0.0345014
6.9 0.238945 0.0285183 0.0276279 0.0390161
7 0.266702 0.0267128 0.0277554 0.03736
7.1 0.288004 0.0262984 0.0261767 0.0366198
7.2 0.271661 0.0243569 0.0249503 0.0373735
7.3 0.21581 0.0154474 0.0248717 0.0354651
7.4 0.150211 0.00807044 0.0190854 0.0323868
7.5 0.0958035 0.00805781 0.00793655 0.0279764
7.6 0.0620914 0.00913853 0.000869856 0.0181452
7.7 0.0447331 0.00584069 0.00230385 0.00293886
7.8 0.0119349 0.00174675 0.00293518 -0.00848159
7.9 -0.0523229 -0.0031245 -0.00463309 -0.00844044
8 -0.122247 -0.0166696 -0.0134216 -0.00483639
8.1 -0.165663 -0.0356529 -0.0156229 -0.0113603
8.2 -0.181653 -0.0463874 -0.0144492 -0.0304045
8.3 -0.182991 -0.0454254 -0.0160607 -0.0523931
8.4 -0.179338 -0.0427464 -0.0161075 -0.0671694
8.5 -0.179696 -0.0430704 -0.013341 -0.0680211
8.6 -0.177887 -0.0417819 -0.0137323 -0.0563377
8.7 -0.166965 -0.0385089 -0.0126732 -0.04366
8.8 -0.149093 -0.0347982 -0.00742112 -0.0342353
8.9 -0.123541 -0.0286642 -0.00432068 -0.0240095
9 -0.103564 -0.0199377 -0.00524216 -0.0121445
9.1 -0.0966516 -0.0125838 -0.00572228 -0.00146846
9.2 -0.0839559 -0.0102877 -0.00147706 0.00282461
9.3 -0.0597045 -0.0105078 0.00264435 0.000532622
9.4 -0.0237135 -0.00981504 -0.000646249 -0.00168908
9.5 0.0327676 -0.00670079 -0.00565803 -0.0018371
9.6 0.0965666 0.00114306 -0.00230758 -0.00201328
9.7 0.146581 0.010906 0.00847997 0.000188582
9.8 0.190798 0.0159644 0.0197276 0.00773297
9.9 0.236315 0.0163254 0.0246107 0.0214782
10 0.270558 0.0188007 0.0229652 0.0365688
10.1 0.283783 0.0241583 0.0246363 0.0417429
10.2 0.272005 0.0232479 0.0274236 0.0394481
10.3 0.245763 0.0121551 0.0211708 0.0395055
10.4 0.219939 0.00196038 0.00919101 0.0381235
10.5 0.198489 0.00147694 -6.57514e-05 0.0289264
10.6 0.182488 0.00570688 0.000394496 0.0103905
10.7 0.167702 0.00799218 0.00751387 -0.00934733
10.8 0.145733 0.00797746 0.00812721 -0.0146375
10.9 0.122317 0.00623757 0.000614311 -0.00328733
11 0.104704 0.00187118 -0.00175259 0.00963044
11.1 0.0843139 0.000120095 0.00549459 0.0118075
11.2 0.0597927 0.00656882 0.0114717 0.00670473
11.3 0.0383267 0.014161 0.0111761 0.00247566
11.4 0.0183921 0.0134843 0.0087877 0.00140628
11.5 -0.0023229 0.00274524 0.00608231 0.00192293
11.6 -0.0212756 -0.0136673 0.000620647 0.00104502
11.7 -0.039345 -0.0276543 -0.00846674 -0.0035819
11.8 -0.0585057 -0.0351265 -0.013787 -0.0143513
11.9 -0.0744792 -0.0343409 -0.0113464 -0.0310943
12 -0.0859298 -0.0270239 -0.00914155 -0.046514
12.1 -0.0939035 -0.0226929 -0.0111194 -0.0539283
12.2 -0.0927899 -0.0267308 -0.0128704 -0.0537262
12.3 -0.0809342 -0.0328957 -0.0122993 -0.0498592
12.4 -0.0610584 -0.0326654 -0.0119468 -0.0451221
12.5 -0.0344304 -0.0257194 -0.0123234 -0.0402496
12.6 -0.00516723 -0.0163412 -0.0106421 -0.0353856
12.7 0.0214988 -0.00310747 -0.00608028 -0.0293568
12.8 0.0484849 0.0129991 0.00130917 -0.0187725
12.9 0.0819893 0.0186659 0.0122678 -0.000348351
13 0.113137 0.0131368 0.0209719 0.0239358
13.1 0.127984 0.0144851 0.0200633 0.0430886
13.2 0.127268 0.0222423 0.018946 0.0428066
13.3 0.121409 0.0221391 0.0227957 0.0269307
13.4 0.119602 0.0156127 0.0200541 0.0125294
13.5 0.124892 0.0107529 0.00983525 0.00317253
13.6 0.134162 0.00868685 0.000396626 -0.00332113
13.7 0.140847 0.00639509 -0.00180764 -0.0053918
13.8 0.13839 0.00477569 0.0024946 -0.00191671
13.9 0.122914 0.00772184 0.00547732 0.00619152
14 0.0956277 0.0126804 0.00660926 0.0134855
14.1 0.063255 0.0138037 0.00942611 0.0160207
14.2 0.0336436 0.0114039 0.011618 0.0151871
14.3 0.00913052 0.00876475 0.00992485 0.0128349
14.4 -0.0104727 0.00245608 0.00563812 0.00809851
14.5 -0.0219967 -0.0102914 -0.000293085 0.000127289
14.6 -0.0276259 -0.02321 -0.00845677 -0.00938819
14.7 -0.0317087 -0.0320801 -0.0130247 -0.0207142
14.8 -0.0335877 -0.0340279 -0.010905 -0.0347449
14.9 -0.0330742 -0.0264966 -0.010156 -0.0462878
15 -0.0265535 -0.0176013 -0.011399 -0.0510009
15.1 -0.0119702 -0.0145322 -0.0085984 -0.0502758
15.2 0.0016514 -0.0119888 -0.00400158 -0.0451574
15.3 0.0035776 -0.0028885 -0.00158121 -0.0347783
15.4 -0.000755582 0.00602266 -4.7973e-05 -0.0179493
15.5 0.00300522 0.0046386 0.00258269 0.0030333
15.6 0.0133153 0.00111754 0.00380952 0.0210752
15.7 0.0202036 0.00537298 0.00356154 0.0289269
15.8 0.0201932 0.0126897 0.00585454 0.0256631
15.9 0.0164092 0.0153879 0.00994797 0.0181036
16 0.0108272 0.012857 0.0111222 0.011837
16.1 0.0026361 0.00849364 0.00737087 0.00696486
16.2 -0.0031127 0.00142962 0.00168337 0.00157378
16.3 -0.00456431 -0.0082058 -0.00308042 -0.00467421
16.4 -0.00899087 -0.0146046 -0.00671605 -0.00977839
16.5 -0.0195672 -0.0150924 -0.00891998 -0.0125788
16.6 -0.0300353 -0.0139979 -0.00857686 -0.0129783
16.7 -0.0354915 -0.0155964 -0.00669135 -0.010301
16.8 -0.0370233 -0.0183208 -0.0067206 -0.00485682
16.9 -0.0354834 -0.0188698 -0.00846388 -0.000451803
17 -0.032449 -0.0170591 -0.00836933 -0.000952758
17.1 -0.0295831 -0.0147596 -0.00626714 -0.00464079
17.2 -0.0237648 -0.0132411 -0.00512635 -0.00685814
17.3 -0.0122628 -0.0124473 -0.00580963 -0.0058203
17.4 -0.00057214 -0.0103023 -0.00608445 -0.00310488
17.5 0.00244923 -0.00360358 -0.00353158 -0.000918709
17.6 -0.000734023 0.0034591 0.00204763 0.00057413
17.7 -0.000484926 0.00282888 0.00710455 0.00281144
17.8 0.00303945 -0.000432498 0.00660884 0.00516098
17.9 0.00461647 0.00197935 0.00165425 0.00466969
18 0.00388981 0.00466723 0.000199575 0.000227569
18.1 0.00198952 0.00218192 0.00300195 -0.00331699
18.2 -0.000450872 -0.000675283 0.00161792 -0.000462303
18.3 0.000238194 -0.000682833 -0.00234474 0.0035332
18.4 0.00514882 0.000712879 -0.000334818 0.000890914
18.5 0.00871719 0.00338766 0.00432463 -0.00312739
18.6 0.00806462 0.00605334 0.00429239 2.4918e-05
18.7 0.0025324 0.0054964 0.00191299 0.00699587
18.8 -0.00767667 0.000199438 0.00189374 0.00902842
18.9 -0.0170496 -0.00657009 0.00137306 0.00365078
19 -0.0233384 -0.0104446 -0.00335566 -0.00533027
19.1 -0.025579 -0.0126564 -0.00903127 -0.0138187
19.2 -0.0222864 -0.0152858 -0.0106327 -0.021007
19.3 -0.0200748 -0.0156097 -0.00935275 -0.026024
19.4 -0.0210187 -0.0122747 -0.00980109 -0.0260398
19.5 -0.0194472 -0.0101294 -0.0105146 -0.021272
19.6 -0.013904 -0.0114868 -0.00864742 -0.0143082
19.7 -0.0078468 -0.0120616 -0.00640435 -0.00612191
19.8 -0.00475924 -0.00874949 -0.00455503 0.000502252
19.9 -0.00323984 -0.0028305 -0.00119058 0.00106284
20 0.000280236 0.00188921 0.00186237 -0.00137191
20.1 0.00715897 0.00248026 0.00170444 0.000352255
20.2 0.0160542 0.00166434 0.00083667 0.00427364
20.3 0.0226755 0.00439806 0.00244136 0.00468933
20.4 0.0235198 0.0101741 0.00582775 0.0022551
20.5 0.0179522 0.0138633 0.00905972 0.0011001
20.6 0.00731014 0.0127003 0.009775 0.00338881
20.7 -0.00052035 0.00696897 0.00710029 0.00686957
20.8 0.000574197 -0.000527622 0.00249724 0.00695434
20.9 0.00303711 -0.00220928 -0.0016321 0.000737648
21 0.00254516 0.00199867 -0.00135066 -0.00881527
21.1 0.00376566 0.0034842 0.00211105 -0.0122768
21.2 0.00401536 0.00175831 0.00191371 -0.00390023
21.3 0.000188185 0.000491518 -0.000603718 0.00853758
21.4 -0.00219553 -0.000657909 0.000881844 0.0125903
21.5 -0.00185491 -0.000560455 0.00335218 0.00687996
21.6 -0.00263794 0.000607797 0.00113909 -0.000932605
21.7 -0.00448429 -0.00176385 -0.00310172 -0.00550255
21.8 -0.00709906 -0.00809786 -0.00459586 -0.00680981
21.9 -0.00948774 -0.0127127 -0.00427517 -0.00608349
22 -0.00847062 -0.0122174 -0.00435737 -0.00421486
22.1 -0.00271608 -0.00801083 -0.00399304 -0.0022544
22.2 0.00448679 -0.0012264 -0.0016591 -0.00070621
22.3 0.00864504 0.00590853 0.00302431 0.000825355
22.4 0.0114251 0.00867967 0.0082931 0.00331461
22.5 0.0137779 0.00786337 0.0106983 0.00666944
22.6 0.0119448 0.00787987 0.00921828 0.00867312
22.7 0.00656349 0.00789259 0.00712307 0.00700709
22.8 0.00200867 0.00498027 0.00624513 0.00238924
22.9 -0.0009293 0.000102458 0.00334955 -0.00112329
23 -0.0056143 -0.00408821 -0.00270007 -0.00136984
23.1 -0.0135408 -0.00767416 -0.00636278 -0.00171198
23.2 -0.0209213 -0.0110163 -0.00568125 -0.00401645
23.3 -0.02357 -0.0122634 -0.00561683 -0.00560634
23.4 -0.0201756 -0.0117918 -0.0067033 -0.00558851
23.5 -0.0104335 -0.0113266 -0.00574256 -0.00508813
23.6 0.00137965 -0.00768457 -0.00377256 -0.00366377
23.7 0.00705572 0.0010534 -0.00105422 -0.0007791
23.8 0.00703903 0.00856954 0.00439164 0.00285251
23.9 0.00876316 0.00936363 0.0107497 0.00654215
24 0.0130775 0.00723751 0.0130218 0.00992692
24.1 0.0154559 0.00835732 0.00988584 0.0112208
24.2 0.0137033 0.0108106 0.00675147 0.00803263
24.3 0.00824544 0.0099469 0.00688121 0.00154564
24.4 0.000994303 0.00506425 0.00659596 -0.00250576
24.5 -0.00535507 -0.00195857 0.00159594 -0.000437603
24.6 -0.00943313 -0.00791412 -0.00492923 0.00130148
24.7 -0.0129732 -0.0113594 -0.00598226 -0.00434886
24.8 -0.0182118 -0.0113757 -0.00400584 -0.0127046
24.9 -0.0229232 -0.00911403 -0.00523225 -0.0164299
25 -0.0248428 -0.0100252 -0.00781357 -0.0151505
25.1 -0.0259176 -0.0158169 -0.00805427 -0.011813
25.2 -0.0291602 -0.0214291 -0.0076775 -0.00783506
25.3 -0.0377258 -0.0221612 -0.00884775 -0.00442431
25.4 -0.0496551 -0.0198309 -0.00882057 -0.00403292
25.5 -0.0569473 -0.0187769 -0.00640786 -0.00609081
25.6 -0.0563709 -0.0187885 -0.00559262 -0.00676737
25.7 -0.048764 -0.0180821 -0.00752191 -0.00499622
25.8 -0.0322727 -0.0174555 -0.00846998 -0.00333135
25.9 -0.00740102 -0.0163335 -0.00678381 -0.00321848
26 0.0183653 -0.00846099 -0.00424436 -0.00327191
26.1 0.0390249 0.00719767 -4.4223e-05 -0.00113619
26.2 0.0583036 0.0176165 0.00922406 0.00421597
26.3 0.0808083 0.016306 0.0201128 0.0124138
26.4 0.103074 0.0152318 0.0210509 0.0237589
26.5 0.120938 0.0175808 0.0135781 0.0342418
26.6 0.132243 0.0148834 0.0127085 0.0347294
26.7 0.132299 0.012874 0.0178452 0.0249376
26.8 0.120205 0.0174112 0.0184922 0.0138285
26.9 0.103197 0.0197962 0.0150522 0.00593626
27 0.0885885 0.0148138 0.0117631 0.00123859
27.1 0.07596 0.00776795 0.00779337 0.000430287
27.2 0.0603683 0.00391126 0.00303275 0.00200125
27.3 0.0381392 0.00359219 0.00145271 0.00135391
27.4 0.0101233 0.0043905 0.00320365 -0.000887034
27.5 -0.014719 0.00114115 0.00261304 0.000333359
27.6 -0.027597 -0.00913131 -0.00162093 0.00223736
27.7 -0.0306848 -0.0214349 -0.00602239 -0.00134924
27.8 -0.0307369 -0.0293913 -0.00972999 -0.00922097
27.9 -0.0312463 -0.03204 -0.0114926 -0.0185328
28 -0.0332797 -0.0313284 -0.0103164 -0.0279423
28.1 -0.0339348 -0.0296113 -0.00989639 -0.0338013
28.2 -0.0295961 -0.0291674 -0.0108603 -0.0343768
28.3 -0.0221601 -0.0296248 -0.0100913 -0.0318209
28.4 -0.0154195 -0.0275484 -0.00900339 -0.0273177
28.5 -0.0115571 -0.0208818 -0.0095326 -0.020856
28.6 -0.00928703 -0.0119689 -0.00948625 -0.0132166
28.7 -0.00393784 -0.00544158 -0.00604109 -0.00537987
28.8 0.00478473 -0.00122929 0.000588655 0.00103951
28.9 0.0132562 0.00372922 0.00753778 0.00457842
29 0.0201924 0.0082492 0.0122375 0.00600921
29.1 0.0243504 0.0105145 0.0134276 0.00672724
29.2 0.0255176 0.0102355 0.0124936 0.00653515
29.3 0.0249611 0.00878965 0.0113983 0.00493366
29.4 0.0220194 0.00929201 0.00943896 0.00276276
29.5 0.0172461 0.0109158 0.00695932 0.00108987
29.6 0.0125512 0.0102345 0.00571767 0.00061265
29.7 0.00787823 0.00671967 0.00576221 0.00126948
29.8 0.00243044 0.00234044 0.00576481 0.00172817
29.9 -0.0030725 -0.00080804 0.00329061 0.00102349
30 -0.00676208 -0.00266506 -0.00160561 -0.00108603
30.1 -0.00770511 -0.00478789 -0.00443253 -0.00474066
30.2 -0.00765275 -0.00664199 -0.00390179 -0.0083567
30.3 -0.00794848 -0.00636757 -0.00373047 -0.00876778
30.4 -0.0068584 -0.00513026 -0.00412583 -0.00562449
30.5 -0.00290335 -0.00447312 -0.00244093 -0.00154694
30.6 0.00244598 -0.00147456 0.000331443 0.00118369
30.7 0.00684086 0.00478291 0.00258226 0.00155783
30.8 0.0114609 0.00873514 0.00471687 0.00119578
30.9 0.0171507 0.00826269 0.00598479 0.00241916
31 0.0200642 0.0075901 0.00550556 0.00454027
31.1 0.0169043 0.0087915 0.0048517 0.0051099
31.2 0.00841655 0.00937987 0.00549327 0.00344787
31.3 -0.00161256 0.0054505 0.00597276 0.00127132
31.4 -0.00970186 -0.00244372 0.00212725 0.000343065
31.5 -0.0162529 -0.00949402 -0.00598955 -0.000743445
31.6 -0.021981 -0.0150949 -0.0105613 -0.00556615
31.7 -0.0253728 -0.019077 -0.00949412 -0.0132157
31.8 -0.0252424 -0.0185464 -0.00933782 -0.0186215
31.9 -0.0202486 -0.0157788 -0.0102028 -0.0201774
32 -0.009679 -0.0141871 -0.00810689 -0.0191965
32.1 0.00240116 -0.0096254 -0.00511688 -0.0150882
32.2 0.0101323 0.000610057 -0.0020591 -0.00686795
32.3 0.0140987 0.00982989 0.0040087 0.00368696
32.4 0.017973 0.0123662 0.0123284 0.0131097
32.5 0.0210465 0.0115604 0.0177969 0.0200288
32.6 0.0210562 0.0121238 0.0173277 0.0244615
32.7 0.0175517 0.0118805 0.0146489 0.0246028
32.8 0.0106978 0.00869573 0.0132241 0.0194717
32.9 0.00234239 0.00467188 0.011285 0.010892
33 -0.00352747 0.000335184 0.00622339 0.00113745
33.1 -0.00410937 -0.00434202 -0.00200053 -0.00723388
33.2 -0.00127051 -0.00723826 -0.00843649 -0.0130328
33.3 2.72593e-05 -0.00661642 -0.0078913 -0.0168205
33.4 -0.00157491 -0.0029228 -0.00257491 -0.0167157
33.5 -0.00243661 0.000494089 0.000730427 -0.00889885
33.6 -3.15414e-05 0.000284791 0.000487147 0.00405884
33.7 0.00208137 -0.000495845 0.000640485 0.0123102
33.8 -0.000195355 0.00162512 0.00189975 0.0114933
33.9 -0.00336569 0.00201307 0.0019295 0.00536092
34 -0.00387471 -0.00247874 -0.000659899 -0.00133864
34.1 -0.00440689 -0.00755577 -0.0050146 -0.00579102
34.2 -0.00691596 -0.0100192 -0.0078148 -0.00808511
34.3 -0.01146 -0.010009 -0.00750989 -0.00863108
34.4 -0.0167469 -0.00888063 -0.00591539 -0.006718
34.5 -0.0188823 -0.0088558 -0.00471587 -0.00274417
34.6 -0.0163612 -0.01001 -0.00372453 0.000291154
34.7 -0.0110064 -0.00992253 -0.0026295 -0.000358956
34.8 -0.0041987 -0.00705102 -0.00249879 -0.00286753
34.9 0.00261857 -0.00164109 -0.00270225 -0.00380948
35 0.0081859 0.00316601 3.40334e-06 -0.00156896
35.1 0.0127766 0.00387716 0.00573464 0.00360679
35.2 0.0156131 0.00349544 0.0100567 0.00908231
35.3 0.0157703 0.0059272 0.0100647 0.0123967
35.4 0.0151615 0.00795656 0.00856187 0.0122795
35.5 0.014897 0.00694816 0.00870268 0.00827558
35.6 0.0134155 0.00612624 0.00851425 0.00238792
35.7 0.0102072 0.00682877 0.00533805 -0.000912497
35.8 0.00561656 0.00583332 0.00129546 0.000276463
35.9 -0.000339584 0.000872298 0.000888182 0.00150234
36 -0.00680014 -0.00433889 0.0013162 2.79506e-05
36.1 -0.0128432 -0.00550686 -0.00234666 -0.00206653
36.2 -0.017543 -0.00577531 -0.00561293 -0.00463953
36.3 -0.0203838 -0.00841558 -0.00510419 -0.00753508
36.4 -0.0214009 -0.0112501 -0.0049374 -0.00810741
36.5 -0.0200199 -0.0119485 -0.00641062 -0.0062811
36.6 -0.0161211 -0.0112466 -0.00596768 -0.00478149
36.7 -0.0105567 -0.0101132 -0.00328564 -0.00391971
36.8 -0.00352207 -0.00717417 -0.00177729 -0.00197778
36.9 0.00393568 -0.00100377 -0.00135414 0.000331556
37 0.0103883 0.00585064 0.00159893 0.000996212
37.1 0.017515 0.00870984 0.00710016 0.00115444
37.2 0.025278 0.00842072 0.0107594 0.00324162
37.3 0.0313765 0.00861118 0.0104706 0.006734
37.4 0.0358539 0.00864719 0.00952158 0.00846971
37.5 0.0374914 0.00809501 0.0104494 0.00681604
37.6 0.0339724 0.00844856 0.0112825 0.00390272
37.7 0.0257767 0.00845627 0.0106742 0.00223111
37.8 0.0142862 0.00706928 0.008887 0.00221155
37.9 0.00188215 0.00440436 0.00599856 0.00266745
38 -0.00734494 -0.000775801 0.00208508 0.00160405
38.1 -0.0122331 -0.00777203 -0.00231512 -0.00198058
38.2 -0.0155613 -0.0137661 -0.00544513 -0.00706204
38.3 -0.0195683 -0.0166856 -0.00665396 -0.011968
38.4 -0.0236715 -0.0165171 -0.00662158 -0.0155598
38.5 -0.0250789 -0.0157606 -0.00608274 -0.016603
38.6 -0.0221938 -0.0162309 -0.0060496 -0.0141697
38.7 -0.0169696 -0.0166611 -0.0062621 -0.0092498
38.8 -0.0118695 -0.0150776 -0.00582532 -0.003833
38.9 -0.00748581 -0.010837 -0.00431148 -0.000321846
39 -0.00314952 -0.00483876 -0.00150802 -0.000375256
39.1 0.0018641 0.000853228 0.00103149 -0.00103736
39.2 0.00773485 0.0035255 0.00219873 0.00130984
39.3 0.0134079 0.003079 0.00288413 0.00494667
39.4 0.0165707 0.00309781 0.00312162 0.0067651
39.5 0.0165793 0.00447563 0.00312062 0.00610038
39.6 0.0151632 0.00437808 0.00361236 0.00409221
39.7 0.0128265 0.00304105 0.00342566 0.00217839
39.8 0.00845732 0.00294809 0.00175212 0.000825539
39.9 0.00264122 0.00265232 0.000736866 3.14432e-05
40 -0.00213311 -0.000179108 0.000877555 7.44586e-05
