0.1 -0.000117153 -5.45666e-05 -2.46478e-05 -9.48477e-06
0.2 -0.000345731 -0.000234921 -0.000136221 -6.10166e-05
0.3 -0.000587815 -0.000464116 -0.000319843 -0.000161334
0.4 -0.000123251 -0.000306925 -0.00029731 -0.000176457
0.5 0.00064091 0.000458536 0.000239328 9.20714e-05
0.6 0.00137754 0.0012017 0.000922926 0.000498042
0.7 0.00194799 0.00150852 0.00107969 0.000582543
0.8 -0.000422223 0.000373163 0.000398861 0.000212006
0.9 -0.000585259 -0.00132763 -0.000924313 -0.000438834
1 0.00493745 0.00132037 -0.000139229 -0.000340363
1.1 0.006811 0.00750053 0.00446031 0.00145721
1.2 0.00453742 0.00796121 0.00808137 0.00370441
1.3 -0.000555626 0.000486169 0.00510637 0.00295672
1.4 -0.0106436 -0.00721996 -0.00389678 -0.00200665
1.5 -0.0220261 -0.0138011 -0.0126066 -0.00696852
1.6 -0.0152218 -0.0151382 -0.0147588 -0.00828813
1.7 0.0324141 0.00262914 -0.00651806 -0.00569953
1.8 0.0758936 0.0348616 0.0106395 0.00212526
1.9 0.0448404 0.0539864 0.0282987 0.014365
2 -0.0424292 0.0391934 0.0324994 0.0248649
2.1 -0.123062 -0.00399677 0.0134728 0.0243228
2.2 -0.171093 -0.0548231 -0.014715 0.00134015
2.3 -0.199711 -0.0996545 -0.0330841 -0.0411324
2.4 -0.228871 -0.136335 -0.0418698 -0.0849494
2.5 -0.229636 -0.165883 -0.0453997 -0.121134
2.6 -0.196094 -0.179142 -0.0450112 -0.149685
2.7 -0.182134 -0.170311 -0.0421224 -0.1665
2.8 -0.188968 -0.154723 -0.0389951 -0.165349
2.9 -0.21837 -0.14572 -0.0380542 -0.149609
3 -0.330257 -0.15199 -0.0380064 -0.12986
3.1 -0.54552 -0.17513 -0.040486 -0.112437
3.2 -0.808527 -0.199828 -0.0448174 -0.104616
3.3 -1.01769 -0.214882 -0.0436894 -0.113963
3.4 -1.1564 -0.21576 -0.0419811 -0.136587
3.5 -1.26309 -0.21133 -0.043932 -0.161866
3.6 -1.29337 -0.215814 -0.0439043 -0.181185
3.7 -1.28895 -0.215696 -0.0447018 -0.190266
3.8 -1.34246 -0.210025 -0.043585 -0.189755
3.9 -1.41211 -0.215032 -0.0400947 -0.182862
4 -1.44396 -0.217852 -0.0440413 -0.178203
4.1 -1.43514 -0.212217 -0.043857 -0.185215
4.2 -1.3745 -0.20828 -0.0308287 -0.194177
4.3 -1.27771 -0.204927 -0.0191395 -0.189332
4.4 -1.19154 -0.198358 -0.0141744 -0.174719
4.5 -1.12434 -0.18779 -0.0133227 -0.157604
4.6 -1.07848 -0.17408 -0.0149958 -0.139073
4.7 -1.05879 -0.159526 -0.0152218 -0.121368
4.8 -1.00447 -0.145326 -0.0124153 -0.105491
4.9 -0.853749 -0.13074 -0.00842833 -0.0906764
5 -0.619744 -0.114262 -0.00574573 -0.0757965
5.1 -0.350428 -0.0946622 -0.0056052 -0.0603107
5.2 -0.0768185 -0.068603 -0.006693 -0.0448998
5.3 0.162057 -0.0217252 -0.00616021 -0.0308628
5.4 0.32799 0.0460757 0.00316403 -0.0164804
5.5 0.429075 0.106611 0.0272188 0.0013499
5.6 0.475848 0.148831 0.057741 0.0206429
5.7 0.495591 0.18132 0.0836989 0.0368319
5.8 0.505575 0.20709 0.10299 0.0477687
5.9 0.509339 0.226568 0.116319 0.0532683
6 0.53683 0.240157 0.124078 0.05369
6.1 0.552198 0.248243 0.125088 0.0524574
6.2 0.528976 0.245249 0.121518 0.0521511
6.3 0.51871 0.226919 0.119304 0.049888
6.4 0.530453 0.203291 0.118186 0.0451155
6.5 0.529691 0.183163 0.115392 0.0395611
6.6 0.511474 0.165984 0.110809 0.0333297
6.7 0.505253 0.151004 0.104507 0.0264725
6.8 0.523074 0.13932 0.0967166 0.0189914
6.9 0.53949 0.134253 0.0878279 0.0108506
7 0.522255 0.135712 0.0783908 0.00294564
7.1 0.427989 0.137363 0.0680501 -0.000858842
7.2 0.229876 0.134904 0.056694 0.0016942
7.3 -0.023091 0.121756 0.0467905 0.00628145
7.4 -0.26182 0.0861642 0.0407432 0.00800807
7.5 -0.460071 0.0240039 0.038354 0.00597085
7.6 -0.5977 -0.0507229 0.0322405 0.00182779
7.7 -0.679439 -0.11419 0.0100255 -0.00104267
7.8 -0.724828 -0.158767 -0.0235662 -0.0042894
7.9 -0.740094 -0.189206 -0.0453849 -0.0186803
8 -0.753556 -0.201498 -0.044347 -0.0511809
8.1 -0.786304 -0.196141 -0.0302039 -0.0941285
8.2 -0.831125 -0.187354 -0.0153971 -0.133869
8.3 -0.880048 -0.182844 -0.00688243 -0.161849
8.4 -0.938185 -0.181633 -0.00879978 -0.172887
8.5 -1.00974 -0.184684 -0.0180927 -0.169237
8.6 -1.08258 -0.193429 -0.0260508 -0.161841
8.7 -1.12763 -0.206883 -0.0292779 -0.157223
8.8 -1.1311 -0.214296 -0.0332101 -0.156176
8.9 -1.116 -0.208636 -0.037522 -0.160127
9 -1.08409 -0.200057 -0.0340388 -0.168129
9.1 -1.01473 -0.193483 -0.0256671 -0.174583
9.2 -0.904143 -0.185805 -0.0188467 -0.175642
9.3 -0.749535 -0.176316 -0.0139509 -0.171779
9.4 -0.55837 -0.16388 -0.0112023 -0.164553
9.5 -0.349866 -0.147413 -0.0110541 -0.154665
9.6 -0.143179 -0.126811 -0.0125581 -0.14276
9.7 0.0359495 -0.0970157 -0.0132061 -0.130249
9.8 0.168716 -0.0473311 -0.0115876 -0.117905
9.9 0.253697 0.017607 -0.00384403 -0.105046
10 0.296378 0.0814411 0.0120399 -0.0874987
10.1 0.310934 0.141184 0.0279082 -0.0588529
10.2 0.32344 0.195138 0.0397529 -0.0165317
10.3 0.343285 0.229204 0.0585814 0.030807
10.4 0.350919 0.23216 0.0978742 0.0655931
10.5 0.341589 0.21728 0.145426 0.081919
10.6 0.336629 0.213816 0.168666 0.0880584
10.7 0.346027 0.227169 0.164098 0.0867179
10.8 0.356197 0.238212 0.155481 0.0768991
10.9 0.343444 0.236839 0.153054 0.0633403
11 0.302685 0.228199 0.152927 0.0497508
11.1 0.2516 0.217768 0.152114 0.0364546
11.2 0.195313 0.206612 0.149931 0.0237439
11.3 0.121101 0.1948 0.14624 0.0118396
11.4 0.0249432 0.182292 0.140459 0.00197338
11.5 -0.0784742 0.163043 0.130445 -0.00135336
11.6 -0.166361 0.125624 0.115361 0.00379679
11.7 -0.230691 0.0658051 0.0983255 0.0112159
11.8 -0.282183 -0.00543886 0.0780156 0.0148608
11.9 -0.325457 -0.0669529 0.0457286 0.0135008
12 -0.355857 -0.107507 0.000120074 0.00566774
12.1 -0.379204 -0.134825 -0.0404877 -0.0138309
12.2 -0.410514 -0.158841 -0.0527243 -0.0506212
12.3 -0.460865 -0.171402 -0.0433363 -0.0995499
12.4 -0.525858 -0.164649 -0.0369796 -0.146239
12.5 -0.58066 -0.15215 -0.0390114 -0.179746
12.6 -0.603999 -0.146157 -0.0456877 -0.192661
12.7 -0.598482 -0.149114 -0.0488068 -0.189964
12.8 -0.573142 -0.158387 -0.0398712 -0.186373
12.9 -0.531555 -0.165732 -0.026031 -0.184617
13 -0.476774 -0.165943 -0.0153137 -0.181264
13.1 -0.411751 -0.158901 -0.00896039 -0.175568
13.2 -0.339091 -0.145903 -0.00787641 -0.166549
13.3 -0.258284 -0.128363 -0.0109189 -0.154575
13.4 -0.168831 -0.108138 -0.0142772 -0.141663
13.5 -0.0730276 -0.0868905 -0.0145607 -0.129608
13.6 0.0237422 -0.0588522 -0.0114841 -0.118604
13.7 0.108396 -0.0129372 -0.00665335 -0.107503
13.8 0.170499 0.045646 0.00073631 -0.0935906
13.9 0.213896 0.0996259 0.0112146 -0.0721287
14 0.247707 0.143269 0.0203775 -0.0390666
14.1 0.278927 0.176231 0.0275577 0.00271483
14.2 0.30614 0.192571 0.0405825 0.0427276
14.3 0.318321 0.19096 0.065378 0.0701184
14.4 0.309222 0.18128 0.0990255 0.0779719
14.5 0.279013 0.173597 0.131344 0.0708142
14.6 0.227688 0.173277 0.147673 0.0646646
14.7 0.162863 0.18016 0.144183 0.0665164
14.8 0.0970444 0.186714 0.133762 0.0698978
14.9 0.0341604 0.187426 0.125626 0.0700579
15 -0.0134705 0.177366 0.119844 0.067105
15.1 -0.0237032 0.147788 0.115137 0.0620104
15.2 0.000777749 0.0988775 0.110463 0.0553405
15.3 0.0384731 0.0432666 0.105117 0.0472236
15.4 0.0679553 -0.00103772 0.0953086 0.0377725
15.5 0.0679063 -0.0146954 0.0732088 0.0269535
15.6 0.0348567 0.003738 0.0386425 0.0144398
15.7 -0.00866901 0.0264504 0.00423845 0.00061712
15.8 -0.0304636 0.0210753 -0.0137341 -0.0136973
15.9 -0.021976 -0.0150759 -0.0117284 -0.0269967
16 -0.00413423 -0.0554999 -0.00538941 -0.0355239
16.1 0.00252459 -0.0777081 -0.00729382 -0.0367583
16.2 -0.0100485 -0.0780759 -0.0158083 -0.032834
16.3 -0.0371874 -0.0667882 -0.0239671 -0.0281935
16.4 -0.0770354 -0.0555071 -0.0259935 -0.0255227
16.5 -0.130201 -0.0474668 -0.0216502 -0.0245648
16.6 -0.189012 -0.0415344 -0.014444 -0.0236185
16.7 -0.249295 -0.036532 -0.00781761 -0.0210367
16.8 -0.30634 -0.0314802 -0.00464346 -0.0155322
16.9 -0.348337 -0.0262065 -0.00580474 -0.0071637
17 -0.366733 -0.021813 -0.00813002 9.50628e-05
17.1 -0.360733 -0.0189332 -0.00741328 0.000468986
17.2 -0.333528 -0.0169441 -0.00402027 -0.00532191
17.3 -0.292813 -0.0152742 -0.00230421 -0.0100992
17.4 -0.242854 -0.014183 -0.0043301 -0.00962883
17.5 -0.184261 -0.0142972 -0.00788994 -0.00533711
17.6 -0.126845 -0.0151882 -0.00965817 -0.00113189
17.7 -0.0816954 -0.0150874 -0.00820798 -0.000464186
17.8 -0.0484358 -0.0126223 -0.00504955 -0.00309362
17.9 -0.0205834 -0.00792528 -0.00279622 -0.00542645
18 0.00479069 -0.000302657 -0.00170077 -0.00466728
18.1 0.0282727 0.0110207 0.000804461 -0.000420405
18.2 0.0476056 0.0232544 0.00681538 0.00543553
18.3 0.0588318 0.0340438 0.0154111 0.0101593
18.4 0.0598841 0.044072 0.0240149 0.0128311
18.5 0.0478518 0.0528243 0.0311729 0.0138646
18.6 0.0240457 0.0580415 0.0365344 0.0137894
18.7 -0.00287577 0.0556657 0.0391429 0.0134088
18.8 -0.019435 0.0384187 0.0383353 0.0129674
18.9 -0.0145958 0.00432851 0.0337774 0.0117338
19 0.00370324 -0.0280646 0.0199122 0.00900965
19.1 0.0135767 -0.0337774 -0.00487866 0.00187738
19.2 0.00486929 -0.0129476 -0.0279459 -0.0122754
19.3 -0.0105347 0.00799588 -0.0334132 -0.0310371
19.4 -0.0111971 0.00345051 -0.0151553 -0.0502854
19.5 0.00569735 -0.0152811 0.00951631 -0.062263
19.6 0.022123 -0.0130834 0.0130587 -0.0580341
19.7 0.029164 0.0131609 -0.00246074 -0.0394648
19.8 0.0321898 0.03606 -0.0099182 -0.0165757
19.9 0.032185 0.0422326 0.00228856 0.00358027
20 0.0269213 0.0388215 0.0240216 0.0186346
20.1 0.0154371 0.0333894 0.0448122 0.0286306
20.2 -0.00271431 0.0242264 0.061108 0.0343771
20.3 -0.0232284 0.00560086 0.0707271 0.0364338
20.4 -0.047146 -0.0162441 0.0677692 0.0356806
20.5 -0.0769302 -0.0253691 0.0455642 0.0329701
20.6 -0.106708 -0.0174305 0.00598799 0.0270814
20.7 -0.128417 -0.00605637 -0.0319208 0.0105628
20.8 -0.137929 -0.0093991 -0.0422399 -0.023769
20.9 -0.136778 -0.0286324 -0.0244456 -0.0685234
21 -0.127828 -0.0484639 -0.00261875 -0.108744
21.1 -0.115819 -0.0564529 0.00287213 -0.134547
21.2 -0.104568 -0.0515512 -0.0111645 -0.144066
21.3 -0.0953421 -0.0423068 -0.0309054 -0.143996
21.4 -0.0870456 -0.0368918 -0.0412335 -0.143131
21.5 -0.0746785 -0.0363684 -0.03902 -0.145248
21.6 -0.0545723 -0.0367672 -0.0312676 -0.147845
21.7 -0.0262217 -0.0348697 -0.0235103 -0.148215
21.8 0.00312383 -0.025891 -0.0162365 -0.146338
21.9 0.0183777 -0.0028938 -0.00901068 -0.141992
22 0.0171363 0.027678 2.55473e-05 -0.132817
22.1 0.0117965 0.0505568 0.00996586 -0.113985
22.2 0.00872913 0.0609284 0.0148952 -0.0814081
22.3 0.00524863 0.0605543 0.0119423 -0.0352085
22.4 0.000613838 0.0488454 0.00654473 0.0161075
22.5 0.00136126 0.024933 0.00711739 0.057718
22.6 0.00700696 -0.00122905 0.0142426 0.0785686
22.7 0.00610506 -0.00878991 0.0181205 0.0774016
22.8 -0.000457414 0.00490144 0.0125791 0.0627422
22.9 0.00149686 0.0187871 0.0043413 0.0432335
23 0.0161649 0.0198021 0.00260078 0.0204791
23.1 0.0334593 0.0125046 0.00629124 -0.00162197
23.2 0.0438389 0.00593677 0.00625281 -0.0131369
23.3 0.0442847 0.0039485 -0.000177759 -0.0101859
23.4 0.0347413 0.00357186 -0.00367051 -0.000354903
23.5 0.0202797 0.00311137 0.00212467 0.00681762
23.6 0.00712592 0.00499152 0.0115435 0.0085818
23.7 -0.00165514 0.00736927 0.0171825 0.00743672
23.8 -0.00250432 0.00456303 0.0161899 0.00613152
23.9 0.00277781 -0.000624895 0.00801752 0.00499498
24 0.0047987 -0.000551219 -0.00229168 0.00101014
24.1 -4.61371e-05 0.00114458 -0.0050149 -0.00712169
24.2 -0.00781885 -0.00223715 -0.000597903 -0.0137053
24.3 -0.0160562 -0.00735998 -0.000107754 -0.0123794
24.4 -0.0203466 -0.0106096 -0.00681955 -0.00423599
24.5 -0.0149662 -0.0133705 -0.0122754 0.00177483
24.6 -0.0020324 -0.0141534 -0.0106794 -0.0009241
24.7 0.00816093 -0.00672994 -0.00543574 -0.0077766
24.8 0.0100128 0.00840878 -5.5648e-06 -0.010396
24.9 0.0112802 0.0208786 0.00515552 -0.00384247
25 0.0179487 0.0249274 0.0100512 0.00954883
25.1 0.0225887 0.0235412 0.0152456 0.0222456
25.2 0.0186688 0.0205503 0.019674 0.0308973
25.3 0.0104893 0.0170317 0.0215798 0.0358202
25.4 0.00211379 0.0121324 0.0205641 0.0367435
25.5 -0.00352296 0.00359619 0.0160848 0.0339629
25.6 -0.00324982 -0.00597616 0.00576627 0.0279761
25.7 -0.00257933 -0.00944501 -0.00733713 0.014989
25.8 -0.00497756 -0.00820635 -0.0135529 -0.00723622
25.9 -0.00648418 -0.00771186 -0.0112727 -0.0315088
26 -0.00375234 -0.00769565 -0.00683387 -0.0502509
26.1 0.00176942 -0.0042827 -0.00431346 -0.0610307
26.2 0.00732678 0.00270443 -0.00247751 -0.0630936
26.3 0.0146953 0.00785574 0.00108563 -0.0557163
26.4 0.0204597 0.00991154 0.00344065 -0.0375721
26.5 0.0212323 0.0109369 0.00185319 -0.00875189
26.6 0.020946 0.0104747 0.00115035 0.0232385
26.7 0.0203527 0.00905637 0.00658409 0.0472305
26.8 0.0180392 0.0095176 0.0157347 0.0597859
26.9 0.0137959 0.0130913 0.0244608 0.0620743
27 0.00567119 0.0172433 0.0311195 0.0568052
27.1 -0.00625973 0.015734 0.0337267 0.0494457
27.2 -0.0139679 0.00307461 0.0305738 0.0425553
27.3 -0.0119224 -0.013431 0.017919 0.0353586
27.4 -0.00619855 -0.0202559 -0.00356014 0.0236672
27.5 -0.00434673 -0.0173049 -0.0209052 0.000982421
27.6 -0.00820146 -0.0128987 -0.0244516 -0.0312897
27.7 -0.0154561 -0.0113183 -0.0175252 -0.064017
27.8 -0.0222821 -0.0123588 -0.00820251 -0.0901912
27.9 -0.0252741 -0.0139663 -0.00318572 -0.106588
28 -0.0244297 -0.0146595 -0.00517997 -0.112254
28.1 -0.0219756 -0.0148807 -0.0114248 -0.109958
28.2 -0.0169933 -0.0158864 -0.0160881 -0.10495
28.3 -0.0105831 -0.0171164 -0.0159251 -0.100253
28.4 -0.00712324 -0.0161166 -0.0122454 -0.0955586
28.5 -0.00682933 -0.0114325 -0.00792984 -0.0893972
28.6 -0.00610442 -0.0043712 -0.00449552 -0.0805574
28.7 -0.000657411 0.00109658 -0.00138435 -0.0679774
28.8 0.00933545 0.00270101 0.0013346 -0.0496589
28.9 0.0176001 0.00323741 0.00148771 -0.0236387
29 0.0213698 0.00504976 0.00109399 0.00548673
29.1 0.0230689 0.00815998 0.00535736 0.0279157
29.2 0.0231827 0.0130177 0.0139119 0.0400763
29.3 0.0220818 0.0188702 0.0234173 0.0441617
29.4 0.0229426 0.0234134 0.0320567 0.0432762
29.5 0.0259556 0.0253578 0.0383837 0.0410393
29.6 0.025759 0.0251975 0.0413867 0.0392259
29.7 0.0205366 0.0237104 0.0411324 0.0376639
29.8 0.0150918 0.0204869 0.0386909 0.0356741
29.9 0.014324 0.0153417 0.0346703 0.0327475
30 0.0183908 0.0105067 0.0285087 0.028683
30.1 0.022651 0.00916322 0.0198115 0.0232458
30.2 0.0234939 0.0116958 0.0104127 0.01568
30.3 0.0205633 0.0145216 0.00454596 0.00509184
30.4 0.0139785 0.0135312 0.00368343 -0.00505735
30.5 0.00329976 0.00740737 0.0038528 -0.00714998
30.6 -0.00976167 -0.00211855 0.00126264 -0.000309623
30.7 -0.0255206 -0.0123937 -0.00189645 0.00556502
30.8 -0.0467415 -0.0206776 -0.00174596 0.00142737
30.9 -0.0711255 -0.0235326 -0.00158689 -0.00940396
31 -0.093544 -0.0208631 -0.00546563 -0.01847
31.1 -0.1121 -0.0173292 -0.00965581 -0.0242282
31.2 -0.13452 -0.0168947 -0.00964936 -0.0284783
31.3 -0.167793 -0.0190601 -0.00708585 -0.0304614
31.4 -0.207513 -0.0205694 -0.006909 -0.0284247
31.5 -0.247839 -0.0201728 -0.0103934 -0.0227076
31.6 -0.286339 -0.019612 -0.0144217 -0.0154416
31.7 -0.321658 -0.0207165 -0.015732 -0.00869614
31.8 -0.349888 -0.0234148 -0.0135867 -0.003971
31.9 -0.366303 -0.0261205 -0.00976952 -0.00203096
32 -0.375032 -0.0273124 -0.0068103 -0.00225568
32.1 -0.382719 -0.0263971 -0.00663272 -0.00295191
32.2 -0.387016 -0.0239883 -0.00910755 -0.00340334
32.3 -0.386891 -0.0213533 -0.0120789 -0.0042548
32.4 -0.386705 -0.0194962 -0.0133304 -0.00601276
32.5 -0.385867 -0.0185183 -0.0125129 -0.00792165
32.6 -0.380807 -0.0177308 -0.0110919 -0.00840794
32.7 -0.368118 -0.0167664 -0.0101397 -0.0068068
32.8 -0.342337 -0.0157743 -0.00946242 -0.00397406
32.9 -0.305378 -0.0148638 -0.0084284 -0.00142001
33 -0.267814 -0.0139248 -0.00654774 -0.000694189
33.1 -0.232866 -0.012676 -0.0043028 -0.00192109
33.2 -0.195196 -0.0109972 -0.00316928 -0.00310624
33.3 -0.15161 -0.0093284 -0.00361858 -0.00286158
33.4 -0.102907 -0.00847373 -0.00446614 -0.0016838
33.5 -0.0516206 -0.00855136 -0.00444673 -0.00088732
33.6 -0.00207424 -0.0070123 -0.00325295 -0.00123247
33.7 0.0389098 0.000830607 -0.000808078 -0.00134093
33.8 0.0676726 0.0153261 0.00337678 0.000697721
33.9 0.0884357 0.0312758 0.00951758 0.00445815
34 0.103064 0.0454836 0.0168366 0.00825843
34.1 0.105586 0.0582243 0.023954 0.0111898
34.2 0.0933038 0.0684699 0.030281 0.012949
34.3 0.0726091 0.0736264 0.0358415 0.0135382
34.4 0.0525188 0.0733423 0.039984 0.0134342
34.5 0.0375523 0.0701704 0.0411614 0.0133738
34.6 0.0273441 0.0662339 0.0389701 0.0133102
34.7 0.0203341 0.0613325 0.0350266 0.0123342
34.8 0.0169678 0.0544039 0.030613 0.00987821
34.9 0.0171761 0.045066 0.0258991 0.00627776
35 0.0179477 0.0337572 0.0205377 0.00282321
35.1 0.0152719 0.0208019 0.0142578 0.001068
35.2 0.00827655 0.00702113 0.00747076 0.00110489
35.3 -0.000176858 -0.0030148 0.000341802 0.00065427
35.4 -0.0101193 -0.0061177 -0.00591341 -0.00246376
35.5 -0.0210552 -0.006751 -0.00816841 -0.00764155
35.6 -0.0277714 -0.0087127 -0.00713002 -0.0119285
35.7 -0.0287374 -0.0104754 -0.0074648 -0.0123588
35.8 -0.0273175 -0.0107206 -0.0105272 -0.00875433
35.9 -0.0235209 -0.0105345 -0.0132384 -0.00396349
36 -0.0154267 -0.0106161 -0.0126422 -0.0012707
36.1 -0.00508867 -0.0094541 -0.00874145 -0.00152845
36.2 0.00120807 -0.00421847 -0.00326402 -0.00282465
36.3 0.000999015 0.00414662 0.001618 -0.00152186
36.4 0.000413695 0.00845587 0.00475799 0.00374987
36.5 0.00393407 0.00621561 0.00673814 0.00902201
36.6 0.0115299 0.0030856 0.00747549 0.01054
36.7 0.0202654 0.00392845 0.00652589 0.00800227
36.8 0.0244766 0.00916734 0.00488295 0.00275436
36.9 0.0223456 0.0156422 0.00338682 -0.00120927
37 0.0152652 0.0185677 0.00261554 1.3175e-05
37.1 0.0044532 0.014861 0.00402274 0.00443822
37.2 -0.00569791 0.00340886 0.00707555 0.0074439
37.3 -0.0114587 -0.010897 0.00598399 0.00721091
37.4 -0.0146555 -0.0181624 -0.00245211 0.00207301
37.5 -0.0161788 -0.017691 -0.0121668 -0.00847106
37.6 -0.0148374 -0.0158276 -0.016928 -0.0208007
37.7 -0.0109459 -0.0148258 -0.0160141 -0.031801
37.8 -0.00662176 -0.0131487 -0.0121439 -0.0397734
37.9 -0.00430373 -0.00935191 -0.00830136 -0.0429832
38 -0.00309157 -0.00385358 -0.00548655 -0.0408948
38.1 -0.000834994 0.000360336 -0.00244583 -0.0338242
38.2 0.00263446 0.00124402 0.000850651 -0.0207811
38.3 0.00634452 0.00174647 0.00140283 -0.00106168
38.4 0.00973292 0.00356453 0.00119168 0.0192967
38.5 0.0134582 0.00528964 0.00533421 0.0317874
38.6 0.0175304 0.00779348 0.0127153 0.0349622
38.7 0.0210205 0.0126873 0.0189273 0.0326295
38.8 0.0247338 0.0191114 0.0218719 0.0286343
38.9 0.0301105 0.0247408 0.0220377 0.0246616
39 0.0354998 0.0278338 0.0208543 0.020646
39.1 0.0364508 0.02779 0.0194703 0.0162482
39.2 0.0310608 0.025119 0.018053 0.0113198
39.3 0.0227712 0.0208134 0.0159099 0.00632475
39.4 0.014776 0.015274 0.0124438 0.0023793
39.5 0.00680773 0.0085271 0.00743004 0.000681606
39.6 -0.00112541 0.00060859 0.00140055 0.000752918
39.7 -0.00943463 -0.00779522 -0.00352004 -0.000332623
39.8 -0.0185293 -0.0149719 -0.00563296 -0.00400212
39.9 -0.0264309 -0.0193914 -0.00630092 -0.00800254
40 -0.0319945 -0.0203273 -0.00752016 -0.0099673
40.1 -0.0350732 -0.018825 -0.00877057 -0.00973746
40.2 -0.0370375 -0.0172874 -0.00853156 -0.00818802
40.3 -0.0406968 -0.01644 -0.00742131 -0.00561712
40.4 -0.0467694 -0.0156361 -0.00694076 -0.00240764
40.5 -0.0537374 -0.0148709 -0.00668769 -0.000495889
40.6 -0.0606857 -0.014484 -0.00590872 -0.00126916
40.7 -0.0687561 -0.0145052 -0.00547281 -0.00324918
40.8 -0.0782422 -0.0148133 -0.0063784 -0.0044882
40.9 -0.0873779 -0.0155258 -0.00827998 -0.00462622
41 -0.0938203 -0.0168547 -0.00999415 -0.00431884
41.1 -0.0954151 -0.0185872 -0.0105861 -0.00438977
41.2 -0.091921 -0.0196314 -0.0103928 -0.00490952
41.3 -0.0844849 -0.0188419 -0.0104423 -0.00528303
41.4 -0.0730786 -0.0165493 -0.0107708 -0.00519487
41.5 -0.0560165 -0.0141189 -0.0105427 -0.00478118
41.6 -0.0325853 -0.0126018 -0.00923026 -0.00418684
41.7 -0.00492731 -0.0109656 -0.00699763 -0.00338893
41.8 0.0216042 -0.0030967 -0.00401227 -0.00223378
41.9 0.0439368 0.013544 0.000979066 -0.000178226
42 0.0658494 0.0311879 0.00909239 0.00312556
42.1 0.089365 0.044794 0.018493 0.00704791
42.2 0.113203 0.0555013 0.0267373 0.0106771
42.3 0.137443 0.064002 0.0333417 0.0133196
42.4 0.161048 0.0704913 0.0384758 0.0147297
42.5 0.180597 0.075203 0.0421278 0.0150577
42.6 0.193278 0.0783554 0.0441057 0.01486
42.7 0.198847 0.0800949 0.0441011 0.0150175
42.8 0.198473 0.0799362 0.0428849 0.015397
42.9 0.192784 0.0774252 0.0416153 0.0149596
43 0.181805 0.0732981 0.0400256 0.0132337
43.1 0.167493 0.0682658 0.0376623 0.0102615
43.2 0.152652 0.0624266 0.0344942 0.0064916
43.3 0.138507 0.0558515 0.0301225 0.0032192
43.4 0.124372 0.0485686 0.0241897 0.00182408
43.5 0.109403 0.0405504 0.0170241 0.00251231
43.6 0.0950396 0.0313201 0.0104951 0.00379303
43.7 0.0814207 0.0200547 0.00750471 0.00354569
43.8 0.0655584 0.00869099 0.00779892 0.00143976
43.9 0.0450043 0.00262132 0.00722787 -0.000197204
44 0.0201656 0.00347693 0.00446695 0.000417275
44.1 -0.00300907 0.00339326 0.00296537 0.00145817
44.2 -0.0183111 -0.00373623 0.00256787 0.000695636
44.3 -0.0267723 -0.0134308 -0.000892827 -0.0013074
44.4 -0.0319996 -0.0215827 -0.00646234 -0.00397639
44.5 -0.0359637 -0.0282819 -0.0100068 -0.0078689
44.6 -0.0395518 -0.0337143 -0.0100635 -0.0126138
44.7 -0.0434952 -0.036941 -0.00895914 -0.0163149
44.8 -0.0479851 -0.0366999 -0.0103729 -0.0168883
44.9 -0.0509856 -0.0343079 -0.0139137 -0.0144439
45 -0.0513625 -0.0321481 -0.0162404 -0.0108899
45.1 -0.0497491 -0.0307306 -0.0157551 -0.00756653
45.2 -0.0456714 -0.028798 -0.0132092 -0.00500476
45.3 -0.0399568 -0.0250965 -0.00999203 -0.00355959
45.4 -0.0348194 -0.0191952 -0.00734593 -0.00316412
45.5 -0.0291107 -0.0122388 -0.00580446 -0.00319738
45.6 -0.0188515 -0.00681079 -0.00467559 -0.00305625
45.7 -0.00368805 -0.00379651 -0.0030288 -0.00251362
45.8 0.0101852 -0.000136134 -0.000645643 -0.0011218
45.9 0.0176155 0.00673057 0.00237699 0.00120281
46 0.0202681 0.0144788 0.00629529 0.00327439
46.1 0.0214435 0.0197578 0.0111878 0.00437788
46.2 0.0224463 0.0215582 0.0159481 0.00515864
46.3 0.0236803 0.0212177 0.0186246 0.00626484
46.4 0.0241282 0.020854 0.018426 0.00726852
46.5 0.0230761 0.020645 0.0163545 0.00722703
46.6 0.0218963 0.0194599 0.0135474 0.00604039
46.7 0.0212902 0.0167827 0.0107606 0.00425574
46.8 0.0208881 0.0131525 0.00853112 0.0022558
46.9 0.0196828 0.00976079 0.00669117 0.00076511
47 0.0155256 0.00742103 0.00481399 0.000715417
47.1 0.00799976 0.00570892 0.00340453 0.00143426
47.2 -0.000433443 0.00254554 0.00302243 0.00125188
47.3 -0.00751882 -0.00241927 0.00148244 0.000126099
47.4 -0.0130491 -0.00680026 -0.00257664 -0.00135396
47.5 -0.0179101 -0.0104362 -0.00592547 -0.00364284
47.6 -0.0232695 -0.0143018 -0.00649825 -0.00662014
47.7 -0.0298656 -0.0173217 -0.00626152 -0.00868851
47.8 -0.037231 -0.0180439 -0.00707858 -0.00865868
47.9 -0.0444965 -0.0172336 -0.00780954 -0.00725262
48 -0.0513624 -0.0165559 -0.00736467 -0.00538566
48.1 -0.0568453 -0.0159761 -0.00700985 -0.00315568
48.2 -0.0594018 -0.015226 -0.0072431 -0.00131221
48.3 -0.058345 -0.0146119 -0.00721279 -0.00111011
48.4 -0.0528459 -0.0142026 -0.00673366 -0.00255426
48.5 -0.0420682 -0.0139418 -0.00653591 -0.00417984
48.6 -0.0250953 -0.0138252 -0.0071159 -0.00478014
48.7 -0.00258256 -0.0122682 -0.00797895 -0.00430873
48.8 0.0181219 -0.00375791 -0.00762897 -0.00331563
48.9 0.0298374 0.0117656 -0.00211439 -0.00187207
49 0.0356455 0.0254707 0.010327 0.00103609
49.1 0.0414494 0.0341161 0.0244206 0.00601667
49.2 0.0486536 0.0400467 0.0357774 0.0118177
49.3 0.0572588 0.0440312 0.0442566 0.0168192
49.4 0.0661645 0.0463789 0.0499969 0.0204995
49.5 0.074319 0.0473842 0.052982 0.0228631
49.6 0.0814683 0.0473594 0.053271 0.0239188
49.7 0.0852393 0.0469757 0.0513639 0.0236852
49.8 0.0841078 0.04653 0.0482606 0.0221708
49.9 0.0789834 0.045212 0.0446962 0.0193468
50 0.0701292 0.0423931 0.0410345 0.0151798
50.1 0.0573548 0.0380719 0.0375659 0.00967565
50.2 0.0411048 0.0323202 0.0340687 0.00372197
50.3 0.0215887 0.0251199 0.0292563 0.000271071
50.4 0.0001367 0.0145436 0.0218852 0.00131261
50.5 -0.0198248 -0.000897258 0.0107447 0.00425201
50.6 -0.0379449 -0.0175928 -0.00262969 0.00283981
50.7 -0.0567283 -0.0314346 -0.0125872 -0.0064787
50.8 -0.0766799 -0.0420559 -0.0161486 -0.0204969
50.9 -0.0977018 -0.0492198 -0.0154465 -0.0348429
51 -0.119984 -0.0511048 -0.0149534 -0.0468066
51.1 -0.141863 -0.0483817 -0.0165447 -0.0549392
51.2 -0.160916 -0.0448156 -0.0182262 -0.0594204
51.3 -0.177409 -0.0426022 -0.0185353 -0.0606747
51.4 -0.192337 -0.0418081 -0.0173678 -0.0593843
51.5 -0.204488 -0.0419159 -0.0151316 -0.0564984
51.6 -0.211496 -0.0421133 -0.0128314 -0.0522561
51.7 -0.211226 -0.0413877 -0.0116145 -0.0463608
51.8 -0.203403 -0.0387647 -0.0118534 -0.0388977
51.9 -0.189097 -0.034073 -0.0128351 -0.0305064
52 -0.170681 -0.0278201 -0.0134209 -0.0220272
52.1 -0.151335 -0.0204705 -0.0129404 -0.0140105
52.2 -0.131111 -0.0131979 -0.0109086 -0.0068577
52.3 -0.108247 -0.00829372 -0.00645336 -0.00156264
52.4 -0.0831175 -0.00634772 -0.000500591 0.000373312
52.5 -0.05599 -0.00485929 0.00175619 -1.61023e-05
52.6 -0.0250829 -0.00323339 -0.001962 -0.000378549
52.7 0.0065938 -0.00167036 -0.00518227 -0.00135888
52.8 0.0313635 0.00239074 -0.00173648 -0.00276924
52.9 0.0472179 0.00946566 0.00635214 -0.000850753
53 0.0565927 0.0181469 0.0136446 0.00588001
53.1 0.0609841 0.0269476 0.0189497 0.013894
53.2 0.061552 0.0344329 0.0234916 0.0200843
53.3 0.0606049 0.0394315 0.0274976 0.023937
53.4 0.0594755 0.0403819 0.0309924 0.0254431
53.5 0.0562645 0.0379492 0.0330396 0.025242
53.6 0.050075 0.034475 0.032564 0.0242108
53.7 0.0420945 0.0306218 0.0301845 0.0223322
53.8 0.0326821 0.0261079 0.0268525 0.0192813
53.9 0.0219053 0.0208755 0.0229174 0.0149878
54 0.0104861 0.0148232 0.0183051 0.00937292
54.1 0.000870914 0.00717741 0.0121732 0.00297368
54.2 -0.0053815 -0.0017497 0.00211475 -0.00147393
54.3 -0.00979206 -0.00987857 -0.010823 -0.00292742
54.4 -0.0136175 -0.0167708 -0.0190859 -0.005321
54.5 -0.0177033 -0.0221618 -0.0189453 -0.0107217
54.6 -0.0229442 -0.0240855 -0.0146318 -0.016459
54.7 -0.0301536 -0.0217886 -0.0114555 -0.0193543
54.8 -0.0375188 -0.0172059 -0.0109401 -0.0183332
54.9 -0.0415077 -0.0133086 -0.0114749 -0.0142321
55 -0.042477 -0.0123249 -0.0112278 -0.00820862
55.1 -0.0405163 -0.0142649 -0.00940788 -0.0019382
55.2 -0.035264 -0.0167043 -0.00584115 0.000838021
55.3 -0.0293498 -0.0168798 -0.00219015 -0.00136257
55.4 -0.0241394 -0.0138337 -0.00211555 -0.00420243
55.5 -0.018902 -0.00937736 -0.00578606 -0.0045462
55.6 -0.0134904 -0.0064872 -0.00887546 -0.00366449
55.7 -0.00855027 -0.00620315 -0.00833197 -0.00307857
55.8 -0.00375298 -0.00663148 -0.00496567 -0.00273873
55.9 0.000409148 -0.00356595 -0.00156878 -0.00160637
56 0.00351354 0.00397642 0.00101715 0.000626102
56.1 0.00796412 0.0110259 0.00445506 0.00281597
56.2 0.0147108 0.014662 0.00879386 0.0041754
56.3 0.0225337 0.0163176 0.0124189 0.00505561
56.4 0.0301466 0.0177092 0.0141731 0.00592874
56.5 0.0364977 0.0191534 0.0140593 0.00667143
56.6 0.0417439 0.0197217 0.0133511 0.00665364
56.7 0.0465075 0.0191729 0.012834 0.00574648
56.8 0.0497448 0.0184031 0.0121396 0.00457453
56.9 0.049712 0.01797 0.0110414 0.00368647
57 0.0468505 0.0174313 0.00991286 0.00320638
57.1 0.0425548 0.0161743 0.00917778 0.00302242
57.2 0.0371224 0.0144255 0.00890963 0.00297234
57.3 0.0299113 0.0130643 0.0088166 0.00295884
57.4 0.0205337 0.0125655 0.00859882 0.00292958
57.5 0.00934049 0.0119531 0.00818939 0.00282095
57.6 -0.000691917 0.00787263 0.00743286 0.00254291
57.7 -0.00524752 -0.000861149 0.00438405 0.00183039
57.8 -0.00632507 -0.00957695 -0.00205852 -0.000344386
57.9 -0.00989042 -0.0143948 -0.00858014 -0.00472814
58 -0.0177678 -0.0159965 -0.0119689 -0.0101441
58.1 -0.0276438 -0.0164497 -0.0118893 -0.0149328
58.2 -0.0359948 -0.0164213 -0.0102661 -0.0177336
58.3 -0.0408937 -0.0156604 -0.00976056 -0.0173078
58.4 -0.0425615 -0.0151071 -0.0106005 -0.0137022
58.5 -0.0413171 -0.0156399 -0.0114501 -0.0080442
58.6 -0.0371342 -0.0167877 -0.0112244 -0.0022948
58.7 -0.0300942 -0.0174398 -0.00898202 0.000128772
58.8 -0.0207021 -0.0163684 -0.00537867 -0.00198096
58.9 -0.0102541 -0.0123834 -0.00315773 -0.0049474
59 -0.000974472 -0.004449 -0.00332917 -0.00541797
59.1 0.00532156 0.00446849 -0.00191325 -0.00306066
59.2 0.00933647 0.00913178 0.0043715 0.00119176
59.3 0.0130221 0.0102531 0.0121173 0.00584763
59.4 0.017094 0.0116132 0.0170072 0.0095907
59.5 0.0213189 0.0147016 0.0181127 0.0116912
59.6 0.026194 0.0188014 0.0166685 0.011732
59.7 0.0320306 0.0217179 0.0149885 0.00956658
59.8 0.0379912 0.0217514 0.0143472 0.00599766
59.9 0.0426409 0.0193855 0.0140532 0.00275056
60 0.0443543 0.016791 0.012595 0.00135973
60.1 0.0423663 0.015124 0.00980485 0.0019236
60.2 0.0364818 0.0139046 0.0072425 0.00300041
60.3 0.0259261 0.0127581 0.00646286 0.00309706
60.4 0.0105045 0.0113824 0.00712282 0.00216329
60.5 -0.00501926 0.00624311 0.00701003 0.00134682
60.6 -0.0156895 -0.00371422 0.00231802 0.00112269
60.7 -0.0239504 -0.0132242 -0.00737633 -0.000418877
60.8 -0.0339314 -0.0205749 -0.0157534 -0.00557191
60.9 -0.0459531 -0.0268199 -0.0185151 -0.0136356
61 -0.0579449 -0.0308396 -0.0175067 -0.0219517
61.1 -0.0686239 -0.0311944 -0.01623 -0.02832
61.2 -0.0786786 -0.0282657 -0.0159567 -0.0318575
61.3 -0.0884931 -0.0241907 -0.0158694 -0.0325451
61.4 -0.0967452 -0.0202611 -0.0153461 -0.0307937
61.5 -0.101624 -0.0172233 -0.0139979 -0.0273029
61.6 -0.102353 -0.0159772 -0.0118218 -0.0222693
61.7 -0.0999809 -0.0161875 -0.0096925 -0.0154506
61.8 -0.0963401 -0.0163381 -0.00864005 -0.00708831
61.9 -0.091581 -0.0155768 -0.00792661 -2.32444e-05
62 -0.0844643 -0.0139764 -0.00540148 0.000824622
62.1 -0.0734205 -0.0116345 -0.00207417 -0.00399933
62.2 -0.0567954 -0.00888275 -0.00207075 -0.00762286
62.3 -0.0336196 -0.00731322 -0.00575247 -0.00666347
62.4 -0.00537336 -0.00764291 -0.00891393 -0.00352996
62.5 0.020045 -0.00393124 -0.00829008 -0.00124084
62.6 0.0352501 0.00784525 -0.00158886 -0.000682555
62.7 0.0430488 0.0211974 0.0108086 0.000353503
62.8 0.0484861 0.0317929 0.0232747 0.00443191
62.9 0.0525074 0.040791 0.0322839 0.0103563
63 0.0551193 0.0485151 0.0384683 0.0155395
63.1 0.0567347 0.0548204 0.0423621 0.0191429
63.2 0.0577056 0.0595629 0.0441697 0.0211378
63.3 0.0576939 0.0625903 0.0441555 0.0215271
63.4 0.0562646 0.0627878 0.0432447 0.0204391
63.5 0.0531053 0.0593924 0.0423047 0.0181395
63.6 0.0476131 0.0539755 0.0408608 0.0148134
63.7 0.0394956 0.0479457 0.0383944 0.0105331
63.8 0.0292526 0.0414763 0.0348017 0.00585501
63.9 0.0175939 0.0342339 0.0296028 0.00227903
64 0.00560946 0.0245312 0.0224294 0.00130048
64.1 -0.00296429 0.00906557 0.0133433 0.00260502
64.2 -0.00632439 -0.00958259 0.00158118 0.00300757
64.3 -0.00950264 -0.0222071 -0.0115512 -0.0012454
64.4 -0.0161413 -0.0264439 -0.0206451 -0.0105182
64.5 -0.0243142 -0.0263965 -0.0223542 -0.0226565
64.6 -0.0311194 -0.024772 -0.0184861 -0.0351552
64.7 -0.0347085 -0.0222833 -0.0133765 -0.0450469
64.8 -0.0350238 -0.0187484 -0.010299 -0.0502323
64.9 -0.033314 -0.0147798 -0.0100034 -0.0501751
65 -0.0302128 -0.0121486 -0.0110944 -0.0457709
65.1 -0.0254913 -0.0123114 -0.0114241 -0.0387871
65.2 -0.0193095 -0.0144774 -0.0105579 -0.0302553
65.3 -0.0130109 -0.0158494 -0.00954678 -0.020423
65.4 -0.00842851 -0.0140105 -0.00904482 -0.00955176
65.5 -0.0060299 -0.00884465 -0.00754178 -0.000175977
65.6 -0.00417188 -0.00241844 -0.00196759 0.00239218
65.7 -2.19879e-05 0.00253712 0.00577259 -0.00062401
65.8 0.00718645 0.0054224 0.00886391 -0.000300729
65.9 0.0145701 0.00786188 0.00639987 0.00524448
66 0.0195631 0.010271 0.00408734 0.00959379
66.1 0.0226505 0.0121125 0.00558076 0.00893133
66.2 0.0247451 0.0137155 0.00976717 0.00472419
66.3 0.0257867 0.0155844 0.0132797 0.000968146
66.4 0.0256027 0.0173471 0.0136086 0.00099296
66.5 0.0239671 0.0176534 0.0114212 0.00443992
66.6 0.0207415 0.0158025 0.00945537 0.00785478
66.7 0.0160677 0.012572 0.0091572 0.00836994
66.8 0.0109858 0.00910982 0.00951442 0.0058545
66.9 0.00606707 0.00622605 0.0083493 0.0022236
67 0.00160413 0.00325784 0.00427731 3.2179e-05
67.1 -0.00176113 -0.0011687 -0.00123842 -0.000216105
67.2 -0.00475649 -0.00629173 -0.00469948 -0.0010705
67.3 -0.00800357 -0.0099929 -0.00496742 -0.00361516
67.4 -0.0111373 -0.0107417 -0.00442079 -0.00579379
67.5 -0.0133987 -0.00882418 -0.00522251 -0.00569915
67.6 -0.0137165 -0.00673602 -0.00645725 -0.00364837
67.7 -0.0116472 -0.00631235 -0.00614299 -0.00132289
67.8 -0.0077314 -0.00679115 -0.00373819 -0.000470329
67.9 -0.00365521 -0.00573028 -0.00112531 -0.00109532
68 -0.00119825 -0.00160375 -0.00088501 -0.000991668
68.1 0.000251229 0.00222256 -0.000883146 0.000148846
68.2 0.0024365 0.00210457 0.0017681 0.000848851
68.3 0.0041768 0.00161406 0.00395914 0.00128339
68.4 0.00392642 0.00403377 0.00307583 0.00175805
68.5 0.00368355 0.0062249 0.00173766 0.00137005
68.6 0.00552663 0.00543149 0.00204881 0.000372665
68.7 0.00890636 0.00308604 0.00247318 0.000607657
68.8 0.0115881 0.0022625 0.00177878 0.00187794
68.9 0.0117589 0.00390082 0.0015588 0.00184208
69 0.00989699 0.00619086 0.00271168 0.000584854
69.1 0.00749636 0.00747795 0.00362555 0.000600866
69.2 0.00534092 0.00704441 0.00356228 0.00225425
69.3 0.00335029 0.00475791 0.00330699 0.00351292
69.4 0.00102395 0.00156909 0.00248732 0.00309512
69.5 -0.00143875 -0.00100647 0.000204951 0.000757344
69.6 -0.00387823 -0.0027508 -0.00247979 -0.00286004
69.7 -0.00688792 -0.00459083 -0.00398687 -0.00582839
69.8 -0.0101993 -0.00664334 -0.00437056 -0.00661772
69.9 -0.0125825 -0.00839967 -0.00432825 -0.00516868
70 -0.0129108 -0.00927548 -0.00425777 -0.00246359
70.1 -0.0111133 -0.00880375 -0.0038824 -0.000458119
70.2 -0.00787416 -0.00695159 -0.00262189 -0.000744066
70.3 -0.00354698 -0.00356077 -0.00149413 -0.00201451
70.4 0.00102682 0.000561937 -0.00116781 -0.00150576
70.5 0.00442281 0.00302993 0.000690922 0.000758105
70.6 0.00592147 0.00332401 0.00474738 0.00270561
70.7 0.00554915 0.0033891 0.00793991 0.00371359
70.8 0.00356821 0.00418829 0.00807834 0.00414681
70.9 0.00144838 0.00414922 0.00565424 0.00383229
71 0.000539565 0.00156863 0.00209685 0.00215914
71.1 -0.00092161 -0.00203524 -0.00137316 -0.000898794
71.2 -0.00544526 -0.00459647 -0.00354907 -0.00415305
71.3 -0.00996153 -0.00656578 -0.00393733 -0.00623353
71.4 -0.0119258 -0.00826893 -0.00370511 -0.00616531
71.5 -0.0161655 -0.00931215 -0.00391296 -0.00402835
71.6 -0.0217385 -0.0103572 -0.00388723 -0.00143008
71.7 -0.0239605 -0.0118203 -0.00319851 -0.000397973
71.8 -0.0243702 -0.0128338 -0.00305926 -0.00138463
71.9 -0.0223309 -0.0127887 -0.00463333 -0.0028238
72 -0.0157722 -0.0119865 -0.00716879 -0.00371392
72.1 -0.00703838 -0.0105342 -0.00863534 -0.0043443
72.2 -9.10966e-05 -0.00665088 -0.00788867 -0.00468105
72.3 0.00309498 0.000468705 -0.00385705 -0.00401008
72.4 0.00466299 0.00747864 0.00304967 -0.000589806
72.5 0.00753413 0.0115405 0.00944027 0.00591158
72.6 0.0117078 0.0129989 0.0136223 0.0122538
72.7 0.015626 0.0133869 0.0154845 0.0160073
72.8 0.0186306 0.0139019 0.0150048 0.016938
72.9 0.0212167 0.0146407 0.0133928 0.0150382
73 0.0225653 0.0151943 0.0119281 0.0106696
73.1 0.0216732 0.0151141 0.0110828 0.00471937
73.2 0.0181221 0.0140721 0.00973441 4.74661e-05
73.3 0.0113238 0.0115931 0.00647755 1.9646e-05
73.4 0.00300487 0.00656671 0.00267084 0.00325168
73.5 -0.00346526 -0.00120384 0.000663207 0.00419466
73.6 -0.0076062 -0.00859048 -0.000470334 0.000123223
73.7 -0.0108154 -0.0119509 -0.00288305 -0.00624568
73.8 -0.0127137 -0.0118202 -0.0059766 -0.0111669
73.9 -0.0135912 -0.0111273 -0.00764989 -0.0133365
74 -0.014327 -0.011292 -0.00733475 -0.0127717
74.1 -0.0138468 -0.0115885 -0.00666681 -0.00917246
74.2 -0.0114345 -0.010835 -0.00669054 -0.00323754
74.3 -0.00793307 -0.00862972 -0.00551295 0.000858607
74.4 -0.00436531 -0.00480502 -0.00180445 -0.0002911
74.5 -0.000983879 0.000182862 0.00111825 -0.00257488
74.6 0.00289809 0.00381348 0.00100874 -0.000509445
74.7 0.00662823 0.0038245 0.00140453 0.00386528
74.8 0.00748529 0.00238344 0.004164 0.00576985
74.9 0.00435878 0.00299866 0.00641854 0.00457776
75 0.000185471 0.00402574 0.00618457 0.0021686
75.1 -0.00126046 0.00162619 0.00298558 0.000416516
75.2 -0.00101092 -0.00284873 -0.00211481 -0.000484241
75.3 -0.00272126 -0.00553374 -0.00557859 -0.00220458
75.4 -0.00659266 -0.00618698 -0.00556429 -0.00474858
75.5 -0.0108452 -0.00620768 -0.00376696 -0.00610632
75.6 -0.0142105 -0.00613785 -0.00262232 -0.00479938
75.7 -0.0157282 -0.00645429 -0.00274998 -0.00140183
75.8 -0.0150907 -0.00713378 -0.00267523 0.000694276
75.9 -0.0124487 -0.00717724 -0.00183392 -0.00086778
76 -0.00835259 -0.00565274 -0.0020451 -0.0034595
76.1 -0.00345334 -0.00305762 -0.00362293 -0.00411686
76.2 0.00108382 -0.000665054 -0.00361675 -0.00294671
76.3 0.00335812 0.00132739 -5.63822e-05 -0.000560881
76.4 0.00327202 0.0033014 0.0050525 0.00252765
76.5 0.00294248 0.00478327 0.00862276 0.005157
76.6 0.00365212 0.00544139 0.00941368 0.00635142
76.7 0.00497648 0.00550306 0.00781641 0.00580241
76.8 0.00601228 0.00495396 0.00507938 0.00358803
76.9 0.00606581 0.00369783 0.00226859 0.00062816
77 0.00439612 0.00181708 0.00026281 -0.00109136
77.1 0.000579082 -0.00016377 -0.000207455 -0.000586178
77.2 -0.00370142 -0.00173928 -1.48255e-05 0.000519824
77.3 -0.00603169 -0.00274786 -0.000652143 9.92894e-05
77.4 -0.00613074 -0.00316239 -0.00185743 -0.00182553
77.5 -0.00487896 -0.00331832 -0.00241071 -0.00362714
77.6 -0.00302607 -0.0031141 -0.00217464 -0.00397458
77.7 -0.00136375 -0.00189802 -0.00187027 -0.00221506
77.8 -0.000213593 -0.000162372 -0.000774874 0.000378719
77.9 0.000882374 0.00117756 0.0016477 0.00135452
78 0.0022961 0.0023494 0.00321188 0.000911374
78.1 0.00375128 0.00339568 0.00243141 0.000950484
78.2 0.00468082 0.00332382 0.00131971 0.00122978
78.3 0.00433194 0.00222078 0.00165541 0.000714822
78.4 0.00230977 0.00172312 0.00181522 0.000364712
78.5 -4.92463e-05 0.00140478 0.000757091 0.000733858
78.6 -0.00102987 -0.000445036 -0.000114577 0.000417728
78.7 -0.00128548 -0.00224465 -0.000799456 -0.000828532
78.8 -0.00209605 -0.00207316 -0.00193386 -0.00155788
78.9 -0.00274105 -0.00174234 -0.0020622 -0.00126714
79 -0.00235236 -0.00229339 -0.000858097 -0.000499399
79.1 -0.00149586 -0.00166465 -0.000328733 0.000125116
79.2 -0.000437053 0.000198919 -0.000509292 9.90208e-06
79.3 0.00112287 0.00102963 0.000167841 -0.000396693
79.4 0.00238643 0.00107129 0.00116428 0.000170629
79.5 0.0023761 0.00188299 0.0014576 0.00130821
