0.1 0 -0.00889324 -0.0130355 -0.0149065 -0.0156265
0.2 0 0.00312539 -0.00102787 -0.00518939 -0.00744341
0.3 0 0.00249246 0.00772924 0.0092771 0.00912405
0.4 0 0.00276712 0.00787898 0.0156038 0.0205536
0.5 0 0.00731199 0.00948408 0.0107231 0.0124783
0.6 0 0.00061756 0.00305408 0.000430683 -0.0034473
0.7 0 -0.00612061 -0.0113465 -0.010862 -0.00970552
0.8 0 -0.00395169 -0.00845312 -0.0115366 -0.0108049
0.9 0 -0.00550479 -0.00678688 -0.0110754 -0.0168514
1 0 0.00286877 -0.000436674 -0.000438036 0.000670351
1.1 0 -0.000776784 0.00336991 0.00630595 0.0102611
1.2 0 0.0162524 0.0261487 0.0317518 0.0307501
1.3 0 -0.028449 -0.0373054 -0.0390045 -0.0370162
1.4 0 0.0646015 0.0736209 0.071058 0.0697324
1.5 0 -0.0445998 -0.0194241 -0.000365795 0.0038331
1.6 0 -0.0201275 -0.0623252 -0.06818 -0.0600377
1.7 0 0.0140485 -0.00672474 -0.0527356 -0.0806531
1.8 0 -0.0135549 0.0158788 0.0287915 0.0186075
1.9 0 -0.00324161 -0.0130285 0.0285066 0.0753554
2 0 0.0528135 0.0776116 0.0608155 0.0500841
2.1 0 -0.0796381 -0.0917034 -0.108323 -0.146067
2.2 0 0.0568942 0.00474889 -0.0019754 0.0280297
2.3 0 0.12246 0.256464 0.299083 0.308273
2.4 0 -0.259259 -0.286325 -0.230365 -0.218222
2.5 0 0.139574 -0.0565794 -0.198313 -0.215718
2.6 0 0.0632768 0.232634 0.19036 0.0936188
2.7 0 -0.242268 -0.232121 -0.0240771 0.0918431
2.8 0 0.24998 0.119328 0.0395638 0.121229
2.9 0 0.0336608 0.255501 0.14679 -0.0798533
3 0 -0.118672 -0.195682 -0.00119887 0.126703
3.1 0 -0.268083 -0.516922 -0.623128 -0.472803
3.2 0 0.27615 0.378093 0.135349 -0.255326
3.3 0 0.132152 0.283139 0.503651 0.640002
3.4 0 -0.227208 -0.185677 0.100726 0.522903
3.5 0 0.223235 0.216077 0.00765088 -0.363259
3.6 0 -0.0783265 -0.217305 -0.503002 -0.673317
3.7 0 -0.000554104 -0.0142454 0.25068 0.604109
3.8 0 -0.196673 0.0193101 0.217917 0.169532
3.9 0 0.720969 0.784242 0.538223 0.403171
4 0 -0.178812 -0.300163 -0.220681 -0.107664
4.1 0 -0.452205 -0.497152 -0.508764 -0.537313
4.2 0 -0.698566 -1.03575 -1.23099 -1.36456
4.3 0 0.699438 0.542554 0.301299 0.227921
4.4 0 -0.0647968 0.552326 0.96597 1.07614
4.5 0 -0.0298119 -0.0546593 0.249903 0.544406
4.6 0 0.600029 0.378405 -0.0354661 -0.231726
4.7 0 -0.117592 0.222439 0.152886 -0.150633
4.8 0 -0.856537 -1.27309 -0.903977 -0.449506
4.9 0 0.640225 0.605987 0.292051 0.230486
5 0 -0.656596 -0.371813 -0.535264 -1.07802
5.1 0 -0.0369775 -0.873621 -0.756615 -0.304001
5.2 0 0.207136 0.542112 0.579876 0.735943
5.3 0 1.53015 2.36909 2.51352 2.04039
5.4 0 -0.317959 0.203231 0.689238 1.23638
5.5 0 -1.71467 -2.22528 -2.4406 -2.28687
5.6 0 2.27167 1.08739 0.804582 0.321667
5.7 0 -1.84307 -0.569047 -1.16579 -1.53431
5.8 0 1.17171 0.694972 1.67045 2.20442
5.9 0 -1.71981 -1.82138 -1.91313 -1.42633
6 0 1.24589 1.03419 0.442235 -0.273051
6.1 0 -0.0318307 0.170743 0.0343559 -0.542836
6.2 0 -0.76119 -0.647655 -0.174918 0.487754
6.3 0 -0.692401 -1.14415 -1.10145 -0.379921
6.4 0 0.376638 -0.300499 -0.660119 -1.56032
6.5 0 0.67509 1.56226 0.936254 -0.0024967
6.6 0 1.6581 2.23405 2.43499 3.26366
6.7 0 -0.450822 -0.354881 1.58872 2.68897
6.8 0 -2.00403 -1.23851 -1.08263 -0.92223
6.9 0 1.28838 -0.398644 -1.73715 -2.02456
7 0 1.58099 1.42556 0.217993 -1.00735
7.1 0 -2.8867 -1.23346 -0.372671 -0.660817
7.2 0 -1.38501 -3.76695 -2.59115 -1.85082
7.3 0 2.3233 2.63726 0.619939 1.8038
7.4 0 -0.812461 0.299441 -0.341342 -2.08966
7.5 0 1.78371 1.25854 3.726 1.84092
7.6 0 -1.03661 0.0942009 0.0721096 1.40214
7.7 0 0.224951 0.00748562 -1.49485 1.5125
7.8 0 3.79962 3.22464 4.70157 4.25414
7.9 0 -4.2614 -2.00447 -0.956272 -0.968312
8 0 -1.24156 -1.92643 -2.0063 -2.19144
8.1 0 2.81441 -1.34914 -1.93135 -2.47858
8.2 0 -1.3783 2.41673 -1.51577 -2.02729
8.3 0 -0.573233 -0.848186 0.812133 -0.665052
8.4 0 2.20171 -0.717628 2.10516 1.57296
8.5 0 -2.89454 -0.277936 -1.71252 0.249747
8.6 0 1.59342 2.20772 0.816654 2.7372
8.7 0 1.2585 -0.778611 1.19111 0.352184
8.8 0 -1.88317 -0.538267 0.759046 -0.639566
8.9 0 -1.21575 -1.09087 -2.87523 -2.57656
9 0 2.98378 0.896503 -1.286 -0.761177
9.1 0 -0.533177 0.897218 1.66263 -0.0681113
9.2 0 -1.95837 0.186395 1.4363 0.916191
9.3 0 0.884141 -3.28622 -1.72673 -0.122389
9.4 0 0.320528 0.992305 -1.07435 0.939127
9.5 0 -0.67622 1.43414 0.365245 -0.327512
9.6 0 -1.18146 -1.51381 -0.448489 -2.61313
9.7 0 3.00148 1.08117 2.45544 1.2752
9.8 0 -1.69826 -0.478589 -2.48783 -1.11666
9.9 0 1.35926 3.1783 2.62409 3.26916
10 0 -1.22452 -3.04817 0.302233 -0.326326
10.1 0 -2.0388 -2.60439 -3.36976 -1.76201
10.2 0 0.789762 0.71078 -2.21689 -1.33255
10.3 0 2.77848 3.79909 3.99704 2.19864
10.4 0 -0.610729 0.326677 2.85842 0.422998
10.5 0 1.88917 1.12805 2.06652 2.62902
10.6 0 0.211201 0.793685 -0.796793 2.67196
10.7 0 -3.94834 -2.94137 -2.40093 -1.71388
10.8 0 2.0456 0.881553 1.49635 2.53434
10.9 0 1.60974 0.169023 1.51471 -0.136804
11 0 -4.79087 -3.51238 -5.00995 -5.58909
11.1 0 2.52758 1.51354 -0.378286 -0.919485
11.2 0 -2.57054 -2.72196 -2.91593 -5.05249
11.3 0 3.04077 2.38161 1.85358 1.83388
11.4 0 -0.27918 0.793352 -0.623727 -0.660343
11.5 0 -0.875213 -0.0192219 0.993244 0.0323622
11.6 0 0.824545 -0.542097 2.68835 2.37509
11.7 0 -0.000556576 0.755113 -0.309058 2.60714
11.8 0 -0.851787 0.0620664 -1.58045 1.50316
11.9 0 -0.469008 -1.86472 -0.094984 -0.769555
12 0 2.20638 1.7954 2.53495 1.63719
12.1 0 -2.61213 -1.39346 -1.39793 -3.28905
12.2 0 0.912377 1.3726 -0.0122059 -0.479383
12.3 0 0.612149 -0.842425 -1.54422 -1.68663
12.4 0 -0.0576057 -0.719737 -1.17378 -0.832791
12.5 0 -3.1089 -1.71448 -1.58879 -2.68669
12.6 0 -1.78875 -1.32034 -0.0254341 -0.907361
12.7 0 -3.07097 -4.05603 -2.88408 -2.2253
12.8 0 -2.38278 -1.50396 -3.81535 -1.52969
12.9 0 2.40317 1.68614 2.58466 3.19243
13 0 3.90161 4.08712 5.77194 3.91273
13.1 0 9.64792 10.7829 8.17476 9.80336
13.2 0 7.38277 6.51086 8.1406 7.85609
13.3 0 0.848249 0.698784 1.08805 1.16572
13.4 0 -10.0263 -9.89559 -9.65875 -9.52756
13.5 0 -0.169314 0.29667 -0.103962 0.354921
13.6 0 1.07762 2.49579 1.60486 2.47954
13.7 0 -0.670385 -0.411922 0.43842 1.61239
13.8 0 1.14869 -1.74254 0.506129 1.11285
13.9 0 1.52976 0.799036 1.47283 0.922235
14 0 -6.40815 -2.85309 -5.53022 -6.2083
14.1 0 -0.413491 -1.01958 -1.55699 -2.19109
14.2 0 2.20095 1.63329 1.13204 0.538879
14.3 0 -1.12089 -1.79815 -1.9728 -2.67407
14.4 0 -1.14284 -2.17938 -1.53439 -2.59387
14.5 0 -0.972997 -0.324852 -1.3695 -0.909682
14.6 0 -2.03165 -2.48851 -2.39275 -2.50517
14.7 0 0.978738 0.884018 0.840158 0.705952
14.8 0 1.54485 1.5105 1.47615 1.32606
14.9 0 -0.103438 -0.0619317 -0.0891751 -0.250732
15 0 1.47772 1.5908 1.57461 1.40666
15.1 0 -2.01473 -1.85486 -1.85088 -2.01954
15.2 0 -0.0774977 0.0851953 0.119819 -0.0429928
15.3 0 -2.86918 -2.75254 -2.68071 -2.83002
15.4 0 2.05119 2.09175 2.19866 2.07158
15.5 0 0.121681 0.0935443 0.223109 0.127522
15.6 0 1.14976 1.08231 1.2144 1.15904
15.7 0 1.92251 1.69824 1.88453 1.83749
15.8 0 -1.70648 -1.62685 -1.91675 -0.907882
15.9 0 -1.07834 -1.13958 -1.55067 -0.118037
16 0 1.16214 0.547265 0.885679 1.02193
16.1 0 1.68382 0.826389 1.71539 0.630886
16.2 0 -2.76015 -0.422319 -1.39073 -2.19036
16.3 0 0.86101 1.31216 1.28033 1.29295
16.4 0 0.999998 -1.12087 0.151671 0.392778
16.5 0 0.52081 0.853504 -0.204291 0.78569
16.6 0 -1.77033 -0.761967 -1.49561 -1.07411
16.7 0 2.37992 2.5719 2.93062 2.79689
16.8 0 3.11354 2.6369 4.04017 3.38276
16.9 0 -2.91013 -1.28009 -0.805144 -0.937818
17 0 0.00630217 -0.163377 -0.0574635 0.649986
17.1 0 -0.532513 -1.04277 -1.25017 -0.947931
17.2 0 1.33695 0.855826 0.66945 0.648381
17.3 0 -1.62228 -2.05068 -2.26086 -2.28861
17.4 0 -0.466762 -0.788501 -1.05333 -1.07455
17.5 0 -0.174525 0.472147 -0.25603 -0.293884
17.6 0 -1.99793 -2.49243 -2.32605 -2.73932
17.7 0 1.24266 1.1115 1.16802 0.720105
17.8 0 -0.13781 -0.198813 -0.320956 -0.450677
17.9 0 -0.990524 -0.975005 -1.11733 -1.23928
18 0 1.62996 1.6992 1.56064 1.44109
18.1 0 -0.358071 -0.201635 -0.335529 -0.45803
18.2 0 0.931594 1.12914 1.03733 0.908297
18.3 0 -0.510763 -0.522821 -0.44474 -0.577452
18.4 0 0.3357 0.147694 0.498193 0.488048
18.5 0 -3.31636 -3.35679 -3.47934 -2.4381
18.6 0 0.330458 -0.126504 0.00228959 0.619543
18.7 0 1.06488 -0.443271 -0.0311066 -0.626647
18.8 0 0.525463 1.86689 1.15806 0.326942
18.9 0 -0.787193 1.70484 0.919894 0.596022
19 0 -0.0145967 -1.5992 -0.179517 -0.26012
19.1 0 0.977426 -0.564727 0.613741 0.707628
19.2 0 0.372256 1.23506 0.103829 0.951667
19.3 0 -1.14339 0.78591 -0.838575 -0.0403226
19.4 0 -0.267905 -1.47676 -0.517287 -0.653264
19.5 0 -0.783654 -2.23593 -0.886254 -1.2381
19.6 0 0.114129 1.15669 0.537357 0.634906
19.7 0 0.207267 1.91902 0.901074 1.01146
19.8 0 0.875648 -0.550021 0.383119 0.212034
19.9 0 1.2192 -0.0621861 0.569971 0.534353
20 0 -0.419133 0.66943 -0.109001 -0.00398823
20.1 0 0.755612 2.24683 1.42997 1.35038
20.2 0 1.51402 0.268126 1.36883 0.969723
20.3 0 0.0513968 -0.663339 -0.0968747 -0.057434
20.4 0 -0.114294 0.361328 0.0183256 0.314645
20.5 0 1.02082 1.82621 1.18219 1.49517
20.6 0 -0.469667 -0.72754 -0.660779 -0.624691
20.7 0 -0.560537 -1.05773 -0.553031 -1.06431
20.8 0 -0.426615 -0.561913 -0.450885 -0.7975
20.9 0 -1.28177 -0.934798 -1.63028 -1.24425
21 0 -1.34916 -1.4435 -1.65041 -1.48761
21.1 0 -1.30413 -1.56945 -1.39928 -1.51132
21.2 0 0.478405 0.413257 0.620083 0.378826
21.3 0 0.789897 1.05815 1.04236 0.893954
21.4 0 0.678978 0.936605 0.832052 0.861807
21.5 0 0.683576 0.324196 0.476719 0.648519
21.6 0 1.38983 1.48352 1.42501 1.59731
21.7 0 0.594119 0.984586 1.05059 1.1175
21.8 0 1.27204 0.967735 1.11371 1.32727
21.9 0 0.836405 0.654168 0.718453 0.823352
22 0 0.828688 1.01491 0.947679 0.871344
22.1 0 -0.27404 -0.104509 0.0403982 -0.517549
22.2 0 0.482243 0.655628 0.504206 0.438391
22.3 0 -0.0624787 0.0409143 -0.388976 -0.0167436
22.4 0 -0.464156 -0.449824 -0.0365362 0.0833271
22.5 0 -1.12695 -0.874556 -0.162779 -0.124317
22.6 0 -0.344855 -0.0486073 0.000970201 0.0373521
22.7 0 -0.597178 -0.715919 -0.824042 -0.676723
22.8 0 -0.451218 -0.462925 -0.512638 -0.535837
22.9 0 -0.574525 -0.28863 -0.324574 -0.314612
23 0 -1.50181 -2.1888 -1.70659 -1.65946
23.1 0 0.439274 -0.958038 -0.247559 -0.137833
23.2 0 -0.727354 0.109565 -1.30766 -1.01448
23.3 0 -0.668956 0.185099 -1.78264 -1.23096
23.4 0 0.239599 -0.583183 -0.0726863 -0.634107
23.5 0 0.0457015 -0.715814 -0.131121 -0.769483
23.6 0 0.767791 0.627236 0.933584 0.292817
23.7 0 1.06295 1.11674 1.13405 0.905231
23.8 0 -0.046392 0.288013 0.208683 0.0218685
23.9 0 -0.715893 -0.255016 -0.38663 -0.528998
24 0 -0.351045 0.0854895 -0.0349227 -0.13602
24.1 0 0.132556 -0.260426 -0.0145669 -0.0739187
24.2 0 -0.00637285 -0.344341 -0.144377 -0.152115
24.3 0 0.028482 -0.169604 -0.313135 0.223868
24.4 0 -0.52724 -0.31734 -1.12587 0.35892
24.5 0 0.0266809 0.457512 0.364627 0.279125
24.6 0 -0.578772 -0.394917 -0.00250885 -0.622674
24.7 0 -0.639602 -1.07531 -0.146801 -0.919834
24.8 0 0.20873 0.237282 0.165659 0.106609
24.9 0 0.315297 0.511255 -0.00210652 0.474442
25 0 -0.54074 -0.605336 -1.04903 -0.322395
25.1 0 0.729107 0.0432855 0.362889 0.0993269
25.2 0 0.88904 -0.355749 0.173036 -0.530511
25.3 0 -0.223718 1.16387 0.499892 -0.00789768
25.4 0 -0.502062 1.54544 0.684617 0.819494
25.5 0 1.32355 -0.139018 1.17667 1.13963
25.6 0 0.661895 -0.558337 0.736392 0.740748
25.7 0 -0.197458 0.890775 -0.00302469 0.748039
25.8 0 0.00820327 1.44242 0.369319 1.18117
25.9 0 0.660786 0.474764 1.00537 1.16615
26 0 0.428492 -0.798573 0.725387 0.946345
26.1 0 -0.499184 -0.561245 -0.467218 0.138991
26.2 0 0.0517655 0.716564 0.242379 -0.115372
26.3 0 -0.722806 -0.279639 -0.803771 -1.05369
26.4 0 -0.774059 -0.955282 -1.15998 -1.41227
26.5 0 -0.206821 -0.63647 -0.701913 -0.961839
26.6 0 0.28938 -0.492272 -0.531025 -0.792369
26.7 0 -0.693036 -0.497557 -0.956339 -1.24007
26.8 0 -1.23832 -1.24856 -1.18231 -1.70699
26.9 0 -0.199731 -0.194218 -0.302381 -0.428588
27 0 -0.0795756 -0.363201 -0.529614 -0.660308
27.1 0 1.00678 -0.229747 -0.580818 -0.756306
27.2 0 -0.231365 0.505948 -0.337504 -0.871481
27.3 0 -1.18298 0.0893746 0.805764 -0.839436
27.4 0 -0.733035 -0.40643 0.750178 0.52208
27.5 0 1.01286 -0.217376 0.847509 1.25251
27.6 0 0.288531 1.15576 -0.708898 2.06753
27.7 0 0.20488 0.347029 -0.641805 1.77447
27.8 0 -0.177438 -1.3276 1.0925 -0.16392
27.9 0 -0.588525 0.599788 0.631937 0.144567
28 0 0.646387 0.808467 0.569648 0.577083
28.1 0 1.2214 0.176307 0.243937 0.428406
28.2 0 0.432901 0.254679 -0.315889 -0.0128984
28.3 0 0.160277 0.890775 0.0878694 0.224044
28.4 0 0.0740902 0.465996 0.484999 0.0602813
28.5 0 0.79954 -0.0930852 1.3382 0.18858
28.6 0 0.0990822 0.55906 0.516139 0.364965
28.7 0 0.501714 0.964573 0.482569 0.82592
28.8 0 0.471397 0.384689 0.0456531 0.549068
28.9 0 -0.0782825 -0.482032 -0.36568 -0.203989
29 0 -0.0391364 -0.397196 -0.127704 -0.249092
29.1 0 -0.245937 0.104808 0.183699 -0.404941
29.2 0 -0.196831 0.229692 -0.0540774 -0.101271
29.3 0 0.178154 0.0702154 -0.076817 0.151176
29.4 0 0.348344 0.00113078 0.0896346 0.278997
29.5 0 0.126198 -0.0765059 0.0530789 0.105221
29.6 0 0.303706 0.490432 0.427716 0.417015
29.7 0 0.269581 0.56653 0.591056 0.314067
29.8 0 0.318427 0.288311 0.36299 0.324409
29.9 0 0.412752 0.391351 0.408683 0.547371
30 0 -0.469327 0.457886 0.616529 0.94554
30.1 0 -0.170995 0.0420237 0.319785 0.423415
30.2 0 -0.451096 -0.879831 -0.497668 -0.556935
30.3 0 -0.694847 -0.980815 -1.00579 -0.996105
30.4 0 -0.692191 -1.00272 -1.05633 -1.06239
30.5 0 -0.267453 -0.552411 -0.679635 -0.644978
30.6 0 -0.43692 -0.650458 -0.859207 -0.797828
30.7 0 -0.605304 -0.334236 -0.980908 -0.919654
30.8 0 -0.528807 -0.609812 -0.9246 -1.07924
30.9 0 -0.681024 -0.850855 -0.790133 -1.15935
31 0 -0.652488 -0.825599 -0.736787 -1.10019
31.1 0 -0.214766 -0.349791 -0.363427 -0.525193
31.2 0 0.0105202 -0.203195 -0.251204 -0.394825
31.3 0 1.70325 0.264516 0.0222017 -0.10273
31.4 0 1.0551 1.42648 0.232671 0.113766
31.5 0 -0.683765 2.01933 0.523714 0.480034
31.6 0 0.320543 -0.338956 2.42873 1.34298
31.7 0 0.818967 -0.720623 2.79353 1.55924
31.8 0 -0.33392 2.40509 0.12501 1.75864
31.9 0 1.0866 0.924886 -1.05092 2.1425
32 0 1.72271 -0.780234 0.670988 0.906667
32.1 0 -1.29215 -0.322621 0.285258 0.432258
32.2 0 -1.4247 0.359283 -0.247498 0.399375
32.3 0 -0.528293 -0.513485 -0.530732 -0.365881
32.4 0 0.316545 -0.730788 0.0240274 -0.819585
32.5 0 0.1476 -0.615381 -0.389948 -0.953783
32.6 0 -0.343895 -0.342975 -0.559269 -1.01976
32.7 0 -0.297933 -0.0683313 -0.590813 -0.991162
32.8 0 -0.243758 -0.00680351 -0.547536 -0.909271
32.9 0 0.108387 0.0594113 -0.118983 -0.591103
33 0 0.406846 0.0846732 0.0905682 -0.0150609
33.1 0 0.373107 0.176909 0.145297 0.0399513
33.2 0 0.236982 0.195734 0.16611 0.0639699
33.3 0 0.182377 0.246058 0.212993 0.115744
33.4 0 0.148431 0.34421 0.298316 0.206875
33.5 0 0.0553281 0.32408 0.298006 0.212729
33.6 0 0.263789 0.0685522 0.41465 0.282064
33.7 0 0.030663 -0.112565 0.252611 0.139322
33.8 0 -0.403473 -0.138408 -0.506999 -0.0703955
33.9 0 -0.482574 -0.364242 -0.924695 0.22942
34 0 -0.499258 -0.698012 -0.360489 -0.275959
34.1 0 -0.209789 -0.67215 -0.0199476 -0.390802
34.2 0 -0.0237741 0.0668239 0.157931 -0.0829663
34.3 0 -0.338587 0.132739 -0.197463 -0.220272
34.4 0 -0.664324 -0.483207 -0.764081 -0.667514
34.5 0 -0.435721 -0.598654 -0.577967 -0.542679
34.6 0 -0.398566 -0.726303 -0.548185 -0.560258
34.7 0 0.19081 -0.367706 -0.356286 -0.367273
34.8 0 1.21799 0.0580844 -0.345562 -0.369331
34.9 0 -0.245893 1.05701 -0.0572691 -0.355698
35 0 -1.18744 0.528736 0.367342 -0.0399153
35.1 0 -0.121847 -1.83741 0.64803 -0.0887415
35.2 0 -0.78269 -0.421514 -0.483722 -0.181308
35.3 0 -0.906669 0.270428 -0.674692 -0.0363433
35.4 0 0.285375 -0.736391 -0.654206 0.0138395
35.5 0 0.356938 -0.536118 -0.296799 0.0490436
35.6 0 -0.287381 0.39506 -0.0130806 0.0432916
35.7 0 -0.906057 0.530214 0.0180675 -0.146952
35.8 0 1.29149 -0.786819 0.393552 0.031022
35.9 0 0.384253 0.770042 0.198418 -0.117648
36 0 0.10269 1.55233 0.722165 0.00798558
36.1 0 1.38311 -0.0611825 1.87149 0.379336
36.2 0 1.1272 1.63749 0.699239 0.925136
36.3 0 0.980911 1.52631 0.308945 2.03457
36.4 0 0.231916 -0.427194 1.57966 2.09584
36.5 0 -0.327929 0.433177 0.598254 1.7773
36.6 0 0.776143 0.508974 0.688319 0.758685
36.7 0 0.724247 0.506976 0.263123 0.570806
36.8 0 0.750824 0.801209 -0.0563662 0.5413
36.9 0 0.708674 0.723966 -0.0765605 0.458918
37 0 0.742593 0.230941 0.62965 0.502654
37.1 0 0.558026 0.624741 1.79008 -0.186317
37.2 0 0.507735 1.24792 1.59596 -0.114834
37.3 0 0.633284 1.46325 0.000897155 0.0564678
37.4 0 1.39306 0.170357 -0.583487 0.65223
37.5 0 0.847109 -0.79552 0.249138 0.508202
37.6 0 -2.84579 -0.147112 0.238684 0.0978407
37.7 0 -1.7169 -1.08229 -0.30743 -0.21935
37.8 0 -1.62189 -1.0686 -0.898516 -0.786208
37.9 0 -1.43251 -0.820896 -0.871861 -0.699821
38 0 0.581776 -2.95811 -0.919897 -0.860897
38.1 0 -0.468125 -1.99728 -1.61126 -1.10702
38.2 0 -2.89058 1.85691 -3.38209 -1.31247
38.3 0 1.64037 -1.42747 -1.46997 -1.11426
38.4 0 0.491617 -1.52062 -0.209451 -1.18922
38.5 0 -0.689305 -0.396293 0.649022 -2.04468
38.6 0 -0.738957 0.259765 0.444134 -1.79429
38.7 0 -0.712532 1.15152 -0.604872 -0.143831
38.8 0 0.206428 0.330289 0.048151 0.146583
38.9 0 0.701726 0.136675 0.257741 0.350766
39 0 0.755683 -0.000273926 0.272251 0.360458
39.1 0 0.39212 0.270255 0.269994 0.360442
39.2 0 0.192722 0.549381 0.354466 0.445059
39.3 0 -0.0222458 0.493167 -0.0358029 0.677783
39.4 0 0.225201 0.0652766 -0.361505 1.11791
39.5 0 0.000874038 -0.696294 0.864672 0.654626
39.6 0 -0.478685 -0.814184 1.33533 0.0381558
39.7 0 -0.645725 1.33999 -0.141632 0.620619
39.8 0 0.284986 0.705525 -0.187851 0.594688
39.9 0 0.748362 -0.155289 0.250678 0.0558972
40 0 0.628193 -0.477642 0.222722 -0.239093
40.1 0 -0.341505 -0.351259 -0.411284 -0.672293
40.2 0 -0.542187 0.00516926 -0.536708 -0.582733
40.3 0 -0.396926 0.0657457 -0.358851 -0.445738
40.4 0 0.059912 -0.233025 -0.15812 -0.290345
40.5 0 0.328143 -0.301539 -0.0226652 -0.0604815
40.6 0 0.222183 -0.0190013 -0.000542642 0.180909
40.7 0 0.0230373 0.314337 -0.0453874 0.514042
40.8 0 -0.115631 0.407329 0.462624 0.272487
40.9 0 -0.168748 -0.0233297 0.677723 0.112506
41 0 0.123911 -0.0844427 -0.175011 0.261371
41.1 0 0.0209084 -0.135644 -0.411051 0.0536464
41.2 0 -0.264022 -0.308582 -0.339867 -0.504107
41.3 0 -0.390709 -0.407469 -0.359856 -0.729814
41.4 0 0.126019 -0.287173 -0.445229 -0.825255
41.5 0 -0.422486 -0.0113243 -0.300445 -0.6339
41.6 0 -0.271876 -0.152354 -0.202775 0.0060808
41.7 0 -0.213386 -0.294165 -0.0756921 0.145737
41.8 0 -0.261198 -0.323249 0.0576045 0.149965
41.9 0 -0.222196 -0.0789926 0.101827 0.237463
42 0 -0.29031 0.124351 -0.338163 0.104374
42.1 0 0.15601 -0.448032 -0.251495 -0.0617569
42.2 0 -0.29818 -0.154668 -0.233802 -0.14921
42.3 0 -0.245872 -0.0141977 0.0512857 -0.195501
42.4 0 0.225351 0.123457 0.37992 -0.0270574
42.5 0 0.313425 0.206208 0.222569 0.0127978
42.6 0 0.197036 0.379415 0.0663661 0.0940849
42.7 0 0.115345 0.0250402 -0.153668 -0.0340987
42.8 0 0.156676 0.0358542 0.0411959 0.0974879
42.9 0 0.0542186 0.0072826 0.155815 0.117109
43 0 0.0665085 0.110582 0.255428 0.216875
43.1 0 0.223488 0.539235 0.519195 0.492054
43.2 0 0.625037 0.42348 0.439759 0.555003
43.3 0 0.567345 0.418055 0.334184 0.487279
43.4 0 0.300387 0.555576 0.540496 0.433279
43.5 0 0.144588 0.283816 0.549863 0.472461
43.6 0 0.364061 -0.0146966 0.239312 0.42556
43.7 0 0.184215 0.163818 0.0482803 0.344148
43.8 0 0.030608 0.377046 0.0217122 0.239965
43.9 0 0.40294 0.350877 0.349861 0.231616
44 0 0.394784 0.30526 0.735275 -0.240173
44.1 0 0.545387 0.537755 0.355701 0.377432
44.2 0 0.579901 0.641131 0.187579 0.606708
44.3 0 0.515158 0.414401 0.315803 0.589845
44.4 0 0.208434 0.11443 0.32709 0.294571
44.5 0 0.0616517 0.141595 0.417067 0.225496
44.6 0 0.0130272 0.223733 0.2352 0.173217
44.7 0 0.0160781 0.138125 0.106747 0.144993
44.8 0 0.0762652 0.0767373 0.0547093 0.140493
44.9 0 0.0780293 0.115088 0.0600639 0.10669
45 0 -1.01514 -0.368346 0.0236223 0.00881581
45.1 0 -0.473341 -0.207457 -0.0580959 -0.0125529
45.2 0 0.00259026 -0.342068 -0.162528 -0.0199321
45.3 0 0.156933 -0.106786 -0.199445 -0.0322784
45.4 0 -0.311995 -0.222427 -0.217219 -0.223136
45.5 0 -0.774641 -0.539455 -0.420952 -0.404045
45.6 0 -0.12156 -1.19131 -0.335738 -0.280071
45.7 0 -0.464773 -1.10211 -0.490328 -0.360735
45.8 0 -1.41851 0.327072 -1.42554 -0.525385
45.9 0 0.649864 -0.0237568 -1.59788 -0.33517
46 0 0.566675 -1.51993 -0.0982326 -0.507704
46.1 0 -1.62763 0.267708 0.0456888 -0.771369
46.2 0 0.0648653 0.706748 0.194437 -1.33713
46.3 0 0.360129 -0.139623 0.463851 -1.32801
46.4 0 0.497554 -0.223765 -0.597917 -0.235779
46.5 0 0.00946456 -0.0705899 -0.244052 -0.188893
46.6 0 -0.123474 -0.1085 -0.312621 -0.233503
46.7 0 -0.244547 -0.156489 -0.36343 -0.276274
46.8 0 -0.263334 -0.139915 -0.315553 -0.235597
46.9 0 -0.375538 -0.25896 -0.37131 -0.310741
47 0 0.019446 0.0950321 0.0677736 0.101815
47.1 0 -0.681339 -0.665524 -0.601602 -0.595064
47.2 0 -0.443658 -0.490527 -0.359631 -0.349242
47.3 0 -0.232182 -0.34801 -0.429002 0.166238
47.4 0 -0.370592 -0.755217 -0.64374 0.390385
47.5 0 0.0168535 -0.842728 0.306959 -0.282537
47.6 0 1.06536 0.0411417 -0.0421629 -0.447662
47.7 0 -1.27162 1.85917 0.0692761 -0.159142
47.8 0 -0.689474 0.297818 0.67322 0.217976
47.9 0 0.947023 -1.67885 1.15678 0.418946
48 0 0.437498 0.171357 -0.460495 0.360027
48.1 0 -0.0671776 1.67804 -0.781903 0.592198
48.2 0 0.209132 0.34006 0.184606 0.324226
48.3 0 0.661302 -0.783305 0.611212 0.212828
48.4 0 -0.232596 -0.0460587 0.830607 0.217061
48.5 0 -1.16366 1.05908 -0.222947 -0.0506122
48.6 0 0.810943 -0.529382 0.0865162 0.184465
48.7 0 0.842478 -0.528168 -0.0431817 0.146356
48.8 0 -0.0452688 0.577794 0.0678573 0.199193
48.9 0 -0.569827 1.37192 0.2794 0.291497
49 0 1.54777 -0.503769 0.778806 0.433787
49.1 0 0.643404 0.0411259 0.477323 0.198936
49.2 0 -0.737517 2.24344 0.345848 0.463314
49.3 0 1.36641 -0.797063 1.25808 0.63147
49.4 0 0.145741 -0.0497147 0.0759874 0.462847
49.5 0 -0.562614 0.858081 0.0889402 0.554466
49.6 0 0.467313 0.238012 0.12904 0.686165
49.7 0 0.637998 0.0869638 0.239503 0.518817
49.8 0 0.675475 0.216875 0.263001 0.558297
49.9 0 0.259526 0.602315 0.220294 0.506655
50 0 0.0142066 0.424179 0.266618 0.350753
50.1 0 0.32912 0.049641 0.448563 0.32601
50.2 0 0.164157 0.0346377 0.840405 -0.512386
50.3 0 0.0971167 0.406914 0.404437 -0.515072
50.4 0 0.266664 1.04256 -0.897006 0.271934
50.5 0 0.988284 -0.147542 0.26714 0.533385
50.6 0 0.654586 -0.18271 0.86673 0.355411
50.7 0 -1.25282 0.646426 0.687877 0.439043
50.8 0 -0.949266 -0.00539354 -0.0625821 0.566323
50.9 0 -0.217059 -0.417278 -0.208281 0.0731464
51 0 0.0925827 -0.39256 -0.12399 -0.141468
51.1 0 -0.510443 -0.498438 -0.334511 -0.38808
51.2 0 -0.0891441 -1.67064 -0.54856 -0.540536
51.3 0 -0.856282 -1.10435 -0.620815 -0.506553
51.4 0 -1.58764 0.32464 -1.41299 -0.503398
51.5 0 0.0491406 -0.400664 -2.11731 -0.519814
51.6 0 0.832328 -1.70003 -1.00466 -0.572345
51.7 0 -1.76769 0.24434 0.513665 -1.19904
51.8 0 0.108366 0.676065 0.564624 -1.82504
51.9 0 1.2701 -0.246883 -0.384043 -1.1747
52 0 -0.0725374 0.0385783 -0.497971 -0.2992
52.1 0 -0.31002 -0.290297 -0.410301 -0.416285
52.2 0 -0.499173 -0.427046 -0.528017 -0.538381
52.3 0 -0.596118 -0.494333 -0.559504 -0.57917
52.4 0 -0.582458 -0.484996 -0.500071 -0.531321
52.5 0 -0.443299 -0.37825 -0.335935 -0.377752
52.6 0 -0.486547 -0.469825 -0.372909 -0.420852
52.7 0 -0.528712 -0.56265 -0.42458 -0.471319
52.8 0 -0.461505 -0.536203 -0.379054 -0.415538
52.9 0 0.936107 -0.443252 -0.393459 -0.217426
53 0 1.36618 -0.0936611 -0.83951 0.444075
53.1 0 -1.34935 1.5984 0.38358 0.548193
53.2 0 -1.71977 0.513777 1.9089 0.573692
53.3 0 1.01732 -2.13253 1.9878 0.755922
53.4 0 0.564008 0.564704 -0.551949 0.64495
53.5 0 0.0634258 2.35917 -1.5945 0.700982
53.6 0 1.03196 0.22297 0.106093 0.459529
53.7 0 0.896546 -0.831989 0.758927 0.230997
53.8 0 -0.424833 0.0944693 1.40253 0.284128
53.9 0 -1.03747 1.91897 0.551013 0.396438
54 0 1.21425 -0.408093 0.34314 0.396138
54.1 0 1.46161 -0.355415 0.31999 0.490468
54.2 0 0.622296 0.746834 0.296937 0.559822
54.3 0 -1.25625 1.58689 0.044475 0.342383
54.4 0 0.440102 -0.470096 0.510522 0.246069
54.5 0 0.752471 -0.642544 0.652044 0.23112
54.6 0 0.500319 0.414811 0.279657 0.410259
54.7 0 0.0458914 1.19413 -0.263576 0.27698
54.8 0 0.625952 0.61787 0.444863 0.170893
54.9 0 0.833373 0.290213 1.06638 0.157499
55 0 0.729419 0.493217 0.52902 0.679565
55.1 0 0.312913 0.625348 0.188355 0.673357
55.2 0 0.0124641 0.33902 0.0761842 0.462605
55.3 0 0.128934 -0.131573 0.300783 0.265567
55.4 0 0.0185029 -0.193885 0.330577 0.106657
55.5 0 -0.269214 0.110707 0.143011 -0.00583348
55.6 0 -1.85953 0.0242606 -0.344049 -0.154734
55.7 0 -0.698046 -0.802972 -0.533855 -0.371043
55.8 0 -0.240587 -0.9806 -0.494209 -0.497925
55.9 0 -0.149131 -0.825178 -0.711521 -0.630463
56 0 0.292843 -1.04642 -0.620691 -0.629724
56.1 0 -0.845195 0.0587035 -0.719519 -0.672111
56.2 0 -0.797546 -0.0227937 -0.769954 -0.703474
56.3 0 0.262719 -0.366733 -0.709485 -0.672154
56.4 0 0.299671 -0.843695 -0.321665 -0.680915
56.5 0 -0.261602 -0.240853 -0.289497 -0.637988
56.6 0 -0.283262 -0.0763061 -0.342233 -0.445212
56.7 0 -0.274838 0.0173037 -0.247985 -0.358525
56.8 0 -0.316814 -0.0203186 -0.239212 -0.359713
56.9 0 -0.300954 -0.0849068 -0.198114 -0.338385
57 0 -0.0599283 -0.329431 -0.136757 -0.292897
57.1 0 0.0722584 -0.226582 -0.305581 -0.107982
57.2 0 0.872116 -0.498 -0.61251 0.311082
57.3 0 0.786717 -0.1828 0.0767504 0.084697
57.4 0 -1.58627 1.54562 1.08399 0.0392874
57.5 0 -0.868752 0.870364 1.06544 0.514256
57.6 0 1.3577 -1.53194 1.13065 0.653305
57.7 0 0.864857 0.296267 -0.152544 0.714073
57.8 0 0.199475 1.8389 -1.11504 0.692484
57.9 0 0.00704494 0.467555 0.321669 0.489905
58 0 0.542206 -0.68451 0.892804 0.436072
58.1 0 0.159874 -0.353069 0.893829 0.396195
58.2 0 -0.455245 0.806655 0.24331 0.350249
58.3 0 0.023978 0.492871 0.0242172 0.32022
58.4 0 0.375947 0.124709 0.0351358 0.228473
58.5 0 0.283875 -0.0415605 0.248684 -0.0279679
58.6 0 0.115723 -0.0750075 0.467438 -0.458517
58.7 0 -0.689128 0.24004 -0.590043 -0.17184
58.8 0 -0.24077 -0.345419 -0.641251 -0.118228
58.9 0 -0.0712023 -0.76759 -0.175506 -0.364873
59 0 -0.0851217 -0.667624 -0.187653 -0.430985
59.1 0 -0.507496 -0.00128906 -0.364758 -0.433063
59.2 0 -0.154096 0.136631 -0.475493 -0.409412
59.3 0 0.121579 -0.129458 -0.317399 -0.386578
59.4 0 0.235265 -0.27089 -0.193727 -0.328646
59.5 0 0.0572746 -0.166639 -0.103014 -0.252434
59.6 0 -0.189273 0.0119169 -0.0729671 -0.139289
59.7 0 -0.240308 0.113779 -0.203516 0.251398
59.8 0 0.0722624 -0.172713 0.442454 0.344962
59.9 0 -0.047301 0.177296 0.484667 0.334272
60 0 0.0340379 0.559918 0.109352 0.339357
