0.1 0 -0.0121245 -0.0177718 -0.0203227 -0.0213043
0.2 0 0.00337281 -0.00270316 -0.00856359 -0.0117085
0.3 0 0.00668922 0.0148015 0.0171229 0.0169303
0.4 0 -0.000887884 0.00619655 0.0174641 0.0246394
0.5 0 0.00628544 0.00411162 0.00330339 0.00490016
0.6 0 -0.00106808 -0.00109643 -0.00948162 -0.0178078
0.7 0 0.0553242 0.0794402 0.0945707 0.101161
0.8 0 -0.147201 -0.177811 -0.173148 -0.161943
0.9 0 0.0957359 0.0375267 -0.0201204 -0.0516381
1 0 0.00691404 0.0788583 0.0814955 0.0633695
1.1 0 -0.0260353 0.00233176 0.100367 0.168804
1.2 0 -0.00342029 -0.0606908 -0.0948964 -0.0885828
1.3 0 0.0572753 0.0777801 -0.0131114 -0.110995
1.4 0 0.0228696 0.0590224 0.146653 0.198086
1.5 0 -0.106448 -0.108646 -0.0400715 0.0589423
1.6 0 0.358554 0.457294 0.406861 0.315014
1.7 0 -0.744028 -0.934767 -0.989798 -1.02048
1.8 0 0.243826 -0.127244 -0.334708 -0.352292
1.9 0 0.377751 0.849861 0.882573 0.763761
2 0 0.128754 0.583992 1.17292 1.49214
2.1 0 -0.269 -0.620306 -0.607985 -0.369482
2.2 0 0.903029 0.877911 0.482015 0.108325
2.3 0 -1.20129 -1.04965 -1.31014 -1.65692
2.4 0 -0.416184 -1.20646 -0.923471 -0.464182
2.5 0 -0.343497 -0.452022 -0.809833 -0.926233
2.6 0 1.89272 2.58455 2.40713 1.83648
2.7 0 -3.29038 -3.48184 -3.02484 -2.62197
2.8 0 2.70312 1.95429 2.16603 2.70775
2.9 0 0.251578 0.749822 0.450345 -0.0785421
3 0 -0.961967 0.731776 0.618131 0.436221
3.1 0 1.03171 -0.921853 0.165572 0.997532
3.2 0 -0.871321 -0.313144 -1.24332 -1.23962
3.3 0 0.60446 1.58932 1.23204 0.0986437
3.4 0 1.90669 1.33487 2.05454 2.22295
3.5 0 -2.39198 -2.30335 -1.97517 -0.423822
3.6 0 -1.46872 -1.76769 -1.90929 -2.47863
3.7 0 2.13207 0.865939 -0.172656 -1.26991
3.8 0 -1.3342 -0.604142 -1.28288 -1.5781
3.9 0 -1.21554 -1.29296 -0.0321954 0.330675
4 0 1.51305 1.17001 1.05529 1.94633
4.1 0 -0.611167 0.237171 0.207234 -0.0791441
4.2 0 -2.56392 -1.82745 -1.57886 -2.18343
4.3 0 3.40424 2.04387 2.14137 3.11006
4.4 0 4.96539 5.66508 5.24187 4.94847
4.5 0 -3.88731 -2.52218 -1.8335 -2.53576
4.6 0 5.33102 4.93571 4.74468 5.86975
4.7 0 -1.03791 -0.975766 0.569245 1.15303
4.8 0 -4.55213 -4.55606 -5.13914 -5.63685
4.9 0 2.77542 2.23234 1.67644 1.1579
5 0 2.95051 2.4448 1.92512 1.44077
5.1 0 -4.56894 -5.03877 -5.96989 -5.53151
5.2 0 2.28298 2.49576 3.31461 2.94224
5.3 0 -4.07996 -3.40395 -2.98595 -2.68743
5.4 0 -4.83545 -5.69435 -6.37022 -5.91695
5.5 0 0.707558 0.0912909 -0.304232 -1.47003
5.6 0 1.52554 1.4831 1.32705 1.26904
5.7 0 -5.7751 -5.22798 -5.79031 -5.50415
5.8 0 -0.264955 0.0489444 -0.0145308 0.297495
5.9 0 -2.8066 -6.10462 -4.65358 -5.03407
6 0 8.31402 9.91991 9.16291 9.38547
6.1 0 6.83856 7.69711 7.83879 8.27261
6.2 0 -7.73005 -7.19667 -6.41738 -6.49672
6.3 0 0.167487 1.07572 1.23377 1.06729
6.4 0 5.41216 5.32138 4.66643 5.05867
6.5 0 0.886264 0.329202 0.903071 0.500492
6.6 0 -5.51579 -4.71584 -4.84877 -4.73152
6.7 0 2.92491 1.04439 0.302376 0.431837
6.8 0 7.39255 9.87535 10.4397 9.82268
6.9 0 -2.83375 -3.46624 -2.5895 -1.68802
7 0 -1.64075 -1.25267 -1.5435 -1.45322
7.1 0 0.804084 1.29808 0.926054 0.641125
7.2 0 -5.84371 -5.34506 -5.81692 -6.38879
7.3 0 -1.48477 -2.81402 -2.5524 -2.44201
7.4 0 2.68938 0.73131 1.00323 1.5232
7.5 0 1.32827 1.44563 0.83465 0.792945
7.6 0 3.73892 4.74054 4.60214 3.89565
7.7 0 -1.51801 -0.749068 -0.749573 -0.753344
7.8 0 2.08867 1.88798 2.32909 3.00806
7.9 0 -1.09137 -1.3599 -0.706998 -0.629104
8 0 -1.28368 0.399666 0.459332 0.420814
8.1 0 0.620805 0.839469 1.06031 1.08157
8.2 0 5.10898 4.11587 4.33693 4.3975
8.3 0 1.21505 -1.26325 -0.656818 -0.52357
8.4 0 -5.13971 -2.26471 -4.94246 -4.39764
8.5 0 -6.51843 -6.65641 -5.92219 -7.36433
8.6 0 -0.363058 -4.99039 -3.82389 -4.16287
8.7 0 -0.477754 1.30188 -1.36335 -0.295386
8.8 0 -1.92156 0.613746 -0.516326 -0.73633
8.9 0 -1.61857 -2.0867 0.482905 -1.15589
9 0 1.20785 -0.349438 1.97082 2.10277
9.1 0 5.41493 6.52069 3.7869 7.501
9.2 0 2.01593 2.16579 1.86288 0.888742
9.3 0 -2.11156 -2.21995 -0.277863 -2.97086
9.4 0 0.235689 0.535006 0.296606 0.0969906
9.5 0 3.61718 3.82502 2.21518 4.70601
9.6 0 0.420232 0.0317672 0.730957 0.914264
9.7 0 -4.78966 -5.24926 -3.80618 -4.99165
9.8 0 -0.809339 -0.225386 -0.442502 -0.903777
9.9 0 -0.942677 -0.759345 -1.84992 -1.20247
10 0 -0.757911 -1.33812 -2.12394 -1.68011
10.1 0 0.623204 -1.39367 -1.28986 -1.85901
10.2 0 -0.538596 -0.112167 -0.686123 -1.41941
10.3 0 1.09461 1.45629 2.07147 1.38453
10.4 0 0.897429 0.280618 1.48746 2.95744
10.5 0 0.428148 2.68857 2.06769 3.5246
10.6 0 2.17997 3.68993 4.04674 2.73632
10.7 0 3.7439 3.77385 4.26861 3.10511
10.8 0 0.878188 0.685783 0.157583 0.93902
10.9 0 -0.64628 -1.43005 -1.83952 -0.690247
11 0 -3.82768 -4.52021 -3.46683 -3.72008
11.1 0 -0.456384 -0.658399 -0.401448 -0.854656
11.2 0 0.134825 0.327702 -0.119022 -0.37125
11.3 0 -0.959206 -0.770591 -1.37847 -1.4866
11.4 0 -1.30132 -1.55277 -2.2343 -1.94292
11.5 0 1.4536 0.609449 1.03305 0.688426
11.6 0 1.66937 2.19956 1.94815 1.82862
11.7 0 -1.94098 -1.42278 -1.49731 -1.5144
11.8 0 0.236925 0.198557 0.549971 0.639378
11.9 0 0.482597 0.114725 0.542541 0.921114
12 0 1.25968 1.29192 1.31231 1.39255
12.1 0 0.562844 0.815718 0.686318 0.66324
12.2 0 -2.87947 -2.71711 -2.79331 -2.92129
12.3 0 -3.2932 -3.70714 -3.69191 -3.83862
12.4 0 0.868112 0.604795 0.404603 0.474488
12.5 0 -1.90947 -1.84443 -1.97475 -2.02112
12.6 0 -0.0755027 -0.220124 -0.257027 -0.352439
12.7 0 2.09438 0.409259 0.20466 0.105398
12.8 0 3.61611 4.07319 3.58732 3.36518
12.9 0 0.967235 1.91129 2.04256 2.08972
13 0 -1.89485 -1.91106 -0.333193 0.0155835
13.1 0 -0.610847 0.588904 0.0805888 0.931087
13.2 0 1.28124 1.60684 1.47859 1.19554
13.3 0 2.51849 2.76453 3.06019 1.87887
13.4 0 -0.53447 0.369013 -0.021093 0.377582
13.5 0 -0.169446 -0.00726875 0.350884 1.14783
13.6 0 -1.91313 -3.57595 -2.87804 -2.60014
13.7 0 -5.38221 -7.73432 -7.07493 -7.25779
13.8 0 -1.72752 -0.752114 -2.56166 -2.91605
13.9 0 2.52488 3.03015 1.29 0.258684
14 0 2.26824 2.6049 1.66545 1.32186
14.1 0 3.17903 1.48686 4.09737 3.58546
14.2 0 3.33421 2.62027 4.69654 5.84679
14.3 0 -3.15797 -0.837017 -3.60382 -0.459246
14.4 0 -3.13251 -0.851932 -1.0629 -2.29406
14.5 0 -0.683151 -1.60944 1.14499 -1.89463
14.6 0 2.9207 2.57953 2.40658 2.25915
14.7 0 0.618507 0.688683 -2.06132 0.561355
14.8 0 1.59792 0.1085 0.234786 0.725275
14.9 0 0.144054 -0.538331 1.1434 -0.600647
15 0 -1.17714 0.537412 0.58844 0.0452282
15.1 0 -2.37716 -0.300633 -1.07515 -0.152987
15.2 0 0.500177 -0.664118 -0.183537 0.832857
15.3 0 0.334609 -1.98148 -1.01199 -1.15298
15.4 0 -1.54772 -1.4001 -1.96997 -2.38972
15.5 0 -0.259696 0.302897 -0.512298 -1.43576
15.6 0 2.36084 1.98165 1.18532 1.20373
15.7 0 0.150942 0.431671 0.0363513 0.035558
15.8 0 -0.958604 -0.325683 0.0680323 -0.0872343
15.9 0 -0.730154 -1.27942 0.316942 0.51707
16 0 -0.415905 -0.158804 -0.291877 0.759611
16.1 0 1.37372 1.51167 0.551187 1.13744
16.2 0 0.098737 -0.337583 0.0289457 -1.02728
16.3 0 -0.930876 -0.566255 -0.293344 -1.47776
16.4 0 0.271785 0.270637 -0.257327 -0.127475
16.5 0 1.34153 0.946365 0.640914 1.6989
16.6 0 -0.732522 -0.358429 0.274785 0.66737
16.7 0 -1.48537 -1.27943 -0.521143 -0.789069
16.8 0 0.959247 0.734975 0.395606 0.161634
16.9 0 0.0789208 -0.454652 -1.18304 -1.30119
17 0 -0.00374494 0.178169 -0.55215 -0.669267
17.1 0 1.27428 1.54885 2.16183 1.71012
17.2 0 0.24114 0.983331 1.79299 1.97378
17.3 0 -0.881865 -1.08715 -0.687749 0.310041
17.4 0 -1.75537 -1.82847 -2.35984 -1.43074
17.5 0 0.133015 -0.408637 -0.294771 -0.97031
17.6 0 0.740722 0.464027 0.625422 -1.07714
17.7 0 0.0640748 -0.140343 -1.45065 -1.11945
17.8 0 0.685583 0.576295 -0.0775395 0.0581947
17.9 0 -0.475275 0.262737 0.588998 0.514477
18 0 -1.06428 -1.33712 0.0292071 -0.0739695
18.1 0 0.678678 0.550345 0.875594 1.63766
18.2 0 -0.44824 -0.0216381 -0.613443 -0.144697
18.3 0 -0.0523954 0.101785 -0.277357 -0.251963
18.4 0 1.49679 1.02384 1.61372 0.624685
18.5 0 1.58789 1.52097 1.45924 1.346
18.6 0 -0.0143375 0.606724 0.130688 0.5964
18.7 0 -0.860529 0.581047 0.701407 1.02395
18.8 0 -0.448369 -1.39483 0.0250128 0.0534298
18.9 0 -2.62719 -3.28266 -3.14668 -3.14826
19 0 -0.322739 -1.06722 -1.68002 -1.5635
19.1 0 1.95429 1.77158 0.0744038 0.115714
19.2 0 1.46279 0.992091 0.775945 -0.44298
19.3 0 -0.798154 1.44785 0.653948 0.217396
19.4 0 -0.71574 -1.18772 0.586 0.578227
19.5 0 0.122209 -1.5068 0.380227 1.49145
19.6 0 -0.472008 0.948434 -0.650205 0.975301
19.7 0 -0.215676 0.26125 -0.698631 -0.85815
19.8 0 0.800685 -0.841028 0.368159 -1.44124
19.9 0 1.26078 1.4729 1.17958 0.485418
20 0 -0.786247 1.00626 0.236114 0.221913
20.1 0 -1.49518 -2.17076 -1.42916 -0.513466
20.2 0 0.403977 -1.4749 -0.892449 0.251579
20.3 0 -0.0971796 0.693651 -0.403791 -0.207697
20.4 0 -0.225649 0.447135 0.522315 -0.960869
20.5 0 1.04898 1.11308 1.67459 0.510118
20.6 0 1.79581 1.63982 1.46177 2.14226
20.7 0 0.972891 1.38937 0.92567 2.47138
20.8 0 -1.45985 -0.232275 0.515736 0.513829
20.9 0 -1.23397 -2.14555 -0.913922 -1.05921
21 0 -0.797095 -1.36623 -1.38477 -1.58686
21.1 0 -0.914572 -1.29501 -2.14983 -2.15934
21.2 0 -0.313029 0.147905 -1.78356 -1.97041
21.3 0 0.682827 -0.241353 0.186148 -0.996771
21.4 0 1.44023 -0.0563922 -0.0873478 -0.121671
21.5 0 -0.0051545 0.885754 0.064579 0.787442
21.6 0 0.158422 0.728844 2.32731 1.93243
21.7 0 -0.316465 0.263916 1.65688 2.24739
21.8 0 -0.417692 1.13802 -0.0918149 1.24346
21.9 0 -0.569646 -0.0246991 -0.36575 -0.430252
22 0 0.549455 -0.580641 0.44548 -1.02804
22.1 0 1.91174 -0.240423 -0.096358 -0.443124
22.2 0 -0.150503 1.26259 -0.57627 0.0181984
22.3 0 -0.902429 0.400996 0.0647472 0.348684
22.4 0 -0.555874 -1.95392 0.479493 -0.166458
22.5 0 -0.346384 -0.801462 -0.700995 0.0388476
22.6 0 -0.170633 0.504367 -0.539157 -0.209128
22.7 0 -0.313579 0.0561629 -0.78574 -0.921498
22.8 0 -0.0793279 -1.07103 -0.628797 -1.51602
22.9 0 0.596526 -0.739612 -0.663719 -1.02404
23 0 0.482164 1.60314 0.479484 0.486338
23.1 0 0.0327389 0.674131 0.935722 1.15685
23.2 0 0.176116 0.0250038 1.76071 1.78117
23.3 0 0.331936 0.947469 0.469724 1.93076
23.4 0 -0.824782 0.0940466 0.0703163 0.10301
23.5 0 -0.00457767 -0.457411 0.412667 -0.632284
23.6 0 0.195468 -1.1335 -1.2892 -1.491
23.7 0 0.73428 0.757441 -0.536903 0.00742007
23.8 0 0.0215055 0.483747 -0.00692074 -0.105801
23.9 0 -0.951639 -0.744897 -0.443737 -0.988334
24 0 -0.788783 -1.12337 -0.456502 -0.797733
24.1 0 0.0531493 -0.349707 -0.293739 0.379422
24.2 0 0.701636 0.477417 -0.204461 0.480238
24.3 0 0.095622 0.512211 0.755629 -0.20988
24.4 0 0.0524529 0.318731 0.779148 0.17929
24.5 0 -0.409189 -0.16234 -0.51671 0.120808
24.6 0 0.118919 -0.240715 -0.197974 0.472133
24.7 0 0.131115 -0.206681 0.133513 0.0896108
24.8 0 0.601574 0.921417 0.482407 0.470787
24.9 0 0.385429 0.824537 1.01859 0.20673
25 0 0.33595 0.5744 0.666296 0.776798
25.1 0 -0.243996 0.334111 0.254899 0.901829
25.2 0 -0.184044 -1.00057 -0.469016 -0.0792514
25.3 0 -0.677754 -1.16793 -0.849342 -1.18083
25.4 0 -0.654728 -0.553294 -0.877193 -1.2028
25.5 0 -0.13051 0.129228 -0.646094 -0.843088
25.6 0 0.390465 -0.0798695 -0.269642 -0.281068
25.7 0 0.00143392 -0.104721 -0.296393 -0.358194
25.8 0 0.0715299 -0.180627 -0.0999792 -0.216945
25.9 0 -0.257435 -0.0578146 -0.111129 -0.179905
26 0 0.126331 0.144056 0.603983 0.711682
26.1 0 0.48356 0.630639 0.939315 1.1967
26.2 0 -0.110979 0.398126 0.138141 0.569276
26.3 0 0.13477 0.173872 0.291104 0.202754
26.4 0 0.0991149 0.0770252 0.327445 -0.104358
26.5 0 0.350855 0.384994 0.175659 0.196614
26.6 0 0.478144 0.501527 0.276071 0.593485
26.7 0 -0.613476 -0.72588 -0.29415 -0.380925
26.8 0 -1.06238 -1.30304 -1.17218 -1.28984
26.9 0 -0.163775 -0.280762 -0.61526 -0.57677
27 0 0.780486 0.748803 0.0327868 0.0116419
27.1 0 0.389069 0.250241 0.344474 -0.0794811
27.2 0 -0.402211 -0.137948 0.422704 0.390469
27.3 0 -0.260607 0.0252537 0.351693 0.664005
27.4 0 0.422074 0.332946 -0.00562098 0.752821
27.5 0 0.172313 -0.0510536 -0.0749964 -0.0975637
27.6 0 0.189414 0.452368 0.729399 -0.146114
27.7 0 -0.209844 0.154206 0.00738315 -0.149996
27.8 0 -0.29888 -0.673089 -0.952562 -0.360202
27.9 0 0.0199045 -0.582567 -0.336866 -0.240544
28 0 0.0451686 0.164472 0.153785 -0.0993503
28.1 0 -0.231012 0.481806 0.165221 -0.087046
28.2 0 -0.123203 -0.397038 -0.152945 -0.181341
28.3 0 0.240175 -0.48517 -0.387866 0.0603749
28.4 0 -0.142841 0.168825 -0.17553 -0.177772
28.5 0 -0.228951 0.220813 0.192253 -0.33914
28.6 0 0.1986 0.0326 0.341974 0.338282
28.7 0 0.292654 0.111883 0.23235 0.53661
28.8 0 0.376682 0.597826 0.213924 0.710665
28.9 0 0.0620773 0.140285 0.494634 0.248374
29 0 -0.0835177 0.225737 0.423158 -0.0266255
29.1 0 -0.293439 -0.308412 -0.503076 -0.165808
29.2 0 -0.386717 -0.933481 -1.06155 -0.778561
29.3 0 0.306303 0.0463297 -0.083413 -0.331984
29.4 0 0.18204 0.530495 0.522832 -0.032185
29.5 0 -0.429285 -0.0882594 -0.0638459 -0.0909373
29.6 0 -0.12241 -0.627462 -0.490207 0.117638
29.7 0 0.148611 -0.181231 -0.202583 0.0521492
29.8 0 0.053966 0.480551 0.400914 -0.0692021
29.9 0 0.327161 0.700298 0.683797 0.347863
30 0 0.336218 0.304466 0.382178 0.611184
30.1 0 -0.0896836 -0.0705692 0.0738299 0.475939
30.2 0 -0.270338 -0.215735 -0.111701 0.212273
30.3 0 0.030349 -0.141142 0.0270658 -0.343507
30.4 0 0.0821525 -0.0923773 -0.167012 -0.465019
30.5 0 -0.21767 -0.184833 -0.616587 -0.548253
30.6 0 -0.388177 -0.360916 -0.551918 -0.550998
30.7 0 0.0491518 -0.0102512 -0.0133827 -0.0922154
30.8 0 -0.0604891 -0.22117 -0.107783 -0.210899
30.9 0 0.120475 -0.104138 -7.0981e-05 0.151793
31 0 0.0597094 0.308355 0.199881 0.358455
31.1 0 0.0841997 0.251951 0.475897 0.325169
31.2 0 -0.223667 -0.0805027 -0.00175088 0.0286853
31.3 0 0.273264 0.283457 0.0429595 0.24137
31.4 0 0.208004 0.00759287 0.19398 -0.0488963
31.5 0 0.231522 0.283376 0.247593 0.207815
31.6 0 0.33036 0.471033 0.328613 0.531701
31.7 0 -0.266219 0.179821 0.483129 0.486189
31.8 0 -0.0518749 -0.313127 0.00629291 0.0750508
31.9 0 -0.381696 -0.63248 -0.72015 -0.712244
32 0 -0.310957 -0.443969 -0.753592 -0.743326
32.1 0 0.126438 0.188854 -0.245091 -0.344693
32.2 0 -0.0947717 -0.123545 -0.0633559 -0.459676
32.3 0 -0.210655 -0.410006 -0.328691 -0.379008
32.4 0 0.0827615 -0.327852 -0.510357 -0.0424988
32.5 0 0.242218 0.459751 0.519977 0.483831
32.6 0 0.0860711 0.310216 0.782684 0.46966
32.7 0 -0.0423054 0.418854 0.330331 0.508117
32.8 0 0.370175 0.491693 0.241147 0.639785
32.9 0 0.205063 0.0824491 0.399857 0.13072
33 0 -0.00148471 -0.00239896 0.290204 0.0627741
33.1 0 -0.256507 -0.160906 -0.489252 -0.0585787
33.2 0 0.0389048 -0.30173 -0.353212 -0.334419
33.3 0 -0.292518 -0.543116 -0.527792 -0.722622
33.4 0 -0.351163 -0.0122696 -0.287485 -0.538072
33.5 0 -0.229088 -0.255671 -0.256719 -0.36832
33.6 0 0.154974 -0.515737 -0.381263 -0.291781
33.7 0 0.225436 0.2464 -0.0118361 0.275023
33.8 0 0.207576 0.459653 0.67239 0.551623
33.9 0 -0.0609574 0.316657 0.511889 0.401943
34 0 -0.154435 0.106116 0.0606776 0.218931
34.1 0 0.129958 0.0578124 -0.00513432 0.128966
34.2 0 0.388556 0.129819 0.286894 0.125321
34.3 0 0.342301 0.34585 0.297166 0.214246
34.4 0 0.144912 0.390039 0.15182 0.297814
34.5 0 -0.439163 0.168359 0.442669 0.421669
34.6 0 -0.399006 -1.11865 -0.54449 -0.443848
34.7 0 0.270979 -0.110753 -0.288 -0.164678
34.8 0 0.148592 0.623899 -0.0693194 -0.0596514
34.9 0 -0.267912 -0.405468 -0.469221 -0.762757
35 0 -0.262626 -0.608012 -0.345196 -0.620742
35.1 0 -0.231519 -0.0276995 -0.198614 -0.193324
35.2 0 -0.17745 -0.00951768 -0.272749 0.0216141
35.3 0 0.27862 -0.155644 -0.000382132 0.133287
35.4 0 0.308465 0.0581761 0.476631 0.108832
35.5 0 -0.279638 0.199872 -0.0954041 0.0276434
35.6 0 0.0781118 0.406973 0.27632 0.51081
35.7 0 0.294959 0.0207463 0.557755 0.364487
35.8 0 -0.00137121 0.159322 -0.104381 0.0255114
35.9 0 0.0757715 0.22202 0.0115109 0.0407189
36 0 0.11818 -0.145956 0.169803 -0.0574494
36.1 0 0.168671 0.190834 0.243015 0.36953
36.2 0 -0.331452 0.0634123 -0.0834178 0.159843
36.3 0 -0.123159 -0.276818 -0.0537513 -0.162521
36.4 0 0.0258611 -0.371286 -0.339378 -0.456173
36.5 0 -0.0348222 0.0272243 -0.285801 -0.32831
36.6 0 -0.0668061 0.0988337 -0.165588 -0.182467
36.7 0 -0.0808992 -0.256193 -0.198057 -0.263169
36.8 0 0.0852225 -0.202373 0.134507 0.119906
36.9 0 -0.0869531 0.219588 0.0793136 0.294608
37 0 -0.111447 0.137018 0.0613183 0.0177204
37.1 0 0.414839 0.0754939 0.31527 0.150056
37.2 0 0.0881349 0.191355 0.0224755 0.161324
37.3 0 -0.304233 -0.0224103 -0.0375364 0.0227235
37.4 0 0.0655887 -0.085407 0.178029 0.0859292
37.5 0 0.0516858 -0.0889144 -0.270877 -0.16363
37.6 0 0.0633857 0.158793 -0.0333568 -0.0911138
37.7 0 -0.0265904 -0.00954204 0.173416 -0.0223813
37.8 0 -0.105876 -0.135763 -0.023708 0.102298
37.9 0 -0.0068769 0.00542704 -0.135827 0.133462
38 0 0.118255 0.101158 0.151438 -0.0353718
38.1 0 0.0182336 0.0622868 0.110788 -0.130182
38.2 0 -0.00676209 0.0416671 -0.104378 0.103929
38.3 0 -0.0216729 -0.119355 -0.0370274 0.115787
38.4 0 -0.122841 -0.147603 0.0194009 -0.138911
38.5 0 -0.0983477 -0.0256148 -0.183738 -0.254525
38.6 0 0.120499 0.0108288 -0.213817 -0.127388
38.7 0 0.0442978 -0.0743532 0.0418989 -0.0555513
38.8 0 -0.133636 -0.0289853 0.0960342 0.0592537
38.9 0 -0.0777486 0.0564842 -0.0139233 0.158
39 0 0.169428 0.0549359 0.0876439 0.0908428
39.1 0 0.15291 0.115871 0.14735 0.0277895
39.2 0 -0.050436 0.166606 0.0801267 0.0871958
39.3 0 -0.0160255 -0.036602 0.0498689 0.141168
39.4 0 0.0304266 -0.0663505 -0.0101583 0.0530158
39.5 0 -0.0246457 -0.00100124 -0.0084952 -0.0820337
39.6 0 -0.0406283 0.028875 -0.0591872 -0.133169
39.7 0 0.0155196 -0.0791903 -0.115152 -0.0700317
39.8 0 -0.0272833 -0.137149 -0.0600185 -0.0507893
39.9 0 -0.128794 0.0145685 -0.040979 -0.058541
40 0 0.0150797 -0.00944621 -0.0240876 -0.0416841
