0.1 -7.10215e-06 -3.30799e-06 -1.49422e-06 -5.74995e-07
0.2 -1.57276e-05 -1.18048e-05 -7.15744e-06 -3.27545e-06
0.3 -3.29394e-05 -2.35809e-05 -1.59877e-05 -8.08749e-06
0.4 -9.39624e-05 -5.84296e-05 -3.43656e-05 -1.62127e-05
0.5 -5.12046e-05 -7.1096e-05 -5.43718e-05 -2.78283e-05
0.6 0.000180791 8.17109e-05 1.94349e-05 -1.19052e-06
0.7 0.000386042 0.000329261 0.00022497 0.000109316
0.8 -6.40215e-05 0.000168987 0.000225771 0.000149126
0.9 -0.00117891 -0.000762234 -0.000413426 -0.00016951
1 -0.00126078 -0.00142782 -0.00116039 -0.000639333
1.1 -5.1399e-05 -0.000410958 -0.000590462 -0.000413247
1.2 0.00167693 0.00153571 0.00119645 0.000641049
1.3 0.0042712 0.00297625 0.00226582 0.00127147
1.4 0.00401079 0.00300367 0.00196798 0.000939691
1.5 -0.000503322 0.000163235 0.000457242 0.000282552
1.6 -0.00259237 -0.00306408 -0.00211883 -0.000940649
1.7 -0.00149687 -0.00211417 -0.00244564 -0.00203526
1.8 -0.000198183 0.000553661 0.000623709 -0.000317039
1.9 0.00186758 0.00157289 0.00195959 0.00242898
2 0.00231654 0.00163845 0.00075042 0.00121721
2.1 0.000295584 8.61405e-05 -7.64616e-05 -0.000989005
2.2 -0.00138426 -0.00168861 -0.00100505 -0.000288587
2.3 -0.00119452 -0.0010963 -0.00100183 -0.000556806
2.4 0.000495681 0.000298923 0.000165913 -0.000858819
2.5 0.00134205 0.00090091 0.000672378 0.00136109
2.6 0.000968433 0.000878508 0.000978531 0.00124903
2.7 0.00121845 0.000559168 0.000267473 -0.000630675
2.8 0.00141778 0.000370381 -0.00039359 -9.75839e-05
2.9 0.000853688 0.000651131 0.000939102 0.000916075
3 0.000957324 0.000992171 0.000965096 0.000928717
3.1 0.00235709 0.000878108 -1.93399e-05 0.000414504
3.2 0.00274046 0.00154007 0.00103078 0.000512826
3.3 0.00199989 0.00219096 0.00186393 0.00186979
3.4 0.00245688 0.00129862 0.00103455 0.00144554
3.5 0.00109055 0.000458364 -5.02109e-07 -0.000609816
3.6 -0.00278134 -0.0014588 -0.000924703 -0.000634553
3.7 -0.00548592 -0.00465494 -0.00200003 -0.000693973
3.8 -0.00795549 -0.00529927 -0.00310858 -0.00272974
3.9 -0.00969166 -0.00488871 -0.00349689 -0.00276319
4 -0.0080799 -0.00483978 -0.00242923 -0.00119883
4.1 -0.00355864 -0.00190441 -0.00103478 -0.00130149
4.2 0.0011503 0.00128866 0.000296981 -0.000461961
4.3 0.00127493 0.00120406 0.00159832 0.00179186
4.4 0.00026496 0.000428077 0.000770495 0.00123633
4.5 0.00388936 0.00119803 -0.000280445 -0.00106553
4.6 0.00520587 0.00297244 0.0017524 0.00063329
4.7 0.00330621 0.00288797 0.00400871 0.00500011
4.8 0.00390103 0.00170476 0.00297803 0.00435081
4.9 0.00239205 0.00132842 0.000544703 -0.000711362
5 -0.00125926 -0.00122577 -0.000758272 -0.00152319
5.1 -0.00204685 -0.00280521 -0.00126189 0.00120914
5.2 -0.00231039 -0.000614544 -0.000322542 7.28233e-05
5.3 -0.00419641 -0.00113081 -7.09789e-05 -0.00125065
5.4 -0.0042327 -0.00364676 -0.00216326 -9.0492e-05
5.5 -0.00329863 -0.00221968 -0.00182336 -0.00155459
5.6 -0.00731019 -0.00165359 -8.51257e-05 -0.00153623
5.7 -0.0094645 -0.00570363 -0.00219546 0.000921146
5.8 -0.00147208 -0.00451306 -0.00395959 -0.00221158
5.9 0.00915981 0.00434323 0.000658464 -0.00305907
6 0.0116844 0.0105593 0.0091461 0.00706085
6.1 0.00412588 0.00923148 0.0128984 0.0168784
6.2 -0.00427075 0.000413654 0.00736034 0.0153302
6.3 -0.00941065 -0.00953159 -0.00281687 0.000484822
6.4 -0.0144733 -0.013084 -0.0121965 -0.0203983
6.5 -0.0153774 -0.0134201 -0.0159276 -0.0362905
6.6 -0.0133709 -0.0125538 -0.0136557 -0.0417163
6.7 -0.0109763 -0.00872757 -0.0112152 -0.0363956
6.8 -0.0035671 -0.0050239 -0.00897146 -0.0257607
6.9 0.00433351 -0.00105601 -0.0041981 -0.0135172
7 0.0108898 0.00669794 0.00390678 0.000510742
7.1 0.0144424 0.0154692 0.0132575 0.0142658
7.2 0.00388684 0.0147205 0.0163003 0.024363
7.3 -0.0110683 -0.00200125 0.00935817 0.023786
7.4 -0.0140151 -0.0181005 -0.00636964 0.00506781
7.5 -0.00183719 -0.0147758 -0.021265 -0.0299508
7.6 0.0199952 0.00398415 -0.0173001 -0.0671327
7.7 0.0311042 0.0215289 0.00524932 -0.0811065
7.8 0.0256613 0.02059 0.0248891 -0.0539789
7.9 0.0146834 0.00595417 0.0218812 0.00454802
8 0.000886344 -0.00169204 0.00161084 0.0615172
8.1 -0.010208 -0.00328043 -0.00949724 0.0841324
8.2 -0.00794171 -0.00802497 -0.00219764 0.0683249
8.3 0.0156828 -0.00341382 0.00603198 0.0358592
8.4 0.0648622 0.0178704 0.00792222 0.00461934
8.5 0.123778 0.0360275 0.0152658 -0.0145798
8.6 0.151069 0.0373767 0.0242006 -0.00752413
8.7 0.121138 0.0300468 0.0203349 0.0256931
8.8 0.0707743 0.0214154 0.00867017 0.0636326
8.9 0.058914 0.0114549 0.00487034 0.0841656
9 0.0752899 0.00591391 0.0106358 0.0816206
9.1 0.0756049 0.0115868 0.014058 0.0690099
9.2 0.0542583 0.0210364 0.012225 0.056962
9.3 0.0239117 0.0209732 0.0123742 0.0452711
9.4 0.000920237 0.00785395 0.0137696 0.0339009
9.5 -0.0129543 -0.0102492 0.00545269 0.0228364
9.6 -0.0299607 -0.0207307 -0.0157428 0.00469983
9.7 -0.0416157 -0.0204089 -0.0350468 -0.0305222
9.8 -0.0410285 -0.0189995 -0.0390584 -0.0784187
9.9 -0.0366071 -0.0181632 -0.035291 -0.120457
10 -0.0181707 -0.0125952 -0.0357809 -0.141866
10.1 0.0196458 -0.00557002 -0.0353552 -0.141195
10.2 0.0532855 0.00170068 -0.0248397 -0.126494
10.3 0.0688704 0.00805916 -0.00296796 -0.105768
10.4 0.0725981 0.0140321 0.0166583 -0.0747048
10.5 0.0860051 0.0237938 0.0154902 -0.0234717
10.6 0.122319 0.02866 0.00449277 0.0396153
10.7 0.151813 0.0264981 0.0091032 0.0902228
10.8 0.145004 0.0284713 0.0250492 0.118106
10.9 0.111779 0.0294717 0.0296516 0.133037
11 0.0712444 0.0211591 0.0224671 0.135923
11.1 0.0384369 0.00968838 0.0159506 0.121984
11.2 0.02105 0.00299437 0.00913286 0.099484
11.3 0.00515646 0.00222551 0.00072525 0.0736178
11.4 -0.0178131 -0.00165559 -0.002843 0.0402689
11.5 -0.0367756 -0.0143862 -0.00390683 -0.000709434
11.6 -0.0470984 -0.0226138 -0.0166696 -0.0430193
11.7 -0.046387 -0.0202212 -0.0383215 -0.0863752
11.8 -0.0355584 -0.0188747 -0.0451415 -0.134353
11.9 -0.0294193 -0.0174819 -0.0368583 -0.174939
12 -0.0326706 -0.0115245 -0.0347752 -0.189869
12.1 -0.0304881 -0.00978011 -0.039221 -0.182018
12.2 -0.0194909 -0.014317 -0.0385917 -0.16882
12.3 -0.015996 -0.0150694 -0.0346068 -0.157236
12.4 -0.0176227 -0.00946171 -0.0309204 -0.145797
12.5 -0.0168637 -0.00581549 -0.0246965 -0.134041
12.6 -0.0168841 -0.00754866 -0.0152878 -0.121551
12.7 -0.00967677 -0.00908358 -0.00731039 -0.107101
12.8 -2.33711e-05 -0.00420729 -0.00511388 -0.089044
12.9 0.000716492 0.00303344 -0.00527633 -0.067015
13 -0.00432293 0.00150809 -0.00226555 -0.0414056
13.1 -0.0121553 -0.00687813 -0.00134487 -0.0116903
13.2 -0.00936045 -0.00968424 -0.0066727 0.0160095
13.3 0.00601796 -0.00255135 -0.00770336 0.0283532
13.4 0.00398101 0.00821563 0.00245897 0.0235863
13.5 -0.00806825 0.01071 0.0154928 0.0130731
13.6 0.0128809 0.00451581 0.0191221 0.00578747
13.7 0.063626 0.0044582 0.0095786 0.00330326
13.8 0.100192 0.0129352 -0.00120969 0.00111889
13.9 0.096725 0.0170414 5.45483e-05 -0.00260626
14 0.0738669 0.0129089 0.00819778 -0.00134142
14.1 0.0693057 0.00929551 0.0106259 0.00777018
14.2 0.0881515 0.0114465 0.00686248 0.0181053
14.3 0.11155 0.0161375 0.00508671 0.0234339
14.4 0.14042 0.0224196 0.00963825 0.0233035
14.5 0.172266 0.0325819 0.0204963 0.0214809
14.6 0.188879 0.0435192 0.0314968 0.0269027
14.7 0.191509 0.0498787 0.0310861 0.0494944
14.8 0.184486 0.0456384 0.0221328 0.0849699
14.9 0.166981 0.0289566 0.0175027 0.117008
15 0.146533 0.0113712 0.0190038 0.132574
15.1 0.140755 0.00578542 0.0197994 0.13032
15.2 0.161339 0.0133612 0.015105 0.12
15.3 0.181892 0.0277127 0.00970496 0.107867
15.4 0.173562 0.0387152 0.0114599 0.0939009
15.5 0.161057 0.0376302 0.0191781 0.0800746
15.6 0.180264 0.0309862 0.0236256 0.0696818
15.7 0.22393 0.0363036 0.0208854 0.0633082
15.8 0.266874 0.0515085 0.0226407 0.0591764
15.9 0.309699 0.0576959 0.0333326 0.0622147
16 0.353619 0.0563771 0.0345052 0.0826367
16.1 0.382012 0.0557469 0.0248357 0.116536
16.2 0.397633 0.0542239 0.0274953 0.14333
16.3 0.409643 0.0564158 0.044337 0.151987
16.4 0.409856 0.0635454 0.0580336 0.151358
16.5 0.400084 0.0625188 0.0606304 0.151175
16.6 0.385065 0.0456517 0.054832 0.150175
16.7 0.349619 0.0239326 0.0464499 0.14388
16.8 0.293376 0.0092168 0.0356612 0.13373
16.9 0.221609 0.0060997 0.0192727 0.122008
17 0.12954 0.0103106 0.00191923 0.106824
17.1 0.046026 0.00843938 -0.00297143 0.0834346
17.2 -0.000114033 -0.00335926 0.00474234 0.0508269
17.3 -0.0232505 -0.0149791 0.00332718 0.0147906
17.4 -0.0258443 -0.0182151 -0.0196343 -0.0201829
17.5 0.00186146 -0.0147367 -0.0442773 -0.0572374
17.6 0.0295928 -0.00908384 -0.0420507 -0.101988
17.7 0.0221327 -0.000825786 -0.0150319 -0.14687
17.8 -0.00247751 0.0064211 0.0106838 -0.171067
17.9 -0.00274279 0.0046357 0.0156907 -0.16318
18 0.0177926 -0.000560966 0.000639287 -0.132834
18.1 0.0265088 0.000548339 -0.0171368 -0.0961332
18.2 0.0217092 0.00244712 -0.0187377 -0.0630191
18.3 0.0176067 0.000448635 -0.00220285 -0.0344996
18.4 0.0126489 0.00200216 0.0154032 -0.00371774
18.5 0.00450028 0.0098166 0.02073 0.0320662
18.6 -0.00410127 0.0130856 0.0174873 0.0659065
18.7 -0.00383555 0.00287274 0.0126855 0.0909522
18.8 0.00684465 -0.0069949 0.00536449 0.103063
18.9 0.00340673 -0.00075683 -0.00216235 0.0991597
19 -0.0194762 0.00603363 -0.000196863 0.0811886
19.1 -0.0269902 -0.00242727 0.00779883 0.0556005
19.2 -0.00353225 -0.0104995 0.00557769 0.0278925
19.3 0.0173257 -0.00230932 -0.00751998 -0.00059219
19.4 0.00247973 0.00961979 -0.0136586 -0.0288347
19.5 -0.0333729 0.0018222 -0.00460038 -0.0524279
19.6 -0.0683087 -0.020587 -0.000429504 -0.0657116
19.7 -0.108238 -0.0286891 -0.0249248 -0.0683841
19.8 -0.134795 -0.0248275 -0.0627835 -0.0714103
19.9 -0.118624 -0.0266892 -0.0797502 -0.0883059
20 -0.0716581 -0.0234491 -0.0748495 -0.116915
20.1 -0.0147571 -0.0095519 -0.0668979 -0.142283
20.2 0.0344108 0.0030332 -0.0585511 -0.154179
20.3 0.0636801 0.00725049 -0.0411943 -0.152809
20.4 0.0780983 0.00423391 -0.0115918 -0.143924
20.5 0.0740689 0.00334405 0.0181671 -0.126513
20.6 0.0520101 0.0119878 0.0299952 -0.0927709
20.7 0.0327676 0.0243472 0.0226427 -0.0414848
20.8 0.0271833 0.0290916 0.0102552 0.0171325
20.9 0.0335472 0.0231987 0.00506031 0.0687388
21 0.0473361 0.013719 0.00888514 0.105662
21.1 0.0517289 0.0101951 0.0167829 0.125375
21.2 0.0302928 0.015425 0.0254818 0.126335
21.3 -0.0156891 0.0186026 0.0329228 0.114209
21.4 -0.0607152 0.00670805 0.0331506 0.100273
21.5 -0.0649496 -0.0128154 0.0179758 0.088907
21.6 -0.0301668 -0.0189388 -0.0122668 0.0738681
21.7 0.0071263 -0.00560352 -0.0407647 0.0454782
21.8 0.0418444 0.0111739 -0.0462956 0.00101318
21.9 0.0790885 0.0141335 -0.0224574 -0.0506365
22 0.105275 0.00759001 0.012603 -0.0926712
22.1 0.11779 0.00855815 0.0318638 -0.110765
22.2 0.12987 0.0201189 0.0286854 -0.103088
22.3 0.153623 0.0324077 0.0140499 -0.0764259
22.4 0.193724 0.0366777 0.000270031 -0.0380179
22.5 0.235143 0.0301091 -0.00101109 0.0018455
22.6 0.251153 0.019785 0.0114834 0.0335126
22.7 0.244655 0.0160581 0.0255069 0.0568339
22.8 0.245452 0.0203337 0.0325435 0.0751806
22.9 0.253105 0.0272795 0.033314 0.0895177
23 0.253599 0.0319673 0.0320345 0.0989073
23.1 0.256534 0.0317725 0.0332867 0.101219
23.2 0.261179 0.028351 0.036566 0.0975105
23.3 0.25713 0.0254881 0.0373783 0.0921389
23.4 0.250699 0.0243076 0.0342128 0.0870536
23.5 0.24616 0.0239705 0.0286239 0.0815856
23.6 0.237231 0.0238033 0.0218772 0.0752736
23.7 0.221542 0.023196 0.0148698 0.067858
23.8 0.195991 0.0210596 0.00938955 0.0586028
23.9 0.157586 0.0168245 0.00729607 0.0465013
24 0.111561 0.012355 0.00760127 0.0315915
24.1 0.0648179 0.0104223 0.00744748 0.0148426
24.2 0.0150256 0.0104714 0.00512806 -0.000683352
24.3 -0.0402386 0.0041793 0.000282595 -0.00922956
24.4 -0.0894173 -0.0148217 -0.00788196 -0.0091616
24.5 -0.128643 -0.0328111 -0.0255203 -0.00598789
24.6 -0.16483 -0.0322846 -0.057973 -0.00668145
24.7 -0.182587 -0.0279403 -0.0883415 -0.0187182
24.8 -0.175569 -0.03261 -0.0929067 -0.0493245
24.9 -0.16737 -0.027077 -0.0779571 -0.093482
25 -0.159456 -0.01011 -0.0612303 -0.135868
25.1 -0.135752 -0.000745905 -0.0456503 -0.166123
25.2 -0.0974129 -0.00456601 -0.0323097 -0.177584
25.3 -0.0541553 -0.0127533 -0.0257451 -0.170562
25.4 -0.0151498 -0.0143083 -0.0258817 -0.155219
25.5 0.00321498 -0.00537672 -0.0276878 -0.138502
25.6 -0.00838821 0.00331702 -0.0220687 -0.12196
25.7 -0.0315206 -0.00262235 -0.00615652 -0.105148
25.8 -0.0360768 -0.0137546 0.00447498 -0.0835343
25.9 -0.0212873 -0.0136986 -0.00318729 -0.0544711
26 -0.0138332 -0.00609636 -0.0184201 -0.0235784
26.1 -0.0169035 -0.00331243 -0.0240849 0.000251508
26.2 -0.0112111 -0.00803583 -0.0143271 0.00909817
26.3 0.00742161 -0.0078342 0.00189258 0.00335238
26.4 0.0182281 0.00712337 0.00964642 -0.00354373
26.5 0.0108974 0.0255342 0.00755925 -0.00060525
26.6 0.0150843 0.0314869 0.006258 0.00857498
26.7 0.0500836 0.0249502 0.0108688 0.0159835
26.8 0.0898302 0.0168854 0.0164436 0.0199457
26.9 0.106775 0.0158227 0.0169789 0.0220812
27 0.10827 0.0211123 0.0131728 0.0224048
27.1 0.113445 0.0262465 0.0104839 0.019857
27.2 0.121946 0.0271723 0.0118785 0.0144499
27.3 0.121822 0.0252321 0.0152698 0.00769825
27.4 0.109306 0.0232404 0.0164002 0.0022958
27.5 0.0891938 0.0214562 0.0130886 0.000877866
27.6 0.0666168 0.0184684 0.00729375 0.00296056
27.7 0.0458344 0.0140893 0.00264528 0.00488354
27.8 0.0267137 0.00955973 0.00149531 0.00360888
27.9 0.00946056 0.00629907 0.00236874 0.000207776
28 -0.00229209 0.00260543 0.000990038 -0.00101491
28.1 -0.0109072 -0.00346721 -0.00351039 4.35396e-05
28.2 -0.0224741 -0.00912889 -0.00888825 -0.00103261
28.3 -0.0337594 -0.0121443 -0.0141276 -0.00533367
28.4 -0.0323255 -0.0120723 -0.0187767 -0.0108797
28.5 -0.0207426 -0.0103745 -0.020673 -0.016291
28.6 -0.0148957 -0.0108062 -0.0177007 -0.0206444
28.7 -0.0106397 -0.0123652 -0.0118914 -0.0225437
28.8 -0.002882 -0.0106173 -0.00722779 -0.0205131
28.9 -0.000881257 -0.00379774 -0.0052174 -0.0138036
29 0.00234076 0.00330546 -0.00244407 -0.00304923
29.1 0.0104343 0.0049689 0.00455472 0.00860085
29.2 0.0145186 0.00483724 0.0117056 0.0178765
29.3 0.0198162 0.00836527 0.0136963 0.0245374
29.4 0.0257747 0.0140854 0.0120647 0.0285938
29.5 0.0249374 0.0170831 0.0120626 0.0285992
29.6 0.0227768 0.0160586 0.0146611 0.0248083
29.7 0.0196409 0.0146966 0.0159314 0.0193699
29.8 0.0080878 0.0142761 0.0138022 0.0133446
29.9 -0.010626 0.00926306 0.00916106 0.00647948
30 -0.0250971 -0.0030212 0.000698061 -0.000366886
30.1 -0.02455 -0.0147295 -0.0130146 -0.00597084
30.2 -0.01138 -0.0176586 -0.0285674 -0.0108446
30.3 0.00115717 -0.0108179 -0.0402543 -0.0157564
30.4 0.00099849 -0.00116413 -0.0412415 -0.0208794
30.5 -0.00871404 -0.000194392 -0.0280196 -0.0251928
30.6 -0.0128999 -0.00920332 -0.00789304 -0.0255936
30.7 -0.00247449 -0.0125594 0.00228399 -0.0173062
30.8 0.0172924 -0.000137337 -0.00251678 -0.000639674
30.9 0.0360125 0.0159059 -0.00287918 0.013293
31 0.0544364 0.0220831 0.0131605 0.0171139
31.1 0.072036 0.0213747 0.033817 0.0163406
31.2 0.0822693 0.0217563 0.0462314 0.0177932
31.3 0.0847369 0.0246568 0.0465736 0.0240151
31.4 0.0776576 0.0255544 0.0391043 0.0334558
31.5 0.0628693 0.0209294 0.0313724 0.0417086
31.6 0.0515928 0.0143767 0.024729 0.0463024
31.7 0.0483617 0.0114027 0.016864 0.0468995
31.8 0.0461617 0.0123022 0.00871861 0.0431926
31.9 0.0329484 0.012974 0.00437932 0.034593
32 -0.00662845 0.00728896 0.0050328 0.0212053
32.1 -0.0734463 -0.00538383 0.00355512 0.00494018
32.2 -0.138742 -0.0181927 -0.00772794 -0.0106334
32.3 -0.174571 -0.0268597 -0.0302931 -0.022913
32.4 -0.175676 -0.0283213 -0.0648444 -0.0329963
32.5 -0.145111 -0.0249147 -0.0972541 -0.0479027
32.6 -0.0970589 -0.0255026 -0.0994083 -0.0774996
32.7 -0.0578936 -0.0254615 -0.0736252 -0.118574
32.8 -0.0366844 -0.0155398 -0.0471417 -0.154589
32.9 -0.0175134 -0.00274795 -0.0301367 -0.172738
33 0.014384 0.00304157 -0.0163733 -0.171227
33.1 0.0552251 0.00300471 -0.000603244 -0.1558
33.2 0.082168 0.00490827 0.0108925 -0.128035
33.3 0.081812 0.0119495 0.0102411 -0.085532
33.4 0.0704751 0.0172368 0.00234577 -0.0309049
33.5 0.060613 0.0141069 -0.000608196 0.0249765
33.6 0.0379108 0.00658996 0.00658588 0.0697475
33.7 -0.00568327 0.00159727 0.0154181 0.100716
33.8 -0.0519756 -0.000638289 0.0161679 0.118096
33.9 -0.0839583 -0.0016984 0.0080775 0.118281
34 -0.0984463 -0.00348014 -0.0026089 0.100292
34.1 -0.100066 -0.00841142 -0.00866593 0.0671457
34.2 -0.0969006 -0.0133302 -0.00846747 0.021357
34.3 -0.0909395 -0.0127733 -0.00682999 -0.0302257
34.4 -0.0765807 -0.00870677 -0.00839417 -0.0760103
34.5 -0.0481005 -0.00746898 -0.0119883 -0.11103
34.6 -0.00996769 -0.0100102 -0.0152361 -0.135563
34.7 0.0235202 -0.00840128 -0.0181914 -0.148238
34.8 0.0452049 0.00191771 -0.0180921 -0.147914
34.9 0.0606923 0.0117069 -0.00810823 -0.137521
35 0.0695034 0.0145363 0.00958563 -0.11855
35.1 0.0627971 0.0145508 0.0211845 -0.0861685
35.2 0.0446022 0.0143084 0.0193486 -0.0379939
35.3 0.0259066 0.0133048 0.00979672 0.017552
35.4 0.00799156 0.0103993 0.00228745 0.0664535
35.5 -0.00791495 0.00213389 0.00191213 0.100194
35.6 -0.0166708 -0.00856042 0.00454845 0.115606
35.7 -0.0145501 -0.00972117 0.00132149 0.114147
35.8 0.00317639 0.000325767 -0.00510015 0.100303
35.9 0.0359862 0.0103383 -0.0010279 0.0755784
36 0.0758889 0.0150293 0.0144847 0.0443194
36.1 0.118173 0.017716 0.0294731 0.0147245
36.2 0.160587 0.0206477 0.0351089 -0.00468631
36.3 0.201666 0.0224846 0.0291632 -0.00613556
36.4 0.246736 0.0220887 0.0167564 0.00690427
36.5 0.294534 0.0210573 0.00633672 0.0214343
36.6 0.327863 0.0215462 0.00362248 0.0293197
36.7 0.328423 0.0251779 0.00913023 0.0298637
36.8 0.293034 0.0309254 0.0180366 0.0263153
36.9 0.235106 0.0340362 0.0251469 0.0225904
37 0.17145 0.0327358 0.027649 0.0205132
37.1 0.117557 0.0286837 0.0251412 0.01968
37.2 0.0873379 0.0221112 0.0196262 0.0186026
37.3 0.0788861 0.0140769 0.0124348 0.0160907
37.4 0.0686373 0.00778252 0.00428014 0.0107781
37.5 0.0365275 0.0043383 -0.00110517 0.00103301
37.6 -0.00890689 -9.64814e-05 -0.00156816 -0.0106211
37.7 -0.0396253 -0.0082816 -0.00228506 -0.0181617
37.8 -0.0450846 -0.0159619 -0.00857913 -0.019826
37.9 -0.0463985 -0.0175037 -0.0199858 -0.0185968
38 -0.0607798 -0.0156992 -0.0312872 -0.0177089
38.1 -0.0799477 -0.0170211 -0.0377414 -0.0186427
38.2 -0.091999 -0.0186235 -0.0412524 -0.02155
38.3 -0.0943909 -0.0175593 -0.0442803 -0.0263695
38.4 -0.0934105 -0.0175184 -0.0449539 -0.0329057
38.5 -0.101451 -0.0182532 -0.0443686 -0.0401049
38.6 -0.115303 -0.0182695 -0.0460913 -0.0469217
38.7 -0.114062 -0.0183018 -0.0495655 -0.0538953
38.8 -0.0874865 -0.017088 -0.0515981 -0.0615786
38.9 -0.0437493 -0.0146474 -0.0500189 -0.0687003
39 0.00527479 -0.00943415 -0.0450588 -0.0729536
39.1 0.0525535 0.0013971 -0.0348309 -0.0730578
39.2 0.0957096 0.0114397 -0.0136537 -0.0689695
39.3 0.13476 0.0154971 0.0140772 -0.0569384
39.4 0.170901 0.0184399 0.0326045 -0.0292146
39.5 0.202073 0.0235623 0.0361229 0.0128342
39.6 0.222163 0.0284844 0.0332034 0.0569762
39.7 0.229689 0.0296501 0.0332555 0.0943306
39.8 0.227049 0.0271065 0.0385952 0.12129
39.9 0.216979 0.0246306 0.0466705 0.13388
40 0.206813 0.0253688 0.05277 0.132821
40.1 0.20027 0.0291423 0.0520267 0.126305
40.2 0.189214 0.0320732 0.0458206 0.120082
40.3 0.170799 0.0310539 0.0387715 0.113859
40.4 0.156195 0.0267182 0.0320834 0.106725
40.5 0.15399 0.0206821 0.0252501 0.0986112
40.6 0.161953 0.0154786 0.0176116 0.0894661
40.7 0.170967 0.0142174 0.0093214 0.0787157
40.8 0.174542 0.0157073 0.00377449 0.0649309
40.9 0.17622 0.0160686 0.00415227 0.0475645
41 0.180256 0.0151616 0.00850935 0.0282464
41.1 0.183302 0.0154977 0.0124026 0.00940125
41.2 0.181794 0.0173983 0.0119114 -0.00370274
41.3 0.175275 0.0182002 0.00539506 -0.00408455
41.4 0.162449 0.0147081 -0.000716118 0.00436309
41.5 0.140596 0.0078125 0.00153141 0.00951684
41.6 0.108146 0.00413425 0.00817579 0.00801677
41.7 0.0671517 0.00756412 0.0110074 0.00429396
41.8 0.0194862 0.0131628 0.00921308 0.00157721
41.9 -0.0290634 0.00950451 0.00553394 0.000807511
42 -0.0702272 -0.00777249 -0.000518344 0.000733975
42.1 -0.10527 -0.0237128 -0.0125823 -0.00142329
42.2 -0.134903 -0.0241567 -0.0329095 -0.00665422
42.3 -0.147989 -0.02009 -0.056498 -0.0140741
42.4 -0.139795 -0.0251623 -0.0746368 -0.023308
42.5 -0.121715 -0.0284478 -0.0837712 -0.0363265
42.6 -0.0958466 -0.0214932 -0.0824901 -0.054747
42.7 -0.0563892 -0.0135777 -0.071829 -0.0745398
42.8 -0.0169574 -0.0100773 -0.0571162 -0.0898999
42.9 -0.00123772 -0.00830034 -0.0415691 -0.0984349
43 -0.0110873 -0.00667362 -0.0259297 -0.0995928
43.1 -0.0244107 -0.00754015 -0.011859 -0.0937572
43.2 -0.0274859 -0.0103846 -0.00342832 -0.0816187
43.3 -0.0261468 -0.0112369 -0.00390599 -0.0636084
43.4 -0.0290108 -0.0104299 -0.00999917 -0.0419904
43.5 -0.0375217 -0.0118035 -0.0149827 -0.0203551
43.6 -0.0488337 -0.0158054 -0.0153594 -0.00215665
43.7 -0.0635435 -0.0183039 -0.0109153 0.00698009
43.8 -0.0797069 -0.0169367 -0.00323693 0.00301474
43.9 -0.086891 -0.0130986 0.000788585 -0.00671089
44 -0.0794762 -0.00907577 -0.00442668 -0.0112055
44.1 -0.0579801 -0.00864777 -0.0128625 -0.00976261
44.2 -0.0224246 -0.0129998 -0.0170553 -0.00689324
44.3 0.017529 -0.0129615 -0.0163058 -0.00508542
44.4 0.0482847 0.000118043 -0.0101594 -0.00448355
44.5 0.0697503 0.0188733 0.00193909 -0.00177141
44.6 0.0893015 0.0325327 0.0161051 0.00620447
44.7 0.111673 0.0393107 0.0281391 0.0176547
44.8 0.138972 0.0404344 0.0368624 0.030073
44.9 0.168945 0.0394495 0.0405723 0.0431026
45 0.193146 0.03991 0.0396488 0.0553261
45.1 0.20289 0.0399322 0.039196 0.0639861
45.2 0.199269 0.0378675 0.041281 0.0678524
45.3 0.192834 0.0353765 0.042924 0.0677579
45.4 0.190795 0.0334388 0.0422068 0.0651926
45.5 0.191023 0.031934 0.0393821 0.06133
45.6 0.190884 0.0308615 0.0349396 0.0565451
45.7 0.195081 0.0303507 0.0291885 0.0508355
45.8 0.210056 0.0303878 0.0226266 0.0441675
45.9 0.232802 0.0306269 0.0161269 0.0364854
46 0.250843 0.0302595 0.0113862 0.0274071
46.1 0.254772 0.028712 0.0102967 0.0162829
46.2 0.24795 0.0260079 0.0119829 0.00425604
46.3 0.240315 0.0224505 0.011672 -0.00287703
46.4 0.236064 0.0185305 0.00637011 -0.000259266
46.5 0.231809 0.0144705 0.000740849 0.00672728
46.6 0.219752 0.0109991 0.00116488 0.0088739
46.7 0.191265 0.0107733 0.00602678 0.00485037
46.8 0.144519 0.0142708 0.00919247 0.000309613
46.9 0.0863366 0.0168193 0.00867948 0.000316327
47 0.0251159 0.0145723 0.0067048 0.00416749
47.1 -0.0274793 0.00384795 0.00471191 0.00738968
47.2 -0.0625584 -0.0145948 -2.95909e-05 0.00602929
47.3 -0.0887135 -0.0247597 -0.0128638 -0.00127251
47.4 -0.112653 -0.0213589 -0.0323859 -0.0122359
47.5 -0.123495 -0.0219176 -0.0499646 -0.0240567
47.6 -0.120128 -0.0250179 -0.0648118 -0.0362439
47.7 -0.115599 -0.0176866 -0.0776623 -0.0497936
47.8 -0.115782 -0.01115 -0.07851 -0.0660397
47.9 -0.123228 -0.0147593 -0.0654229 -0.0831626
48 -0.137823 -0.0200417 -0.0505843 -0.0961722
48.1 -0.151943 -0.0200628 -0.0425903 -0.102273
48.2 -0.156078 -0.0170863 -0.0412227 -0.101999
48.3 -0.146385 -0.0164122 -0.04187 -0.0977287
48.4 -0.128055 -0.0178648 -0.0410226 -0.0919512
48.5 -0.109982 -0.0181825 -0.0387262 -0.0855791
48.6 -0.101077 -0.0167449 -0.035426 -0.0786847
48.7 -0.103194 -0.0154511 -0.0305877 -0.0712807
48.8 -0.106086 -0.015738 -0.0242388 -0.0633055
48.9 -0.0987347 -0.0166918 -0.0174807 -0.0546397
49 -0.0780405 -0.0164576 -0.0120312 -0.0448528
49.1 -0.0432658 -0.014291 -0.0095479 -0.0331489
49.2 0.00372651 -0.00729437 -0.00967897 -0.0193022
49.3 0.0554914 0.00543239 -0.0071106 -0.00432051
49.4 0.103562 0.0173013 0.00326701 0.00911645
49.5 0.140317 0.0248125 0.0180574 0.0189419
49.6 0.163963 0.0295769 0.0308836 0.0263487
49.7 0.179366 0.0326531 0.0386723 0.0333097
49.8 0.191431 0.0350454 0.0395894 0.0409595
49.9 0.204924 0.0356063 0.0363681 0.0480676
50 0.221469 0.0338727 0.0349778 0.0510293
50.1 0.234566 0.0340355 0.035573 0.0493403
50.2 0.235105 0.0383045 0.0356416 0.0456387
50.3 0.218577 0.0427655 0.0356141 0.0412889
50.4 0.184365 0.0425262 0.0361883 0.0364723
50.5 0.134464 0.0373819 0.036225 0.0314778
50.6 0.0766024 0.0298505 0.0341118 0.0264333
50.7 0.022811 0.021058 0.0292256 0.0212155
50.8 -0.01517 0.00835373 0.0203043 0.0156604
50.9 -0.0336454 -0.00793482 0.0035724 0.00864862
51 -0.04089 -0.0177891 -0.0219249 -0.00170262
51.1 -0.042801 -0.0167836 -0.0499984 -0.0151099
51.2 -0.036148 -0.0137228 -0.0715923 -0.0300009
51.3 -0.0197789 -0.0170549 -0.0780736 -0.0473487
51.4 -0.00205427 -0.0212736 -0.0711685 -0.0664686
51.5 0.00425316 -0.0135765 -0.0619694 -0.0821189
51.6 -0.00170998 0.00119671 -0.0513827 -0.0909669
51.7 -0.00667863 0.00261966 -0.0323881 -0.092615
51.8 -0.00542714 -0.0109547 -0.00818791 -0.0870852
51.9 -0.00575994 -0.0163185 0.00351182 -0.0724327
52 -0.00895339 -0.00413386 -0.00509374 -0.0478416
52.1 -0.00447664 0.00478856 -0.0151055 -0.0196389
52.2 0.0103934 -0.00119189 -0.00955378 0.0029862
52.3 0.0228149 -0.00237726 0.00442499 0.0150117
52.4 0.0263977 0.0141653 0.0137998 0.0188844
52.5 0.0278962 0.0358182 0.0180043 0.0191796
52.6 0.0337612 0.0484875 0.0215932 0.0184713
52.7 0.0448198 0.0478825 0.0255073 0.0189846
52.8 0.0550966 0.0397422 0.0266031 0.0216776
52.9 0.0591266 0.0331139 0.0221786 0.0254558
53 0.060034 0.0304117 0.0146335 0.0279708
53.1 0.0608932 0.0300817 0.0078314 0.0273198
53.2 0.0542915 0.0300516 0.00484933 0.022308
53.3 0.0275114 0.0286087 0.00658177 0.0128455
53.4 -0.0178708 0.020589 0.00974606 0.00162912
53.5 -0.0660428 0.00083809 0.00672015 -0.00497197
53.6 -0.112046 -0.0192539 -0.00940497 -0.00408847
53.7 -0.15863 -0.0233765 -0.038264 -0.00202904
53.8 -0.197144 -0.020579 -0.0723167 -0.00498988
53.9 -0.22087 -0.0290743 -0.098219 -0.017927
54 -0.239559 -0.0448529 -0.105481 -0.0481357
54.1 -0.262579 -0.0528796 -0.10206 -0.0936533
54.2 -0.285031 -0.0502472 -0.102629 -0.144202
54.3 -0.293439 -0.0503301 -0.104658 -0.191962
54.4 -0.285409 -0.0515706 -0.103594 -0.229567
54.5 -0.267946 -0.0409229 -0.102431 -0.250332
54.6 -0.238498 -0.0273786 -0.101083 -0.250071
54.7 -0.1934 -0.0196461 -0.0995217 -0.232449
54.8 -0.132098 -0.0158219 -0.0960718 -0.209268
54.9 -0.0527065 -0.0158451 -0.0882404 -0.186871
55 0.0390858 -0.0133314 -0.0761712 -0.1653
55.1 0.130021 -0.000335823 -0.0582438 -0.144395
55.2 0.213512 0.0155962 -0.0288288 -0.123724
55.3 0.288431 0.0248535 0.0100579 -0.0988431
55.4 0.348214 0.0366026 0.0399312 -0.0594183
55.5 0.387481 0.0581853 0.0481289 0.000590952
55.6 0.40991 0.0763545 0.0464573 0.0738537
55.7 0.421913 0.0794892 0.0509182 0.145914
55.8 0.42626 0.0770507 0.0580648 0.207814
55.9 0.426133 0.0799144 0.0584963 0.258888
56 0.426721 0.0808678 0.0571218 0.298804
56.1 0.424772 0.077536 0.0578618 0.32582
56.2 0.414504 0.0762784 0.055732 0.338234
56.3 0.395385 0.073735 0.0522001 0.335917
56.4 0.361733 0.0680126 0.049957 0.325162
56.5 0.308088 0.0614472 0.0471712 0.31254
56.6 0.237616 0.0541555 0.0429517 0.299532
56.7 0.158592 0.0460986 0.0371752 0.286152
56.8 0.0815253 0.0371786 0.0297966 0.272359
56.9 0.01502 0.0267644 0.0208332 0.258052
57 -0.0358718 0.00994694 0.0103302 0.242632
57.1 -0.0719642 -0.0146549 -0.00143345 0.222829
57.2 -0.101443 -0.0334322 -0.013967 0.19254
57.3 -0.129167 -0.0331795 -0.0261799 0.147356
57.4 -0.14713 -0.0206301 -0.0326754 0.086721
57.5 -0.14548 -0.0116011 -0.0267087 0.012913
57.6 -0.126801 -0.0106689 -0.0114263 -0.0650916
57.7 -0.0999055 -0.0121354 -0.000251408 -0.13254
57.8 -0.0726238 -0.0110994 -0.00297086 -0.179695
57.9 -0.0513348 -0.00969086 -0.0166659 -0.204451
58 -0.0395655 -0.0120406 -0.0344108 -0.207742
58.1 -0.0395089 -0.017283 -0.0513201 -0.19661
58.2 -0.0519756 -0.0222291 -0.062668 -0.183095
58.3 -0.0750146 -0.0250398 -0.0667468 -0.173268
58.4 -0.105998 -0.0249596 -0.065992 -0.166377
58.5 -0.14177 -0.0229131 -0.0637449 -0.160397
58.6 -0.175636 -0.0222391 -0.0608533 -0.154165
58.7 -0.199981 -0.0248176 -0.0572429 -0.147559
58.8 -0.210505 -0.0294382 -0.054089 -0.140522
58.9 -0.208238 -0.032309 -0.0527937 -0.133034
59 -0.197066 -0.0306062 -0.0529996 -0.125319
59.1 -0.177821 -0.026197 -0.0524625 -0.117805
59.2 -0.148005 -0.0212163 -0.0498914 -0.110689
59.3 -0.104649 -0.0165033 -0.0449815 -0.103889
59.4 -0.0488322 -0.0135793 -0.0371926 -0.0971881
59.5 0.00683998 -0.00919937 -0.0261824 -0.0902213
59.6 0.0456937 0.00154193 -0.0105606 -0.0820222
59.7 0.0643306 0.015626 0.00743079 -0.0680263
59.8 0.0671764 0.0283831 0.0186015 -0.0407412
59.9 0.0577193 0.0371898 0.0185572 0.000613095
60 0.0427667 0.0377164 0.0140248 0.0465063
60.1 0.0276707 0.0292129 0.0126872 0.086924
60.2 0.0125305 0.0169587 0.0143462 0.118669
60.3 -0.000131152 0.0050561 0.0144146 0.14227
60.4 -0.00647602 -0.0026413 0.0081546 0.1576
60.5 -0.00707019 -0.00263781 -0.00283686 0.161129
60.6 -0.001635 -0.00034553 -0.00702588 0.148496
60.7 0.00837615 0.000198159 0.000573238 0.122064
60.8 0.0152592 0.00419571 0.0111951 0.0898756
60.9 0.0138202 0.0129247 0.016333 0.0588505
61 0.00717329 0.0199576 0.01574 0.0315581
61.1 0.00349985 0.019443 0.0130134 0.00754836
61.2 0.00636638 0.0120028 0.00746689 -0.00955809
61.3 0.0100124 0.00221362 -0.00189394 -0.0142676
61.4 0.00406784 -0.00357515 -0.0104852 -0.00968306
61.5 -0.0154586 -0.00325494 -0.0138986 -0.00341739
61.6 -0.0396386 -0.00352557 -0.0107769 -0.000309433
61.7 -0.0579159 -0.00694594 -0.00433606 -0.00110726
61.8 -0.0682046 -0.00908632 -0.00157089 -0.00238313
61.9 -0.0735057 -0.00872004 -0.00512193 -0.00176113
62 -0.0771034 -0.00890636 -0.0106181 -0.00115527
62.1 -0.0819581 -0.0110252 -0.013916 -0.0029418
62.2 -0.0880674 -0.0134952 -0.0148361 -0.00686525
62.3 -0.0900681 -0.0147005 -0.0148092 -0.0111165
62.4 -0.0809968 -0.0142005 -0.0147083 -0.0141101
62.5 -0.0571036 -0.0133566 -0.013939 -0.0150542
62.6 -0.0208721 -0.0134384 -0.0120391 -0.0136041
62.7 0.0151926 -0.00924472 -0.009577 -0.00942572
62.8 0.0381711 0.00332971 -0.0041521 -0.00269591
62.9 0.049896 0.0173809 0.00711486 0.00524118
63 0.0584531 0.0274737 0.0203295 0.0133614
63.1 0.0674511 0.0339743 0.0302112 0.0220895
63.2 0.0788934 0.0370794 0.0351998 0.0321096
63.3 0.0946332 0.0370735 0.0351797 0.0435399
63.4 0.113838 0.0355698 0.0315788 0.0550257
63.5 0.133218 0.0353129 0.0269821 0.0640745
63.6 0.149498 0.0373658 0.023004 0.0694217
63.7 0.159178 0.0408564 0.020416 0.0710271
63.8 0.160838 0.044452 0.0197961 0.069425
63.9 0.158028 0.0460441 0.0208487 0.0658897
64 0.155699 0.0444452 0.0220776 0.0615137
64.1 0.154641 0.0411537 0.0218855 0.0566654
64.2 0.151743 0.03763 0.019856 0.0513261
64.3 0.144207 0.034201 0.0161673 0.0454417
64.4 0.131664 0.0307559 0.011654 0.0386373
64.5 0.115702 0.0265309 0.00826895 0.0299863
64.6 0.0993767 0.0209861 0.00755111 0.018762
64.7 0.0855537 0.0154782 0.00837437 0.00576231
64.8 0.0745215 0.0128597 0.00631409 -0.00390714
64.9 0.0636297 0.0129551 -1.33017e-05 -0.00444662
65 0.048896 0.0116853 -0.00284139 0.000509692
65.1 0.0279336 0.00884582 0.00244513 0.0033688
65.2 0.00269131 0.00823862 0.00830166 0.00382216
65.3 -0.0198148 0.00623345 0.0080997 0.00409665
65.4 -0.0349929 -0.00212773 0.00119656 0.0032093
65.5 -0.0462555 -0.0122805 -0.0105444 -0.000932475
65.6 -0.0569774 -0.0190245 -0.0232218 -0.0082504
65.7 -0.0648713 -0.0208669 -0.0349004 -0.0167988
65.8 -0.065587 -0.019903 -0.044202 -0.0255855
65.9 -0.0601631 -0.020059 -0.0483357 -0.0346691
66 -0.055523 -0.0201172 -0.0478059 -0.0433634
66.1 -0.0552002 -0.0180776 -0.045601 -0.0500213
66.2 -0.0575108 -0.0160001 -0.0425516 -0.0535478
66.3 -0.0608244 -0.0158847 -0.0383289 -0.0537263
66.4 -0.0660006 -0.017406 -0.0333699 -0.0509238
66.5 -0.0744269 -0.0188658 -0.0286164 -0.0459166
66.6 -0.0855915 -0.0189274 -0.0250401 -0.0390781
66.7 -0.0989016 -0.0180061 -0.0228668 -0.0304439
66.8 -0.11378 -0.0176725 -0.0216309 -0.0201533
66.9 -0.12623 -0.0186871 -0.0211 -0.00854721
67 -0.130093 -0.0202849 -0.0201299 0.000897954
67.1 -0.122015 -0.02048 -0.0162369 0.00169292
67.2 -0.101416 -0.0175171 -0.0104396 -0.00558724
67.3 -0.0688203 -0.0120389 -0.00756757 -0.012245
67.4 -0.0270547 -0.00725938 -0.00846667 -0.0133945
67.5 0.0145738 -0.00254932 -0.00880053 -0.0100118
67.6 0.0453475 0.00481279 -0.00323262 -0.00368632
67.7 0.0654234 0.0122911 0.00909876 0.00432935
67.8 0.0798426 0.0187071 0.0219972 0.0131258
67.9 0.0893007 0.0247095 0.0304412 0.0226459
68 0.093453 0.0291963 0.0338385 0.0332272
68.1 0.0945437 0.0311458 0.0334371 0.0444449
68.2 0.0956424 0.0305211 0.0318866 0.0545867
68.3 0.095804 0.0296035 0.0306601 0.0619588
68.4 0.0916318 0.0296722 0.029564 0.0660291
68.5 0.0816378 0.0292441 0.0284561 0.0668775
68.6 0.0646998 0.0272639 0.0271906 0.0650516
68.7 0.0405265 0.0237817 0.0252737 0.0615163
68.8 0.0125345 0.0185512 0.0221417 0.0567746
68.9 -0.00920357 0.00870304 0.0164183 0.050852
69 -0.0151868 -0.00476727 0.00471086 0.0427911
69.1 -0.00975225 -0.0130432 -0.0112796 0.0277833
69.2 -0.00325465 -0.0126053 -0.0216206 0.000738866
69.3 -0.000472014 -0.00709824 -0.0213432 -0.0342046
69.4 -0.000794053 -0.00120613 -0.0131405 -0.0671839
69.5 -0.000999996 0.000345476 -0.00146017 -0.091453
69.6 0.00032815 -0.000451408 0.00421573 -0.101575
69.7 0.00310087 0.00134039 -0.0011528 -0.0961897
69.8 0.00818337 0.00246456 -0.00724097 -0.0818284
69.9 0.0133403 0.000309432 -0.00497546 -0.0640868
70 0.0120609 0.000600592 0.000854334 -0.0419915
70.1 0.00214734 0.00494246 0.0021201 -0.011819
70.2 -0.00981092 0.00400837 0.000521667 0.0226089
70.3 -0.0199126 -0.00603199 0.000935 0.0499526
70.4 -0.0343246 -0.0148039 -0.000107602 0.0645452
70.5 -0.0580543 -0.0153083 -0.00398225 0.0651058
70.6 -0.0878395 -0.0118824 -0.005095 0.050364
70.7 -0.11669 -0.0105717 -0.00127484 0.0225253
70.8 -0.139652 -0.0118192 0.00041866 -0.00916133
70.9 -0.154172 -0.0141755 -0.00681062 -0.0337287
71 -0.157552 -0.0187991 -0.0190624 -0.050031
71.1 -0.150178 -0.0242624 -0.0306527 -0.0619451
71.2 -0.138 -0.0260778 -0.0405676 -0.070886
71.3 -0.125755 -0.0240394 -0.0476423 -0.0774304
71.4 -0.113215 -0.0219302 -0.0496778 -0.0819828
71.5 -0.099627 -0.0208891 -0.0473175 -0.0839536
71.6 -0.0858358 -0.0195098 -0.0434216 -0.0827079
71.7 -0.0728657 -0.0175809 -0.0387101 -0.0791887
71.8 -0.0595785 -0.0159435 -0.0327064 -0.0741629
71.9 -0.042956 -0.015141 -0.0255878 -0.0674646
72 -0.0213265 -0.0149356 -0.0178688 -0.0589066
72.1 0.000970489 -0.011473 -0.0107825 -0.047905
72.2 0.0148864 -8.54363e-05 -0.00476801 -0.0331189
72.3 0.0176002 0.015127 0.000963534 -0.011771
72.4 0.0145219 0.0245918 0.00691619 0.0155841
72.5 0.0107982 0.0242614 0.0127941 0.0429563
72.6 0.00928689 0.0178182 0.0153556 0.0674803
72.7 0.0123166 0.0112979 0.0124055 0.0887095
72.8 0.0199449 0.00839728 0.00712366 0.103877
72.9 0.0300296 0.00971264 0.00390293 0.110721
73 0.0409545 0.0131351 0.00498734 0.109713
73.1 0.0509729 0.0164658 0.0095001 0.103722
73.2 0.0569969 0.0190029 0.0146183 0.0957278
73.3 0.0582887 0.0205976 0.0177511 0.0877727
73.4 0.0587205 0.0210162 0.0177166 0.080946
73.5 0.062212 0.020365 0.0151715 0.0749669
73.6 0.0690288 0.0193261 0.0118946 0.0686093
73.7 0.0775163 0.0183039 0.0096315 0.0607749
73.8 0.0859258 0.0175531 0.00926994 0.0510038
73.9 0.0923756 0.0175995 0.0104499 0.0395859
74 0.0952012 0.0187154 0.0119721 0.027446
74.1 0.0938755 0.0200483 0.0128974 0.0155271
74.2 0.088504 0.0200266 0.0127648 0.00494202
74.3 0.0770261 0.0180978 0.0102622 -0.000843855
74.4 0.0549976 0.0148101 0.00484709 0.000623668
74.5 0.0194627 0.0101303 0.000711473 0.00445699
74.6 -0.0236273 0.00102534 0.00102018 0.00435942
74.7 -0.0629954 -0.0121108 0.000127687 0.000229716
74.8 -0.0945446 -0.0211704 -0.00831619 -0.00490797
74.9 -0.117931 -0.0222415 -0.0225146 -0.00947865
75 -0.13057 -0.0204943 -0.0364616 -0.0136635
75.1 -0.131578 -0.0225264 -0.0454389 -0.0180788
75.2 -0.125857 -0.0283023 -0.0483104 -0.0231106
75.3 -0.121131 -0.0318071 -0.047768 -0.0281247
75.4 -0.121791 -0.0302766 -0.0469857 -0.0315953
75.5 -0.128843 -0.0263712 -0.0462222 -0.0326795
75.6 -0.141593 -0.0226487 -0.0445573 -0.0316321
75.7 -0.156716 -0.0202672 -0.0416722 -0.0290269
75.8 -0.168147 -0.0202561 -0.0375569 -0.0251045
75.9 -0.170861 -0.0221964 -0.0330095 -0.0197942
76 -0.164744 -0.0234847 -0.0293911 -0.0130391
76.1 -0.152481 -0.0219084 -0.0270364 -0.00543686
76.2 -0.135766 -0.0180651 -0.0239385 2.13378e-05
76.3 -0.11542 -0.0140905 -0.0174044 -0.000218543
76.4 -0.0918562 -0.0113481 -0.00846282 -0.00444332
76.5 -0.0655676 -0.0094094 -0.00232242 -0.00658048
76.6 -0.0376039 -0.00762001 -0.00240311 -0.00336056
76.7 -0.00899096 -0.00627288 -0.00504131 0.00115224
76.8 0.0165413 -0.0022707 -0.00333669 0.000445254
76.9 0.0355959 0.00799996 0.00273678 -0.00267865
77 0.0507168 0.0200955 0.00831018 3.97584e-05
77.1 0.0642088 0.0277781 0.0127565 0.00867569
77.2 0.0752135 0.0300698 0.0172244 0.0185074
77.3 0.0826281 0.0295163 0.0200935 0.0281002
77.4 0.0863367 0.0294506 0.0198219 0.0373525
77.5 0.0887334 0.0298078 0.0181398 0.0451766
77.6 0.0923754 0.029294 0.0173377 0.0505315
77.7 0.0981843 0.0293161 0.0172686 0.0531336
77.8 0.106921 0.0298389 0.0178962 0.0531489
77.9 0.117214 0.0294438 0.0195295 0.0512089
78 0.124165 0.0293848 0.0209054 0.048306
78.1 0.123262 0.029585 0.0211067 0.0450436
78.2 0.111878 0.0278348 0.0202718 0.0414332
78.3 0.0893481 0.0242744 0.0182453 0.0372472
78.4 0.0589034 0.0199565 0.0148978 0.0322593
78.5 0.0249633 0.0154614 0.0107159 0.0259457
78.6 -0.00642623 0.00789099 0.00634565 0.0172848
78.7 -0.0290594 -0.00514597 0.000514665 0.0049848
78.8 -0.0448294 -0.0175881 -0.00927043 -0.00967055
78.9 -0.0584492 -0.023904 -0.0224596 -0.023022
79 -0.0711491 -0.0240491 -0.0362226 -0.0342106
79.1 -0.0827305 -0.0218447 -0.0473031 -0.0442959
79.2 -0.0915395 -0.0235259 -0.0522975 -0.0536292
79.3 -0.0975537 -0.0299039 -0.0518034 -0.0616903
79.4 -0.104074 -0.0360952 -0.050879 -0.0668838
79.5 -0.11372 -0.0379173 -0.0535446 -0.0681087
79.6 -0.124838 -0.036841 -0.0587048 -0.0663232
79.7 -0.13314 -0.038038 -0.062309 -0.0636964
79.8 -0.136566 -0.0420641 -0.063201 -0.0614487
79.9 -0.136231 -0.0443429 -0.0633123 -0.0597638
80 -0.13443 -0.0426484 -0.0631657 -0.058486
80.1 -0.133477 -0.0390658 -0.0615198 -0.0570322
80.2 -0.134506 -0.0352143 -0.0582148 -0.0547801
80.3 -0.135889 -0.0313231 -0.0538062 -0.0514616
80.4 -0.134884 -0.0277061 -0.0485328 -0.0469796
80.5 -0.130436 -0.0244829 -0.0427108 -0.0412196
80.6 -0.122712 -0.0216571 -0.0367048 -0.0340697
80.7 -0.111983 -0.0193939 -0.0307702 -0.0254389
80.8 -0.0973448 -0.0181452 -0.0249552 -0.0152693
80.9 -0.076572 -0.0180849 -0.019001 -0.00428939
81 -0.0490168 -0.0181666 -0.0118395 0.00333713
81.1 -0.0179032 -0.0160329 -0.00348635 0.00285203
81.2 0.00756961 -0.00573991 0.000617417 -0.00159317
81.3 0.0199252 0.0127028 -0.00055375 -0.00178478
81.4 0.0229856 0.0264272 0.00256147 0.00223703
81.5 0.023635 0.028486 0.0132504 0.00681009
81.6 0.0247492 0.0247556 0.024697 0.0115643
81.7 0.0274992 0.0231392 0.0303907 0.0172729
81.8 0.0336638 0.0258831 0.029737 0.0234106
81.9 0.0457292 0.0301612 0.026847 0.0282884
82 0.0653675 0.0337537 0.0245176 0.0309302
82.1 0.0923213 0.0358633 0.0235059 0.0313024
82.2 0.123628 0.0364116 0.0238868 0.0297572
82.3 0.154457 0.0362821 0.0249098 0.0270179
82.4 0.180851 0.0365061 0.0258188 0.0236315
82.5 0.201721 0.0372513 0.0264499 0.0198888
82.6 0.217883 0.0384104 0.0268033 0.0160263
82.7 0.231011 0.0399415 0.0268895 0.0122167
82.8 0.242944 0.0415855 0.0268637 0.0086515
82.9 0.254433 0.0429533 0.0268274 0.00591631
83 0.264698 0.0436722 0.026778 0.00490807
83.1 0.272027 0.0436555 0.0268202 0.00582667
83.2 0.275164 0.0435328 0.0269079 0.00789547
83.3 0.27422 0.0433732 0.0268323 0.00999345
83.4 0.269437 0.0421288 0.026358 0.0111627
83.5 0.260215 0.0396454 0.0250047 0.0110092
83.6 0.246011 0.0364667 0.0224528 0.00956019
83.7 0.227114 0.0328358 0.0185587 0.00717229
83.8 0.204632 0.0287125 0.0133674 0.00459206
83.9 0.17898 0.0234382 0.00800611 0.00225633
84 0.14795 0.0166878 0.00384997 0.000557836
84.1 0.108504 0.00975302 0.00140111 0.000125501
84.2 0.0601979 0.00489023 0.0010201 0.000434186
84.3 0.00618771 0.00316762 0.00166336 0.000638778
84.4 -0.044987 0.000698813 0.000596165 0.000627436
84.5 -0.0859246 -0.00677876 -0.00335643 -0.000525668
84.6 -0.118767 -0.015948 -0.00985902 -0.00357797
84.7 -0.148375 -0.0217632 -0.0185969 -0.00779091
84.8 -0.176248 -0.0230766 -0.0287478 -0.0123879
84.9 -0.200902 -0.0227846 -0.0388776 -0.0171942
85 -0.219633 -0.0263881 -0.0477243 -0.0224155
85.1 -0.233624 -0.0347767 -0.0563514 -0.0284226
85.2 -0.248536 -0.0414361 -0.0689482 -0.0355736
85.3 -0.266802 -0.0416798 -0.0868026 -0.0454686
85.4 -0.282692 -0.0417325 -0.100329 -0.0632967
85.5 -0.289731 -0.0476652 -0.0996926 -0.09405
85.6 -0.288318 -0.048771 -0.0962262 -0.132833
85.7 -0.281322 -0.0383658 -0.0986996 -0.171676
85.8 -0.269057 -0.0279294 -0.0962882 -0.207385
85.9 -0.250938 -0.0220861 -0.0908086 -0.231725
86 -0.226374 -0.0183737 -0.0916822 -0.235323
86.1 -0.194659 -0.0183139 -0.0953961 -0.222315
86.2 -0.157223 -0.0211326 -0.0951162 -0.205395
86.3 -0.118249 -0.0223255 -0.0909598 -0.18998
86.4 -0.0802661 -0.0193507 -0.085826 -0.175058
86.5 -0.0418511 -0.0140549 -0.0794383 -0.160262
86.6 -0.00254944 -0.00796466 -0.0703194 -0.145493
86.7 0.0330449 0.000296952 -0.0557198 -0.130532
86.8 0.061318 0.00892256 -0.0308496 -0.114933
86.9 0.084818 0.0140122 0.00199767 -0.0950375
87 0.106737 0.0182892 0.0285208 -0.0628535
87.1 0.128236 0.02659 0.0353324 -0.0117692
87.2 0.150397 0.037315 0.0254994 0.0527535
87.3 0.174091 0.0441808 0.0151881 0.115091
87.4 0.19926 0.0440059 0.0138124 0.166712
87.5 0.223263 0.0407053 0.0192969 0.207829
87.6 0.241089 0.0411844 0.0265888 0.239192
87.7 0.249126 0.0480895 0.033593 0.25992
87.8 0.248544 0.0585125 0.0413428 0.268428
87.9 0.24599 0.0670352 0.0488545 0.267456
88 0.249504 0.0693663 0.0509137 0.26553
88.1 0.261065 0.0662229 0.0452265 0.267424
88.2 0.275198 0.0615566 0.0363119 0.269927
88.3 0.285871 0.0578018 0.027635 0.270145
88.4 0.291414 0.055568 0.0196164 0.26792
88.5 0.293602 0.0548026 0.0130696 0.263103
88.6 0.294847 0.05469 0.00973169 0.255051
88.7 0.294822 0.0547264 0.0102297 0.243656
88.8 0.290509 0.0547891 0.0126501 0.230168
88.9 0.279374 0.0546065 0.0145079 0.216079
89 0.260289 0.0543478 0.014435 0.202185
89.1 0.234443 0.0538141 0.0127191 0.188466
89.2 0.205028 0.0520528 0.0106983 0.174413
89.3 0.174046 0.0482983 0.00949742 0.159575
89.4 0.141636 0.0423392 0.00947739 0.143818
89.5 0.107232 0.03464 0.0100201 0.127434
89.6 0.0703551 0.026045 0.0100043 0.110915
89.7 0.0310479 0.0176659 0.00859593 0.0944618
89.8 -0.00633084 0.00743883 0.00504711 0.0777181
89.9 -0.0355336 -0.0066905 -0.00122643 0.0583626
90 -0.0579322 -0.0191012 -0.00905661 0.031757
90.1 -0.0785921 -0.0242681 -0.0169093 -0.00230033
90.2 -0.0995257 -0.023712 -0.0250352 -0.036998
90.3 -0.119743 -0.0230616 -0.0325932 -0.0670285
90.4 -0.138244 -0.0246565 -0.0387257 -0.0916414
90.5 -0.156434 -0.024629 -0.0451528 -0.111216
90.6 -0.17322 -0.0235704 -0.05141 -0.126164
90.7 -0.185147 -0.0253272 -0.0557863 -0.136904
90.8 -0.190769 -0.0274954 -0.0601298 -0.143834
90.9 -0.189452 -0.0267893 -0.0656534 -0.147225
91 -0.181404 -0.0247115 -0.0692561 -0.147243
91.1 -0.168285 -0.0235292 -0.0684197 -0.14467
91.2 -0.152782 -0.0224789 -0.0646955 -0.140708
91.3 -0.137424 -0.0203382 -0.059928 -0.135765
91.4 -0.121636 -0.0175991 -0.0542643 -0.129685
91.5 -0.102432 -0.0154098 -0.0474691 -0.122348
91.6 -0.0776817 -0.0145976 -0.0394928 -0.113606
91.7 -0.0474168 -0.0147171 -0.0309276 -0.103293
91.8 -0.0134435 -0.0140458 -0.0225987 -0.0912482
91.9 0.0182841 -0.00714832 -0.0145849 -0.0772166
92 0.0414205 0.00793462 -0.0045299 -0.0600947
92.1 0.0574525 0.0229905 0.00728768 -0.0356399
92.2 0.0700068 0.0329008 0.0145254 -6.15467e-05
92.3 0.0802617 0.0386611 0.0149878 0.0423719
92.4 0.0899706 0.0394551 0.0141751 0.0830827
92.5 0.0992888 0.0369157 0.0148759 0.117985
92.6 0.104943 0.0367659 0.0143788 0.147061
92.7 0.104238 0.0395809 0.0133371 0.169509
92.8 0.0970897 0.0411003 0.014814 0.184223
92.9 0.0830456 0.0400187 0.0183906 0.191718
93 0.0608662 0.0376943 0.0219437 0.193144
93.1 0.0307406 0.0350649 0.0233522 0.190676
93.2 -0.00153398 0.0283853 0.0214667 0.186957
93.3 -0.02432 0.0100927 0.0158858 0.182566
93.4 -0.0331711 -0.0150227 0.00300148 0.175909
93.5 -0.0349379 -0.0314646 -0.0169553 0.161515
93.6 -0.0353752 -0.033086 -0.0348339 0.132014
93.7 -0.0344837 -0.0249662 -0.0426557 0.0849419
93.8 -0.0293859 -0.0161035 -0.0371881 0.0226847
93.9 -0.0188752 -0.0115179 -0.0219636 -0.046108
94 -0.00567537 -0.00978835 -0.00612693 -0.108071
94.1 0.00487172 -0.00361956 0.000750934 -0.15394
94.2 0.0102027 0.00806474 -0.00219136 -0.180298
94.3 0.0140332 0.0119483 -0.00367975 -0.187542
94.4 0.0170945 0.00423251 0.000696535 -0.178712
94.5 0.0139777 -0.000908114 0.00182523 -0.157423
94.6 0.00372188 0.00252315 -0.00305028 -0.127401
94.7 -0.00578311 0.00183884 -0.00438398 -0.0933423
94.8 -0.0092931 -0.00818644 -0.00110282 -0.0573746
94.9 -0.0110338 -0.0158101 -0.00235315 -0.0190781
95 -0.0144844 -0.0152058 -0.00736203 0.0153013
95.1 -0.0178394 -0.0114467 -0.00693508 0.0346301
95.2 -0.01904 -0.00796155 0.000146268 0.0362777
95.3 -0.0171514 -0.00316128 0.00528497 0.0267937
95.4 -0.00990804 0.0013746 0.00350528 0.0123891
95.5 0.00282945 0.00114385 -0.000828015 -0.00287988
95.6 0.0143732 -0.000477266 -0.00303541 -0.0143598
95.7 0.0190433 0.00178123 -0.00192956 -0.0189576
95.8 0.018181 0.00627891 0.00122216 -0.0149246
95.9 0.0155598 0.00974881 0.00300699 -0.00116578
96 0.0135387 0.0106067 0.00330054 0.0176004
96.1 0.0125175 0.00907253 0.00483399 0.0334501
96.2 0.0115531 0.00744636 0.00720732 0.0435025
96.3 0.00982451 0.00751525 0.00827745 0.0486697
96.4 0.00741516 0.00850576 0.00802139 0.0493077
96.5 0.00485725 0.00848066 0.0077388 0.0455034
96.6 0.00290306 0.006469 0.00762496 0.0379468
96.7 0.00205891 0.00299497 0.00673376 0.0272795
96.8 0.0014209 0.000684769 0.00369518 0.013524
96.9 -6.39714e-05 0.000688639 -0.0012006 -0.00154104
97 -0.00166419 -0.000571977 -0.00489797 -0.0136152
97.1 -0.00312751 -0.00411512 -0.00628532 -0.0200713
97.2 -0.00553263 -0.00636213 -0.0073576 -0.0210645
97.3 -0.00873771 -0.00621535 -0.00867111 -0.0177687
97.4 -0.011221 -0.00602392 -0.00870224 -0.0116946
97.5 -0.0122204 -0.00671145 -0.00718017 -0.00408604
97.6 -0.0121533 -0.00652452 -0.00449216 0.00149689
97.7 -0.0108548 -0.00439125 -0.000857168 0.00102826
97.8 -0.00690476 -0.00131907 0.000421893 -0.00215991
97.9 0.000106372 0.000138887 -0.00169281 -0.00216356
98 0.00653312 -4.79127e-05 -0.0018869 -6.41392e-05
98.1 0.00814038 0.00186147 0.00173949 0.000943969
98.2 0.00588976 0.00644669 0.00535259 0.0013985
98.3 0.00362091 0.00986249 0.00682454 0.0025633
98.4 0.00333746 0.00951611 0.0066755 0.00410478
98.5 0.00446015 0.00627511 0.00558367 0.00482904
98.6 0.00509039 0.00293368 0.00360355 0.00386027
98.7 0.00341612 0.00186874 0.00101885 0.00104471
98.8 -8.44455e-05 0.00170311 -0.000721774 -0.00212337
98.9 -0.00277045 -0.000818885 -0.00117454 -0.00286987
99 -0.00409169 -0.00409721 -0.00192239 -0.00101719
99.1 -0.00561793 -0.00423834 -0.0031433 8.28108e-05
99.2 -0.00687082 -0.00239766 -0.00295538 -0.00146545
99.3 -0.00578394 -0.00221062 -0.00148277 -0.00308128
99.4 -0.0026202 -0.00295768 -0.00131959 -0.00195283
99.5 -2.98912e-05 -0.00171409 -0.00212975 0.000307079
99.6 0.000803126 0.000785354 -0.000416866 0.000366546
99.7 0.00136464 0.00215074 0.00268312 -0.000259747
99.8 0.00271154 0.00240334 0.00288432 0.00149578
99.9 0.00385207 0.0023907 0.00122104 0.00349564
100 0.00347475 0.00223691 0.00131485 0.00251232
100.1 0.00179408 0.0021173 0.00223797 -1.45996e-05
100.2 0.000419353 0.00144747 0.00103234 -0.000395467
