0.1 0.0333279 0.0162931 0.00835878 0.00477483 0.00339568
0.2 0.0285488 0.0371947 0.0304779 0.0230661 0.0189639
0.3 0.0177934 0.0273819 0.0413324 0.0467512 0.0475975
0.4 0.0296526 0.0263547 0.0345485 0.0503453 0.0608572
0.5 0.0350311 0.0457073 0.0408605 0.0365752 0.0368397
0.6 0.0625293 0.0490049 0.0455377 0.0319683 0.0188849
0.7 -0.0143023 0.0160424 0.0211851 0.0297425 0.0349906
0.8 0.0662247 0.0106674 0.0106069 0.0210376 0.0335624
0.9 -0.0950517 0.00162244 0.0116809 0.00548692 -0.00444176
1 -0.0546611 -0.0909846 -0.0575831 -0.0418639 -0.0380458
1.1 -0.0118717 -0.0693445 -0.11652 -0.110245 -0.0925128
1.2 0.0803484 0.0463091 -0.0235659 -0.0966877 -0.1371
1.3 0.0255895 0.0463822 0.0631573 0.0321569 -0.00690392
1.4 0.0349451 0.0310169 0.0626108 0.14505 0.207295
1.5 -0.35126 -0.0923922 0.0415561 0.116683 0.16751
1.6 -0.00117603 -0.180816 -0.129327 -0.100856 -0.117247
1.7 0.0823248 0.0168706 -0.22661 -0.336382 -0.359935
1.8 0.0705858 0.000726886 -0.0658733 -0.227631 -0.321503
1.9 -0.318469 -0.223801 -0.0751494 0.0424949 0.0468871
2 -0.297996 -0.238746 -0.166829 0.0197937 0.207555
2.1 -0.0417245 -0.0627972 -0.0549187 -0.132588 -0.183236
2.2 -0.165618 -0.0619969 -0.129493 -0.250449 -0.414494
2.3 0.666483 0.0599242 -0.1747 -0.216094 -0.125719
2.4 0.479848 0.619983 0.441787 0.312289 0.246789
2.5 -0.4302 0.252397 0.709502 0.843848 0.762573
2.6 -0.376437 -0.415411 0.110505 0.577959 0.937733
2.7 0.338739 0.118704 -0.32101 -0.270558 -0.118472
2.8 0.755908 0.54687 0.15578 -0.641931 -1.0697
2.9 -1.24709 -0.600679 -0.295978 -0.140949 -0.5888
3 0.599702 -0.845765 -0.908066 -0.375044 0.47681
3.1 0.601442 1.0961 0.473099 -0.0517055 -0.111396
3.2 -0.461906 0.559947 1.27771 0.990428 -0.127842
3.3 -0.124356 -0.602976 -0.111968 0.578194 1.24091
3.4 -0.189742 -0.185493 -0.947575 -0.361534 1.08502
3.5 0.0946166 0.0502329 0.553974 -0.332419 -1.28697
3.6 -0.906384 -0.30739 -0.365286 -0.348091 -1.52929
3.7 0.851855 -0.388575 -1.05598 -1.05995 -0.174572
3.8 1.04112 0.284951 0.0111555 -0.179736 0.0915833
3.9 -0.660691 0.688854 1.25944 1.05757 0.130871
4 -1.54259 -0.0451956 0.342569 0.886614 1.07795
4.1 0.141331 -1.41687 -0.924883 -0.131674 1.24171
4.2 -0.600971 -0.521383 -0.840357 -1.01312 -0.638453
4.3 -0.452458 -0.0457753 -0.378076 -0.626229 -2.07342
4.4 -0.982556 -0.410742 -0.311408 -1.04933 -1.9337
4.5 -1.25407 -1.31132 -1.47241 -1.66841 -0.34701
4.6 1.28972 -1.58528 -2.03528 -0.748639 -0.421701
4.7 1.57169 0.976446 0.760141 -0.462006 -1.26673
4.8 -1.24013 2.15399 0.949836 0.239675 -0.389073
4.9 -0.425285 -0.642826 1.4986 1.2141 0.483723
5 1.52732 -1.02569 -0.177825 1.14309 2.07501
5.1 -0.174898 1.83558 -1.10852 0.858617 1.98347
5.2 0.71313 0.619995 2.81225 -0.00532325 0.441056
5.3 -0.119928 0.296355 1.23271 0.966851 0.279078
5.4 -1.90347 -0.0367345 -1.9686 1.82283 0.182516
5.5 -0.45059 -1.5113 0.123946 -1.37441 0.483421
5.6 3.06805 -0.826786 0.0226368 -2.36556 0.116993
5.7 4.42923 3.931 -1.50023 0.892157 -1.81171
5.8 -6.61939 1.29997 2.84209 0.87812 -1.76481
5.9 -4.25859 -5.36479 2.05997 -0.107976 0.346185
6 3.77663 -1.52637 -6.16341 0.185451 1.7478
6.1 8.93178 3.33501 -2.4553 -2.23108 1.35117
6.2 -10.6988 0.671723 5.21786 -2.04862 -1.04401
6.3 -4.45606 -3.54193 1.79811 1.63083 -2.3173
6.4 8.35705 -0.716945 -5.89104 3.86928 -1.55592
6.5 3.06972 2.95298 -0.614415 -2.24251 0.199023
6.6 -5.27887 1.20891 4.70987 -4.57492 1.57806
6.7 -0.598181 -1.64404 1.99236 0.318435 -0.481421
6.8 -6.47539 -1.06891 -4.9714 3.95867 -0.960253
6.9 7.80736 -3.06608 -2.80275 0.77953 -0.412681
7 7.09569 0.366645 1.05709 -2.44214 1.71363
7.1 -4.76915 5.66859 2.71527 -2.61976 0.789113
7.2 8.64943 2.20804 3.75648 0.969924 -0.299137
7.3 -17.9485 0.341 0.973671 5.14207 -1.47455
7.4 7.23128 -3.10437 -0.253535 3.08963 -0.268643
7.5 -0.790761 0.00646412 -0.701742 -1.44171 2.00044
7.6 3.94667 1.22717 -1.93698 -1.33923 1.97356
7.7 -9.15829 -1.71712 -0.786955 -1.51181 1.67356
7.8 6.86836 -3.27669 -0.45923 -0.300842 0.0141653
7.9 1.0464 0.779984 -1.0578 -0.718478 0.17896
8 -10.2707 1.51099 -1.34024 -1.04115 -0.803872
8.1 -4.941 -4.68703 0.535522 -0.576088 -2.76884
8.2 -6.90229 -1.24752 -2.50922 -1.79332 -3.01344
8.3 -8.8592 -1.69031 -2.25137 -2.80283 -3.33261
8.4 11.1598 -1.51385 -2.02878 -2.54398 -3.03891
8.5 -7.02219 -1.28707 -1.76053 -2.50946 -2.43647
8.6 2.84696 -1.72346 -2.64492 -1.86197 -1.79394
8.7 7.10428 -2.66136 -1.13926 -1.25846 -1.14043
8.8 -5.14071 -1.35853 -1.53547 -1.36462 -1.2793
8.9 14.8124 1.84654 -0.476586 -0.914838 -1.18265
9 3.06113 0.565619 1.01531 0.434974 0.12672
9.1 -0.103339 0.564495 0.84668 0.605418 0.484035
9.2 6.1811 0.607772 1.16322 0.825875 0.663989
9.3 -0.554826 0.675509 1.34686 1.09138 0.821369
9.4 -7.24863 0.47451 0.37561 1.40628 0.537223
9.5 5.60911 0.437243 -0.254918 1.83135 0.492435
9.6 9.30553 4.05044 2.28802 0.290099 1.73579
9.7 -11.8328 2.25721 3.68689 0.915102 1.79826
9.8 3.13723 0.865428 3.37333 1.29796 1.41907
9.9 -10.9149 1.90372 -0.433146 2.91311 1.09867
10 -8.89283 -2.35425 -1.17133 1.71102 0.740751
10.1 -4.98939 -1.84906 -1.27046 -0.848913 1.04328
10.2 3.66045 -2.92818 -1.22481 -2.17083 0.931657
10.3 6.32626 -0.866538 -2.39048 -0.317483 -0.234385
10.4 -6.02675 -0.452575 -2.50959 -0.363203 -0.240881
10.5 -1.27345 -1.38537 -1.53203 -0.926532 -0.499775
10.6 10.6075 -1.24635 1.37675 -2.79204 -0.214664
10.7 -7.05114 -0.307453 1.34535 -2.35345 -0.910457
10.8 15.6375 1.21009 -1.09478 0.859146 -1.4197
10.9 -19.2094 1.92029 -2.01976 1.27208 -2.00967
11 -2.05189 -1.05057 -0.0641173 -0.0346477 -2.57477
11.1 1.07353 -1.48502 2.25694 -3.52222 -1.00721
11.2 -4.40288 -0.999033 -1.18653 -0.860613 -1.04786
11.3 4.532 -0.776032 -1.74644 -0.327455 -1.10112
11.4 -7.45093 -0.897772 -2.73084 0.412688 -0.998361
11.5 0.587196 -2.83591 -1.06096 -1.03707 -1.1306
11.6 9.15585 -3.54434 -0.578447 -1.15399 -0.704847
11.7 5.82214 2.99511 -2.15291 -0.867472 -0.142398
11.8 0.464246 1.2186 1.63919 -2.22197 0.0794019
11.9 2.53767 0.297082 0.454262 0.346274 0.0197288
12 5.27102 0.472555 0.745643 0.71795 0.205016
12.1 -1.45933 0.424351 0.896132 0.996939 0.277723
12.2 7.00781 0.469729 0.569005 1.62262 0.60169
12.3 -4.97984 0.461684 0.299405 2.0244 0.652487
12.4 3.86358 0.429845 1.43231 0.707846 0.617419
12.5 0.566293 3.30315 1.72341 0.46035 0.887314
12.6 0.703719 3.46503 2.24096 0.329558 1.74229
12.7 -6.56295 1.40162 3.34218 1.15274 1.45593
12.8 -2.05817 0.653173 2.92478 1.07789 1.08706
12.9 2.01333 2.31972 -1.38619 2.97543 1.03199
13 -0.821287 -2.15409 0.188922 2.77323 1.05081
13.1 0.977243 -0.214505 0.137721 1.70808 1.6604
13.2 -2.92792 1.92942 0.273266 -1.26477 1.9871
13.3 -1.88249 -0.61204 0.473238 -1.34796 1.69946
13.4 -4.48552 -0.539722 -0.563906 0.486353 -0.0611657
13.5 -0.733899 -0.473761 -1.42526 0.772383 -0.253077
13.6 0.0375541 -1.03193 0.12229 -0.265554 -0.273923
13.7 0.150527 -1.05019 -0.434971 -0.279984 -0.260389
13.8 -3.50923 -2.25302 -1.09458 -0.414227 -0.364271
13.9 -4.74761 -1.0181 -2.63812 -0.726958 -0.622717
14 0.180903 -0.929113 -2.73824 -0.947308 -0.745137
14.1 -4.59514 -1.71126 -0.419047 -2.68538 -0.863737
14.2 -1.40817 -1.62559 0.712317 -4.22774 -1.05434
14.3 2.86976 -1.35659 -0.978016 -1.67183 -1.96673
14.4 1.01227 0.30548 -4.19194 0.15796 -2.5504
14.5 0.861486 -2.18055 -1.40791 -0.321248 -2.64898
14.6 -2.29883 -3.02728 0.793022 -1.99987 -2.52273
14.7 0.305276 -0.802627 -1.41809 -1.9346 -2.42278
14.8 0.132467 -0.736498 -1.31211 -2.22233 -1.82083
14.9 -0.78621 -0.71051 -2.44802 -1.20293 -1.41847
15 1.29864 -0.648289 -1.60862 -1.70234 -1.37602
15.1 1.75593 -1.73253 0.0515499 -1.35282 -1.55161
15.2 0.457591 1.24144 -1.0421 0.0953562 -0.681153
15.3 -2.03848 -0.0738531 -0.0325926 -0.194451 -0.253925
15.4 0.126459 -0.212815 -0.00838354 -0.25369 -0.28848
15.5 2.5071 -0.178786 0.144144 -0.154036 -0.171326
15.6 1.56914 -0.0668873 0.306255 -0.00592262 -0.0143094
15.7 1.73858 0.0490542 0.401307 0.115526 0.107384
15.8 -1.67543 0.0787082 0.354358 0.130242 0.114933
15.9 0.314197 0.232398 0.0831109 0.10205 0.0755438
16 2.67636 0.315681 0.175534 0.218914 0.181689
16.1 0.473279 0.308964 0.0458961 0.651567 0.287706
16.2 -1.9244 0.25613 -0.460489 1.03095 0.241431
16.3 -3.04908 0.0522475 0.130237 0.109955 0.0895968
16.4 1.02917 -0.0581217 0.280143 -0.906982 0.800022
16.5 -2.54862 -0.135435 0.0661477 -0.844076 0.838566
16.6 -0.0824852 -0.3308 -0.843589 0.612185 0.158057
16.7 1.21099 -0.569406 -0.376856 0.993556 -0.266718
16.8 1.69399 -0.622486 0.949337 -0.0618236 -0.0680584
16.9 1.13003 0.340735 0.37074 -0.383167 0.26003
17 3.41051 0.741973 0.112922 0.053153 0.282711
17.1 2.21412 0.972378 0.158156 0.473755 0.304663
17.2 -1.83894 0.642699 0.462255 0.554872 0.237035
17.3 2.51455 1.19561 1.04902 0.540016 0.284874
17.4 1.40779 1.56871 1.62043 1.09988 0.60455
17.5 -1.20936 1.33968 1.98215 1.03395 1.11285
17.6 -1.04838 1.25751 2.1608 0.977742 1.08085
17.7 0.834119 2.24439 1.2491 1.00333 1.02087
17.8 1.61398 1.76733 1.80316 1.13795 1.05173
17.9 1.39842 1.2508 1.49552 2.16444 1.10694
18 -0.0679882 0.913416 0.8221 3.0606 1.1303
18.1 -0.611174 0.61805 0.959503 2.74348 1.12879
18.2 1.94732 1.02175 1.15375 0.828274 2.26441
18.3 1.83554 1.70137 1.27319 0.203901 2.24078
18.4 -0.0852526 0.964167 0.646302 1.5318 2.15176
18.5 0.0724131 0.50212 1.03968 1.39317 2.0106
18.6 1.39793 0.662233 1.38725 0.468428 1.92711
18.7 -1.46185 0.752641 -0.069276 1.19882 0.424683
18.8 -0.118355 0.0339417 0.0802873 0.172474 0.291097
18.9 0.104042 0.0218931 0.0935623 0.139439 0.269657
19 -0.659989 0.0137496 0.0675046 0.0908902 0.230508
19.1 -1.17019 -0.0228832 -0.0148267 0.00453503 0.150711
19.2 -1.08031 -0.0745474 -0.108291 -0.0889106 0.0608372
19.3 -0.577488 -0.119322 -0.166169 -0.155672 -0.00529784
19.4 -0.290837 -0.152882 -0.180205 -0.190801 -0.0428094
19.5 -2.31267 -0.254082 -0.242351 -0.278634 -0.136268
19.6 -2.3334 -0.643905 -0.390643 -0.425406 -0.292018
19.7 0.538429 -2.58543 -0.656589 -0.468259 -0.345548
19.8 0.45845 -1.00795 -1.9632 -0.427278 -0.305414
19.9 0.353343 -0.546266 -2.1406 -0.424868 -0.275335
20 1.4346 -0.460392 -0.590646 -1.68287 -0.220208
20.1 0.236613 -0.70492 0.422369 -2.08684 -0.185632
20.2 -1.05881 -0.552662 0.508911 -2.1958 -0.263611
20.3 1.36472 -0.381341 -0.605197 -0.0771999 -1.24019
20.4 -1.36067 -0.225426 -0.731257 0.766369 -1.96377
20.5 -0.370763 -0.179483 -0.753895 0.922619 -2.23201
20.6 0.697699 -0.118552 -0.559662 0.696172 -2.07504
20.7 1.21459 0.136389 -0.19703 -0.992829 -0.435082
20.8 1.90676 0.430664 1.43617 -2.31115 -0.284936
20.9 -0.52399 0.537669 -0.600543 -0.196308 -0.213375
21 -0.944909 -0.0032686 -0.16007 -0.203955 -0.244945
21.1 -1.79416 -0.142204 -0.213325 -0.254876 -0.315652
21.2 -1.33745 -0.375651 -0.272675 -0.314866 -0.393968
21.3 0.31989 -0.456031 -0.267077 -0.301445 -0.397078
21.4 -0.895603 -0.500981 -0.301944 -0.23602 -0.384433
21.5 0.632169 -0.51798 -0.59433 0.0918825 -0.360218
21.6 0.390106 -0.488661 -0.775672 0.391557 -0.291012
21.7 -0.533486 -0.426676 -0.189778 -0.155893 -0.259607
21.8 0.35551 -0.423036 0.0661353 -0.395013 -0.229535
21.9 -0.352044 -0.157465 -0.0790676 -0.653327 -0.0161128
22 0.562673 -0.0100139 -0.390381 -1.04575 0.641302
22.1 0.389144 0.00153083 -0.568561 -0.413704 0.372326
22.2 0.510105 -0.0642086 -1.01127 0.94164 -0.29101
22.3 -0.234767 -0.5139 0.358098 0.167765 -0.340538
22.4 0.00282151 -0.72432 0.872938 -0.213605 -0.233448
22.5 -0.283061 -0.0519297 0.209604 -0.308807 -0.120083
22.6 0.111098 0.302319 -0.371506 -0.117694 -0.0444443
22.7 -0.104086 0.436787 -0.577714 -0.103269 0.0694659
22.8 -0.258635 0.0933062 -0.2184 -0.0618502 0.0108209
22.9 -2.25242 -0.336227 0.14916 -0.127324 -0.15592
23 -1.8817 -0.63219 0.156906 -0.199348 -0.302779
23.1 -0.0837788 -0.634789 -0.470436 -0.0815818 -0.326113
23.2 -0.22401 -0.454716 -0.639999 -0.249949 -0.116085
23.3 0.510647 -0.297191 -0.458697 -0.537184 -0.0365369
23.4 -0.158822 -0.189077 -0.354031 -0.32768 -0.305411
23.5 -0.723548 -0.193382 -0.25401 -0.328051 -0.431944
23.6 0.742409 -0.252986 -0.0783523 -0.297288 -0.489982
23.7 0.463678 -0.0850311 -0.109563 -0.237164 -0.437239
23.8 -0.00907131 0.126621 -0.196439 -0.144185 -0.347877
23.9 -0.761101 0.252993 -0.0409895 -0.209273 -0.265662
24 -0.0161267 0.35885 0.119639 -0.236708 -0.169484
24.1 -0.824875 -0.33298 0.26589 -0.231063 0.0448189
24.2 -0.183799 -0.926291 -0.33025 0.414772 0.234161
24.3 1.96101 0.198115 -0.665142 0.422623 0.380686
24.4 1.93693 0.624307 0.479985 0.245755 0.533608
24.5 1.17354 0.516358 1.26649 0.050542 0.546626
24.6 0.713507 0.664865 0.805656 0.776157 0.318222
24.7 -0.379995 1.05384 0.252116 0.958393 0.265525
24.8 0.730721 0.595934 0.654657 0.631501 0.600768
24.9 1.73813 0.516982 0.851124 0.550755 0.798022
25 0.369146 0.572993 0.830781 0.677253 0.821774
25.1 0.70941 0.828289 0.622156 0.688025 0.807519
25.2 1.29599 0.972352 0.804996 0.723316 0.822544
25.3 0.206397 1.71685 1.27771 0.747194 0.818473
25.4 -0.308121 1.49657 2.09866 0.771291 0.730385
25.5 0.66963 1.53081 2.07202 0.817978 0.694903
25.6 -0.483301 0.866369 0.496829 0.885255 0.65818
25.7 -0.640231 -0.0353225 -0.341737 0.894198 0.585006
25.8 -0.041051 -0.553737 -0.43289 1.37491 0.53882
25.9 0.011621 -0.680147 -0.363248 1.3644 0.529918
26 0.355659 0.139538 0.0788448 0.073115 0.543916
26.1 1.31658 0.255571 0.0961108 0.0473492 0.596746
26.2 -0.203315 0.284438 0.156737 0.0165805 0.617855
26.3 -0.123666 0.164561 0.261132 -0.0441038 0.579509
26.4 0.670993 0.164669 0.295291 -0.0532998 0.561041
26.5 -0.377191 0.254469 0.213396 0.10486 0.368081
26.6 -0.882522 0.217135 0.1485 0.0521453 0.291041
26.7 0.215905 0.175952 0.125386 0.028565 0.234982
26.8 0.305225 0.13694 0.177784 0.0513451 0.218486
26.9 0.722945 0.156332 0.202623 0.0948517 0.217235
27 -1.32275 0.14236 0.148176 0.086746 0.160929
27.1 -2.454 0.00816186 6.42445e-05 -0.0220835 0.00312665
27.2 -1.6043 -0.141627 -0.146777 -0.132 -0.153939
27.3 -0.448106 -0.226125 -0.212452 0.561535 -0.970905
27.4 -0.209633 -0.483463 -0.236742 0.507964 -0.957204
27.5 0.102344 -2.35783 -0.44623 -0.411949 -0.0543275
27.6 -0.732099 -0.826718 -1.7035 -0.683793 0.0444666
27.7 0.0564658 -0.422265 -0.655282 -1.98739 -0.0109554
27.8 0.227243 -0.331607 -0.393757 -1.69631 -0.438157
27.9 -0.622588 -0.275706 -0.44264 -0.996925 -1.02947
28 0.971879 -0.215722 -0.927005 -0.379804 -1.01522
28.1 1.16533 -0.132956 -0.800242 -0.239405 -0.931584
28.2 0.399246 -0.563626 -0.1635 -0.182317 -0.856328
28.3 -0.15399 -0.134065 -0.0674711 -0.198403 -0.813598
28.4 0.44663 -0.110938 -0.00592344 -0.213149 -0.757699
28.5 -0.471935 -0.0506155 -0.0326111 -0.496705 -0.429313
28.6 0.322002 -0.0363473 -0.211942 -0.300312 -0.403376
28.7 -0.118524 -0.035068 -0.181922 -0.267467 -0.366886
28.8 0.143722 -0.0439149 -0.156661 -0.241155 -0.337501
28.9 -0.397434 -0.073123 -0.133115 -0.224198 -0.318088
29 0.436207 -0.096877 -0.0979637 -0.197083 -0.289299
29.1 0.760445 -0.0798602 -0.192281 0.0344972 -0.222942
29.2 -0.518002 -0.0986261 -0.250241 0.165671 -0.189475
29.3 -1.20335 -0.196738 -0.241046 0.104977 -0.218891
29.4 -0.69547 -0.343981 -0.018535 -0.14123 -0.24905
29.5 0.530923 -0.450587 0.155132 -0.201892 -0.218835
29.6 0.688643 -0.104414 -0.140569 -0.289902 0.0434267
29.7 -0.0571514 0.115458 -0.409387 -0.842357 0.786825
29.8 0.038123 -0.0718037 -0.825014 -0.094473 0.691377
29.9 -0.539142 -0.501061 -0.374619 0.405632 0.1533
30 0.304721 -1.15253 0.999096 0.185426 -0.323889
30.1 -0.267777 0.54741 0.0191753 0.14708 -0.378684
30.2 -0.286193 2.21622 -0.0613017 -0.00587136 -0.263408
30.3 -0.122218 0.785307 1.20513 -0.032489 -0.104356
30.4 -0.155225 -0.470291 0.803147 0.352521 0.460892
30.5 -0.572223 -0.641604 0.391838 0.477651 0.566664
30.6 -0.5434 -0.0183723 -0.519955 0.433836 0.514023
30.7 -0.817384 -0.642951 -1.21139 0.36873 0.441161
30.8 -0.41202 -0.803807 -1.12333 0.102062 0.375375
30.9 0.211178 -1.1202 -0.492688 -0.2303 0.298733
31 -0.440182 -0.409393 0.375863 -1.57541 0.245255
31.1 0.328538 0.149547 0.177075 -0.667608 -0.759243
31.2 0.791845 0.69492 -0.320397 -0.309683 -0.723296
31.3 0.195218 1.2679 -0.306067 -0.124795 -0.685536
31.4 -0.73488 0.172757 0.257575 -0.0905499 -0.68797
31.5 -0.944724 -0.971944 0.649353 0.0349823 -0.71315
31.6 0.257611 -0.840409 -0.0501134 0.132051 -0.536057
31.7 0.588824 -0.358689 -1.10282 0.750976 -0.413667
31.8 1.51981 0.21141 -0.288915 -0.0611745 -0.296544
31.9 1.06173 1.56113 0.441614 -0.364967 -0.167045
32 1.07642 1.14421 1.47619 -0.464609 0.0534428
32.1 0.764365 0.318101 1.4796 -0.331831 0.881608
32.2 -0.0813681 0.311422 0.352717 0.735614 0.927708
32.3 -0.100334 0.597553 -0.0452446 0.775752 0.861263
32.4 0.746698 0.232315 0.284436 0.916968 0.727538
32.5 1.07137 0.150257 0.438435 0.868852 0.838424
32.6 0.694649 0.202803 0.48247 0.90343 0.843107
32.7 0.199359 0.536362 0.207579 0.890147 0.819614
32.8 -0.349031 0.354117 0.38958 0.824167 0.764292
32.9 -0.140581 0.359673 0.768366 0.331878 0.700891
33 0.459927 0.818221 0.296103 0.375153 0.605088
33.1 0.310219 0.518424 0.60048 0.43091 0.533535
33.2 0.120481 0.321128 0.751094 0.446153 0.504258
33.3 -0.0893334 0.733488 0.260451 0.448677 0.462478
33.4 -0.999032 0.0242789 0.211066 0.516812 0.275636
33.5 -1.38887 -0.0226776 0.120929 0.42217 0.117006
33.6 -1.43185 0.107833 -0.205102 0.23103 0.0720165
33.7 -0.477633 -0.0938854 -0.124283 0.0593986 0.0713599
33.8 -0.620144 -0.285976 0.00895846 -0.0774812 0.0944392
33.9 -0.691707 -0.16321 -0.185606 -0.166531 0.0628679
34 -0.813147 -0.541465 -0.253293 -0.185507 -0.0436832
34.1 0.119882 -2.29646 -0.497665 -0.148326 -0.149196
34.2 -0.32535 -0.770905 -1.82354 -0.11643 -0.233657
34.3 -0.0259008 -0.364316 -1.65146 -0.358576 -0.444835
34.4 0.236159 -0.304723 -0.151412 -1.43046 -0.738677
34.5 -0.35767 -0.289711 0.787061 -2.06451 -0.917797
34.6 -0.128245 -0.231392 0.788759 -2.03702 -0.920969
34.7 -0.294553 -0.137053 -0.977615 -0.260448 -0.938466
34.8 -0.0921812 -0.0753979 -1.05488 -0.150418 -0.947262
34.9 -0.0623967 -0.0729741 -1.03356 -0.0826117 -0.92871
35 -0.067705 -0.647198 -0.413124 -0.0601608 -0.890169
35.1 -0.0248888 -0.656583 -0.212898 -0.271414 -0.761209
35.2 -0.0752533 -0.624458 -0.174116 -0.490592 -0.507912
35.3 0.240445 -0.455591 -0.277542 -0.46398 -0.4624
35.4 0.571197 0.0640174 -0.370911 -0.352425 -0.398519
35.5 0.633671 0.140427 -0.339975 -0.292293 -0.32559
35.6 0.879037 0.0229249 -0.0937387 -0.226244 -0.246976
35.7 -0.233518 0.0343903 -0.037758 -0.190231 -0.201682
35.8 -0.697951 -0.0157664 -0.10507 -0.13273 -0.210683
35.9 -0.358984 -0.0820017 -0.204698 -0.0430418 -0.222224
36 0.219416 -0.126553 -0.214093 0.0248377 -0.201078
36.1 -0.0157498 -0.161151 -0.138681 0.0304387 -0.167724
36.2 0.0656137 -0.191492 0.0209534 -0.0693641 -0.139636
36.3 0.832264 -0.170204 0.0874402 -0.273597 0.147708
36.4 0.639232 -0.121309 0.0450812 -0.701661 0.814905
36.5 0.143368 -0.153983 -0.656454 0.380193 0.616627
36.6 0.0670593 -0.287294 -0.376972 0.743886 0.177462
36.7 0.356493 1.42083 0.869218 0.0561831 -0.0496541
36.8 0.233309 0.599617 2.05027 0.0812163 -0.0369717
36.9 0.288491 0.504289 0.927949 1.00025 0.193765
37 0.302418 1.26128 -0.16187 0.76248 0.703713
37.1 0.156295 0.228071 0.821507 0.658374 0.775766
37.2 0.255365 0.0399576 0.959339 0.646365 0.752201
37.3 0.0762995 1.03053 -0.0861939 0.63486 0.725826
37.4 -0.0176939 0.372602 0.505975 0.605761 0.690696
37.5 -0.0518548 -0.0493313 0.857489 0.570146 0.652253
37.6 -0.192549 0.81193 -0.0847827 0.53123 0.609251
37.7 -0.236811 -0.0350968 0.0734298 0.478119 0.56168
37.8 -0.199944 -0.217081 0.466407 0.18018 0.514593
37.9 -0.157831 0.498076 -0.283313 0.17973 0.433022
38 -0.123711 0.298664 -0.10438 0.197773 0.332986
38.1 -0.0871938 -0.123948 0.310705 0.152391 0.296398
38.2 -0.0733972 -0.273434 0.452321 0.118119 0.261196
38.3 -0.0660634 0.227293 -0.0614203 0.0967543 0.226364
38.4 -0.0570807 0.257702 -0.102573 0.0779631 0.191924
38.5 -0.0493175 0.108927 0.0409249 0.057226 0.158136
38.6 -0.0434004 -0.450303 0.17919 0.0614521 0.0478782
38.7 -0.0368953 -1.57838 0.0752349 0.411311 -0.565236
38.8 -0.0310698 -0.260118 -0.497502 -0.39688 -0.640182
38.9 -0.0254195 0.0863253 -0.475032 -0.901664 -0.486833
39 -0.0198582 0.0706329 -0.34635 -0.865634 -0.621926
39.1 0 0.117682 -0.373029 -0.687921 -0.710558
