0.1 -2.3212e-05 -1.08116e-05 -4.88359e-06 -1.87926e-06
0.2 -0.000190645 -0.000103437 -5.2688e-05 -2.19784e-05
0.3 -0.000403767 -0.00030281 -0.000190004 -8.96589e-05
0.4 -0.00025676 -0.000321324 -0.000272675 -0.000151739
0.5 9.70428e-05 3.94356e-05 -3.01138e-05 -4.03157e-05
0.6 0.000302548 0.000366229 0.0003344 0.000194113
0.7 0.000316582 0.000307466 0.000283313 0.000182223
0.8 -0.000102537 -7.05525e-05 -0.000106416 -8.46847e-05
0.9 -0.00078436 -0.000617511 -0.000415897 -0.000219781
1 -0.00107911 -0.000903396 -0.000594526 -0.000266058
1.1 -0.000619765 -0.000586835 -0.000505532 -0.000304717
1.2 0.000204778 0.000117777 4.56079e-05 -5.02251e-06
1.3 0.000565094 0.00065157 0.00058539 0.00037144
1.4 0.000315258 0.000425993 0.000393542 0.000218262
1.5 -0.000216245 -0.000325473 -0.000319354 -0.00019927
1.6 -0.00093536 -0.000806928 -0.000633837 -0.000335297
1.7 -0.00127242 -0.000897924 -0.000513231 -0.000245264
1.8 -0.000750203 -0.000674893 -0.000480216 -0.000225241
1.9 -0.000122177 -0.000143481 -0.000220354 -0.000163994
2 2.75306e-05 0.000196544 0.000263596 0.000148237
2.1 2.87626e-05 0.000102094 0.000188147 0.000189884
2.2 0.000125865 -5.47959e-05 -0.000200027 -0.00018439
2.3 -0.000125982 -0.000110918 -0.000125266 -0.000115117
2.4 -0.00015364 -6.26183e-05 0.000112108 0.000177258
2.5 0.00143518 0.000720057 0.000308476 7.63128e-05
2.6 0.00322715 0.00234874 0.00131673 0.000529207
2.7 0.00313455 0.00305565 0.00253756 0.00146939
2.8 0.00173721 0.00169659 0.00160281 0.000988773
2.9 -0.00055083 -0.000726494 -0.000900487 -0.00061717
3 -0.00373519 -0.00294839 -0.00212599 -0.0011573
3.1 -0.0069136 -0.0038119 -0.00203869 -0.000874158
3.2 -0.00896297 -0.00357096 -0.00205405 -0.00107032
3.3 -0.00862188 -0.00379079 -0.00227381 -0.00119649
3.4 -0.00649968 -0.0030342 -0.00189916 -0.000894226
3.5 -0.00395358 -0.000618605 -0.000330468 -0.000292104
3.6 -0.000897956 0.0004809 0.000950088 0.00059597
3.7 0.000796055 0.000566364 0.000505368 0.000449809
3.8 0.000140582 0.000568851 8.33752e-05 -0.000276899
3.9 -0.000366006 -0.00019333 0.000310738 0.000253363
4 -0.000764458 -0.000257057 1.01384e-05 0.000286129
4.1 -0.00136338 -0.000311929 -0.000335236 -0.000548722
4.2 -0.00149217 -0.0010391 -0.000426609 -8.46477e-05
4.3 -0.00111675 -0.000431146 -0.000158837 0.000129905
4.4 0.000697396 0.000738051 0.000500733 -0.000137064
4.5 0.00195249 0.00131611 0.00098859 0.000741976
4.6 0.000829947 0.0012724 0.00119424 0.000752013
4.7 -0.000870458 -0.00026187 5.65794e-05 -0.000216513
4.8 -0.00241145 -0.00175564 -0.00147123 -0.000551575
4.9 -0.00395512 -0.00142839 -0.000816666 -0.000592987
5 -0.00464967 -0.00101001 -6.97988e-05 -1.44442e-05
5.1 -0.00343558 -0.0013009 -0.000780884 -5.32941e-05
5.2 -0.00135828 -0.000648185 -0.000639843 -0.000786208
5.3 2.67206e-05 0.000593664 0.000587564 0.000360803
5.4 0.00112799 0.00127738 0.00135671 0.00113002
5.5 0.00123001 0.00131286 0.000854267 4.37305e-05
5.6 -0.000293763 -1.45191e-05 -0.000148593 4.30772e-06
5.7 -0.00250741 -0.00134843 -0.000460613 3.20738e-05
5.8 -0.00447431 -0.0012399 -0.000796369 -0.000714718
5.9 -0.00459391 -0.00162879 -0.00108861 -0.00041631
6 -0.0026129 -0.00131843 -0.000516494 -0.000141092
6.1 -1.59679e-07 0.0008308 0.000370861 -6.66501e-05
6.2 0.00205169 0.00167895 0.00133225 0.00085392
6.3 0.00216708 0.00177891 0.00161523 0.000964137
6.4 0.00116179 0.00148043 0.000770458 0.000199595
6.5 0.000956097 0.00010613 0.000123268 0.000136834
6.6 0.00120152 0.000752378 0.000443501 0.000258528
6.7 0.00177123 0.0021053 0.00139508 0.000550849
6.8 0.00201223 0.00156231 0.00156328 0.00103163
6.9 0.000242367 0.00058639 0.000341758 0.000243516
7 -0.00239702 -0.00107438 -0.000801293 -0.000683378
7.1 -0.00460341 -0.00219376 -0.00118369 -0.000390448
7.2 -0.00498541 -0.00144714 -0.000880385 -0.000415341
7.3 -0.00106795 -0.000538446 -0.000188591 -0.000324135
7.4 0.00206613 0.00129697 0.000807333 0.000633021
7.5 -0.000659858 0.00156227 0.00160383 0.00083565
7.6 -0.0054108 -0.00233016 -0.000721746 -0.000227314
7.7 -0.0086671 -0.00572225 -0.00541423 -0.00201364
7.8 -0.0099012 -0.00739843 -0.00694952 -0.00345938
7.9 -0.00830331 -0.00679737 -0.0053705 -0.00284367
8 -0.00325806 -0.00220406 -0.00345487 -0.000758669
8.1 0.00282944 0.00213601 0.000860853 0.000431202
8.2 0.00621219 0.0043043 0.00573431 0.00134148
8.3 0.00639128 0.00595381 0.00559018 0.00283816
8.4 0.00421205 0.00439289 0.00331218 0.00203083
8.5 -0.00111347 -0.000962789 0.00161219 -0.000705772
8.6 -0.00743902 -0.00495279 -0.00364277 -0.00151325
8.7 -0.010257 -0.00728298 -0.00858405 -0.00259755
8.8 -0.0101332 -0.00927564 -0.00777265 -0.00507146
8.9 -0.00879195 -0.0076999 -0.00637304 -0.00397629
9 -0.00560073 -0.00361965 -0.00545502 -0.000714741
9.1 -0.00274094 -0.00153105 -0.00091473 -0.000382733
9.2 -0.000910223 -0.000337491 0.00207526 -0.000417832
9.3 0.00157487 0.00149138 0.000511058 0.000934007
9.4 0.0025099 0.00169975 0.00122427 0.000384705
9.5 0.000836513 0.00104464 0.00273196 0.000297594
9.6 -0.000856382 0.000506638 0.000551041 0.00144161
9.7 -0.00306983 -0.00192389 -0.00132432 -0.000679261
9.8 -0.00701057 -0.00559226 -0.00303263 -0.00323185
9.9 -0.00910641 -0.00791044 -0.00669661 -0.00307381
10 -0.00706835 -0.0073196 -0.00720619 -0.00365821
10.1 -0.00387634 -0.00362585 -0.00312172 -0.00335239
10.2 -0.000229557 0.000794111 0.000784697 0.000922963
10.3 0.00581838 0.0043246 0.00396809 0.00335829
10.4 0.0117261 0.00797613 0.00582586 0.00226827
10.5 0.0116075 0.00970969 0.00509456 0.00286254
10.6 0.00621418 0.00620302 0.00409456 0.00290317
10.7 0.000126504 7.37543e-05 0.00130728 -0.000182173
10.8 -0.00647049 -0.00504279 -0.00485634 -0.00276166
10.9 -0.00904694 -0.00893687 -0.00893354 -0.004284
11 -0.00623763 -0.00790401 -0.0075165 -0.00459052
11.1 -0.00424081 -0.00119501 -0.00290828 -0.00148328
11.2 -0.000661935 0.0028471 0.00255131 0.00212083
11.3 0.00676178 0.00416379 0.00413336 0.00235639
11.4 0.00991426 0.00711374 0.00221111 0.000812289
11.5 0.00728723 0.00624686 0.00326411 0.00122587
11.6 0.00641175 0.00271153 0.00352704 0.0028524
11.7 0.00802374 0.00436974 0.000427846 0.00115958
11.8 0.00805564 0.00684117 0.00140128 -0.00131497
11.9 0.00337108 0.00492858 0.00404535 0.00157274
12 -0.00610335 8.70052e-05 0.00171964 0.00327751
12.1 -0.0139419 -0.00802708 -0.00488429 -0.00331273
12.2 -0.0152196 -0.0159532 -0.0143477 -0.0101079
12.3 -0.0113132 -0.0155913 -0.0199344 -0.010343
12.4 -0.00825388 -0.0059764 -0.0151006 -0.00667244
12.5 -0.00662945 0.000764917 -0.00190543 -0.00206487
12.6 0.000863692 0.00141453 0.0077861 0.00314034
12.7 0.00802362 0.00563404 0.00568945 0.00487956
12.8 0.00562587 0.00653169 0.00324792 0.000179547
12.9 -0.00201119 -0.00274361 0.00334968 -0.00223069
13 -0.0152197 -0.0116157 -0.00533741 0.000431914
13.1 -0.0354355 -0.0168779 -0.0178633 -0.00407713
13.2 -0.056261 -0.0208531 -0.0229916 -0.0189481
13.3 -0.0761541 -0.0207782 -0.0223221 -0.0329264
13.4 -0.0909125 -0.0187346 -0.0212953 -0.03744
13.5 -0.0895768 -0.0190336 -0.0205 -0.0349465
13.6 -0.0724195 -0.016312 -0.0187184 -0.0337805
13.7 -0.040803 -0.00757622 -0.0153167 -0.0344607
13.8 0.00339648 0.00184316 -0.00760078 -0.0316106
13.9 0.0325844 0.0115421 0.00457684 -0.0190321
14 0.0276361 0.0167337 0.0141776 0.00595445
14.1 -0.000810575 0.0113826 0.0128835 0.0319654
14.2 -0.0413325 -3.2818e-05 0.00246502 0.0404936
14.3 -0.0699904 -0.0127481 -0.00649451 0.0229946
14.4 -0.0707223 -0.0175147 -0.0142827 -0.0107609
14.5 -0.0661479 -0.0130301 -0.0201522 -0.0441154
14.6 -0.0818283 -0.0138622 -0.0172005 -0.0637653
14.7 -0.107212 -0.0189818 -0.0175754 -0.0629526
14.8 -0.106565 -0.019144 -0.0254854 -0.0542139
14.9 -0.0687589 -0.0154194 -0.0227737 -0.0563183
15 -0.0115884 -0.00802487 -0.00930601 -0.0622438
15.1 0.0412636 0.0083281 0.00120008 -0.0537916
15.2 0.0687402 0.0310103 0.00838686 -0.0259895
15.3 0.0732355 0.0459919 0.0139928 0.0197099
15.4 0.0680636 0.0450953 0.0142558 0.073719
15.5 0.0559476 0.0314588 0.010872 0.117645
15.6 0.0334993 0.0168197 0.0101387 0.13692
15.7 -0.00322509 0.00714882 0.0104699 0.134133
15.8 -0.0465256 -0.00114942 0.00322507 0.122974
15.9 -0.0914724 -0.0098546 -0.0108231 0.104879
16 -0.140824 -0.0183823 -0.0208497 0.069078
16.1 -0.191513 -0.0215505 -0.0206867 0.00830572
16.2 -0.224078 -0.0184034 -0.0186528 -0.0638956
16.3 -0.202795 -0.0166767 -0.0211919 -0.122571
16.4 -0.117767 -0.0168301 -0.0203349 -0.160254
16.5 0.00219715 -0.010434 -0.0164128 -0.175947
16.6 0.121951 0.0100799 -0.0120934 -0.170351
16.7 0.223426 0.0401107 0.00201403 -0.151734
16.8 0.2973 0.0659378 0.0198419 -0.114919
16.9 0.329854 0.0834738 0.0197271 -0.0459759
17 0.326881 0.0842843 0.00959817 0.0460559
17.1 0.308212 0.0613722 0.0141006 0.131269
17.2 0.278052 0.038093 0.0197917 0.195385
17.3 0.246045 0.032995 0.00980171 0.238676
17.4 0.236155 0.0346975 0.00408472 0.252793
17.5 0.261772 0.0339136 0.0126141 0.240795
17.6 0.314909 0.0402869 0.0161146 0.224945
17.7 0.36752 0.065796 0.00727216 0.215662
17.8 0.39966 0.0980024 0.00745227 0.206959
17.9 0.425296 0.11565 0.0238742 0.202155
18 0.457183 0.120622 0.0341294 0.214536
18.1 0.491209 0.119753 0.0316332 0.243341
18.2 0.527737 0.117147 0.0308913 0.27082
18.3 0.567442 0.120028 0.0352389 0.284931
18.4 0.600183 0.125847 0.0369348 0.289212
18.5 0.602682 0.126607 0.0355937 0.28849
18.6 0.567829 0.120634 0.0331207 0.285578
18.7 0.520402 0.111925 0.0266899 0.283614
18.8 0.481606 0.102541 0.0180589 0.281342
18.9 0.445178 0.0915963 0.0115632 0.276178
19 0.40097 0.078499 0.00949486 0.266835
19.1 0.357209 0.0642865 0.0110218 0.25359
19.2 0.321675 0.05173 0.011863 0.238473
19.3 0.285517 0.0424348 0.00982093 0.222546
19.4 0.235601 0.0358315 0.00645524 0.205088
19.5 0.169067 0.0305403 0.00421909 0.185018
19.6 0.0905144 0.0255356 0.00428432 0.16196
19.7 0.00518336 0.0197011 0.00532049 0.136759
19.8 -0.0813636 0.00834634 0.00386975 0.110581
19.9 -0.168024 -0.00825099 -0.00424355 0.0810521
20 -0.259965 -0.0186939 -0.0188694 0.0400445
20.1 -0.349514 -0.0191979 -0.03 -0.0186856
20.2 -0.416464 -0.0179925 -0.0284682 -0.0912412
20.3 -0.45894 -0.0177883 -0.0254328 -0.161726
20.4 -0.486107 -0.018128 -0.0320124 -0.216261
20.5 -0.499649 -0.0213901 -0.0379131 -0.257539
20.6 -0.50266 -0.0237263 -0.0375493 -0.290819
20.7 -0.499382 -0.020955 -0.035891 -0.313623
20.8 -0.496127 -0.0175619 -0.0344436 -0.320204
20.9 -0.501531 -0.0199818 -0.033676 -0.312105
21 -0.515902 -0.0240464 -0.0356359 -0.303333
21.1 -0.533093 -0.0226642 -0.0368423 -0.306203
21.2 -0.536725 -0.0211542 -0.0343649 -0.317623
21.3 -0.522477 -0.0202089 -0.0350129 -0.322023
21.4 -0.511798 -0.0161264 -0.0349736 -0.315855
21.5 -0.510349 -0.014861 -0.0242259 -0.309252
21.6 -0.510507 -0.0159997 -0.00958717 -0.303051
21.7 -0.514365 -0.0136851 -0.00225249 -0.292064
21.8 -0.520059 -0.0103733 -0.0035809 -0.275229
21.9 -0.514596 -0.010733 -0.00838482 -0.254799
22 -0.488275 -0.0136554 -0.0120808 -0.233843
22.1 -0.44315 -0.0147632 -0.0135431 -0.214339
22.2 -0.381914 -0.0131517 -0.0127984 -0.196644
22.3 -0.308885 -0.0114392 -0.0103488 -0.179568
22.4 -0.236179 -0.0106723 -0.00755007 -0.16184
22.5 -0.174555 -0.00989831 -0.00603185 -0.14268
22.6 -0.128859 -0.00879253 -0.00617497 -0.121967
22.7 -0.0972901 -0.00801575 -0.00672373 -0.100391
22.8 -0.0702968 -0.00805051 -0.006535 -0.0786617
22.9 -0.0358269 -0.00829448 -0.00576453 -0.0569907
23 0.00355372 -0.00403001 -0.00481246 -0.0352992
23.1 0.033666 0.00806379 -0.00153995 -0.012848
23.2 0.0537004 0.0226137 0.00688419 0.00917696
23.3 0.0709867 0.0358837 0.017825 0.0276118
23.4 0.0870894 0.0495057 0.025358 0.0427393
23.5 0.099135 0.0641621 0.0260945 0.0568483
23.6 0.107726 0.0774419 0.0228404 0.0691359
23.7 0.119409 0.0848962 0.0229134 0.0764674
23.8 0.137957 0.0853124 0.0282057 0.0782697
23.9 0.165157 0.0842902 0.0316263 0.0780645
24 0.201625 0.085654 0.0295484 0.0780389
24.1 0.244903 0.0852552 0.0279098 0.0767168
24.2 0.287236 0.0832825 0.028637 0.0738138
24.3 0.316356 0.085097 0.0283674 0.0703514
24.4 0.329968 0.0913138 0.0271104 0.0662358
24.5 0.333512 0.0991191 0.0266503 0.0612959
24.6 0.327439 0.10417 0.0277781 0.0559347
24.7 0.314265 0.1036 0.0288143 0.0511493
24.8 0.298547 0.0994381 0.0275535 0.0472682
24.9 0.281697 0.0942084 0.0242672 0.0433841
25 0.261784 0.0883987 0.0199807 0.0387511
25.1 0.233224 0.0820899 0.0153214 0.0330114
25.2 0.195826 0.0749802 0.011583 0.0254738
25.3 0.154165 0.0666198 0.0102972 0.0153278
25.4 0.105706 0.0575336 0.0106264 0.00359257
25.5 0.0439415 0.0485851 0.00899974 -0.00440073
25.6 -0.0241234 0.0333905 0.00389369 -0.00336662
25.7 -0.0826989 0.00289319 -0.000847835 0.00221149
25.8 -0.12969 -0.0236953 -0.00728768 0.0012486
25.9 -0.170178 -0.0195271 -0.0219596 -0.00975322
26 -0.198556 -0.00347141 -0.030542 -0.0289375
26.1 -0.208046 -0.00486709 -0.01799 -0.0540862
26.2 -0.205755 -0.0153329 -0.00091758 -0.0763019
26.3 -0.2031 -0.014823 -0.000916264 -0.0868366
26.4 -0.200344 -0.00524661 -0.0145785 -0.0869487
26.5 -0.188878 -0.002607 -0.0236044 -0.0840671
26.6 -0.164002 -0.0105632 -0.0213094 -0.0823089
26.7 -0.132133 -0.0163767 -0.0167048 -0.0803701
26.8 -0.0976832 -0.0129753 -0.0155342 -0.0768518
26.9 -0.0565453 -0.00753887 -0.0146651 -0.0715161
27 -0.00934457 -0.0052485 -0.0116249 -0.0640003
27.1 0.0370405 -0.00114422 -0.00690959 -0.0534003
27.2 0.0782098 0.00898828 -0.000774031 -0.0376386
27.3 0.118903 0.0208622 0.00460012 -0.0127938
27.4 0.161596 0.0302893 0.00695107 0.0201198
27.5 0.196813 0.037241 0.00838851 0.0528007
27.6 0.216034 0.0421486 0.0105597 0.0806781
27.7 0.217082 0.0455453 0.0124171 0.104312
27.8 0.202555 0.0466597 0.0130599 0.124193
27.9 0.173796 0.044504 0.0125646 0.139853
28 0.130758 0.0401989 0.0123119 0.149691
28.1 0.0787131 0.0352724 0.0126838 0.153069
28.2 0.0224673 0.0303719 0.0122814 0.151595
28.3 -0.0283975 0.0198228 0.0106786 0.147114
28.4 -0.0623133 -0.000780557 0.00575177 0.13957
28.5 -0.0889846 -0.0154965 -0.00666695 0.124983
28.6 -0.120793 -0.0123518 -0.0208267 0.0962331
28.7 -0.146742 -0.00710646 -0.0215107 0.0492276
28.8 -0.153411 -0.0113919 -0.00797619 -0.00863626
28.9 -0.142309 -0.0145623 0.000224937 -0.0604442
29 -0.121371 -0.0091946 -0.00691942 -0.0976761
29.1 -0.0934205 -0.00478347 -0.0173702 -0.124754
29.2 -0.0591227 -0.00883103 -0.0198754 -0.146778
29.3 -0.024951 -0.0149873 -0.0171428 -0.164198
29.4 0.00164387 -0.0130164 -0.0155617 -0.175132
29.5 0.020162 -0.000362583 -0.0138936 -0.178485
29.6 0.033963 0.0149887 -0.0057672 -0.174645
29.7 0.044923 0.0247586 0.00761424 -0.161675
29.8 0.0517565 0.0297698 0.0148855 -0.133835
29.9 0.0555039 0.0320737 0.0110155 -0.0893218
30 0.061439 0.0301139 0.00243796 -0.0328772
30.1 0.0697927 0.0231294 -0.000386869 0.0246072
30.2 0.0774911 0.0146565 0.00740437 0.0716503
30.3 0.0769893 0.0130172 0.0165607 0.108069
30.4 0.0649145 0.0206081 0.0181959 0.138644
30.5 0.0463175 0.030404 0.0154069 0.163544
30.6 0.0230003 0.0359743 0.0146289 0.18077
30.7 -0.000412905 0.0335176 0.0172407 0.189836
30.8 -0.0164981 0.0188776 0.0195423 0.192115
30.9 -0.0239418 -0.00275499 0.0142988 0.189541
31 -0.0297913 -0.0133619 -0.00286347 0.180593
31.1 -0.037309 -0.00958319 -0.0204858 0.158051
31.2 -0.0374156 -0.00870877 -0.0207586 0.1166
31.3 -0.0221934 -0.0143224 -0.00441525 0.0590278
31.4 0.00156054 -0.0101719 0.00778323 -0.00135058
31.5 0.0223212 0.00963116 0.00271704 -0.0482208
31.6 0.0404861 0.0289245 -0.00634788 -0.0783075
31.7 0.0595212 0.0320874 -0.00221576 -0.0967723
31.8 0.0761734 0.0224821 0.00959849 -0.101763
31.9 0.0839711 0.0141363 0.0117435 -0.0879117
32 0.0792168 0.0133645 0.00100197 -0.0576572
32.1 0.0642284 0.0135653 -0.00836126 -0.0203159
32.2 0.0393988 0.00910573 -0.00297703 0.0127321
32.3 0.00482909 0.00554451 0.0121491 0.0354196
32.4 -0.033199 0.00590761 0.0204647 0.0519574
32.5 -0.0682097 0.00295305 0.0154617 0.0658331
32.6 -0.0989923 -0.00365863 0.00145047 0.0732729
32.7 -0.124892 -0.00775291 -0.0129377 0.0676715
32.8 -0.143369 -0.00936512 -0.0170002 0.0437491
32.9 -0.155989 -0.00907088 -0.00969625 0.00305389
33 -0.160372 -0.00689725 -0.00158488 -0.0426174
33.1 -0.15143 -0.00564277 -0.00164004 -0.0796154
33.2 -0.13305 -0.00699533 -0.00888924 -0.104623
33.3 -0.110156 -0.0109276 -0.0162973 -0.122072
33.4 -0.0842104 -0.0146654 -0.0198437 -0.135685
33.5 -0.0579532 -0.0144822 -0.0198008 -0.146677
33.6 -0.0328684 -0.0115556 -0.0170958 -0.154216
33.7 -0.00727738 -0.0088494 -0.0130838 -0.156225
33.8 0.0138143 -0.0027281 -0.00888125 -0.152023
33.9 0.0220851 0.0090707 -0.00250744 -0.142248
34 0.0223045 0.02014 0.00570505 -0.124145
34.1 0.0250627 0.0269351 0.00880588 -0.0924637
34.2 0.0331665 0.0291883 0.00483899 -0.0466532
34.3 0.0443597 0.025627 0.0017128 0.00479987
34.4 0.0549245 0.0190544 0.00531943 0.0504045
34.5 0.0592739 0.0158643 0.0120769 0.086513
34.6 0.054366 0.0190173 0.0158727 0.115571
34.7 0.0418309 0.0251487 0.0156642 0.139076
34.8 0.0224633 0.0296362 0.0145956 0.156391
34.9 -0.00198257 0.0270486 0.0153756 0.166432
35 -0.0240342 0.0116633 0.016234 0.169401
35.1 -0.03956 -0.00913571 0.00971749 0.166609
35.2 -0.0571418 -0.0152948 -0.00838787 0.155974
35.3 -0.0805411 -0.00601179 -0.0248813 0.130028
35.4 -0.0985371 -0.00243687 -0.0228798 0.0853189
35.5 -0.104299 -0.00995772 -0.00574129 0.0267704
35.6 -0.101168 -0.0129162 0.00513614 -0.0322116
35.7 -0.0927956 -0.00476599 -0.00300801 -0.0778172
35.8 -0.077799 -0.000423364 -0.0159472 -0.110995
35.9 -0.0548346 -0.00967436 -0.0187167 -0.138572
36 -0.0293713 -0.0176928 -0.0177666 -0.161341
36.1 -0.00687079 -0.0118069 -0.0212224 -0.177877
36.2 0.0104423 -3.345e-05 -0.0223665 -0.188187
36.3 0.0191664 0.00744064 -0.0124291 -0.192078
36.4 0.0186951 0.00920579 0.0037827 -0.185964
36.5 0.0130433 0.00940767 0.0121199 -0.164637
36.6 0.00836775 0.00962282 0.00696111 -0.127148
36.7 0.00673682 0.00559993 -0.00204804 -0.0797748
36.8 0.000550794 -0.00206527 -0.00498248 -0.0308863
36.9 -0.0152701 -0.00601532 -0.00220924 0.011461
37 -0.0341877 -0.00380959 0.00127847 0.0406554
37.1 -0.0472551 -0.000827957 0.00184466 0.0568013
37.2 -0.0516782 -0.00215088 0.000232409 0.0616269
37.3 -0.0501072 -0.00639028 -0.000909271 0.0544871
37.4 -0.045402 -0.00827484 -0.00143081 0.0358929
37.5 -0.036664 -0.00668299 -0.00134094 0.00732584
37.6 -0.0222516 -0.00514184 -0.00150918 -0.0251352
37.7 -0.0042912 -0.00516955 -0.0039151 -0.0523336
37.8 0.0120704 -0.00273626 -0.00686046 -0.0714519
37.9 0.0215613 0.00392676 -0.00547905 -0.0834534
38 0.0233446 0.0100004 0.000908683 -0.0860124
38.1 0.0207059 0.0133844 0.00559216 -0.0750354
38.2 0.0178253 0.0141687 0.00393559 -0.0496158
38.3 0.0170114 0.0106329 -0.000184847 -0.0134773
38.4 0.0161488 0.00427679 -1.66527e-05 0.0241444
38.5 0.0116108 0.00190926 0.00472556 0.0536104
38.6 0.00301007 0.00678581 0.00840522 0.07376
38.7 -0.00440694 0.0103928 0.00920909 0.0872354
38.8 -0.0050852 0.00393539 0.0084076 0.0943455
38.9 -0.00321619 -0.00536884 0.00363938 0.0942242
39 -0.0077975 -0.0053146 -0.00498265 0.0842902
39.1 -0.017836 -0.00126774 -0.00718429 0.0607003
39.2 -0.0254478 -0.00296347 0.000584857 0.0246631
39.3 -0.0271511 -0.00524188 0.00321399 -0.0119846
39.4 -0.0233828 -0.00445026 -0.0075669 -0.0380748
39.5 -0.0149273 -0.00681548 -0.0196794 -0.0559936
39.6 -0.00417377 -0.0123238 -0.0232286 -0.0717663
39.7 0.00322302 -0.0117245 -0.02035 -0.0855684
39.8 0.00388607 -0.00101691 -0.0141441 -0.0947899
39.9 0.00170294 0.00981527 -0.00349209 -0.096646
40 0.00256236 0.0109346 0.00788388 -0.0870275
40.1 0.00745944 0.00698149 0.00874174 -0.0616028
40.2 0.0119598 0.00433651 -0.00124016 -0.0228844
40.3 0.011312 0.00180225 -0.0063461 0.0154696
40.4 0.00456205 0.00112634 0.0010804 0.0407043
40.5 -0.0029265 0.00385481 0.0112667 0.0542916
40.6 -0.00278221 0.00421384 0.0145444 0.0629701
40.7 0.00405658 0.00195611 0.0100422 0.0680128
40.8 0.00912673 0.00255765 0.00269966 0.0673661
40.9 0.00915633 0.00449405 0.000202182 0.0590478
41 0.00520939 0.00430405 0.00509754 0.043401
41.1 -0.000239126 0.00296615 0.0103124 0.0243876
41.2 -0.00288052 0.00119308 0.00888201 0.00560119
41.3 -0.00122237 -0.000593474 0.000146962 -0.00968818
41.4 0.00147777 -0.00114971 -0.0105461 -0.0187377
41.5 0.00152212 -0.00109163 -0.0140081 -0.0238999
41.6 -0.00125147 -0.00132252 -0.00825123 -0.0267183
41.7 -0.00370479 -0.00122588 -0.00121518 -0.0240325
41.8 -0.00276812 -0.000768553 -0.000305767 -0.012901
41.9 0.00080602 -0.000765427 -0.00275238 0.0023223
42 0.00299498 -4.57177e-05 -0.00031179 0.0112609
42.1 0.0024531 0.00305026 0.00644933 0.0111127
42.2 0.00208462 0.00695111 0.0105598 0.00726593
42.3 0.00376966 0.00906273 0.00966331 0.00349766
42.4 0.00640254 0.00848925 0.00597038 0.000855728
42.5 0.00796247 0.00578912 0.00183686 5.1933e-06
42.6 0.00631824 0.00235866 -0.000186807 0.000175622
42.7 0.000495229 0.000463654 0.000388056 -7.35117e-05
42.8 -0.00664767 0.000420888 0.00016582 -0.000194459
42.9 -0.0107732 -0.000879159 -0.00168422 -0.000226369
43 -0.0117516 -0.00342504 -0.00344576 -0.00137111
43.1 -0.0121838 -0.00367556 -0.00519779 -0.00330834
43.2 -0.0120735 -0.0026756 -0.00597372 -0.00508272
43.3 -0.00988836 -0.00387399 -0.0045498 -0.00568448
43.4 -0.00644472 -0.00547843 -0.00307132 -0.00405459
43.5 -0.00342406 -0.00445285 -0.00306012 -0.000889281
43.6 -0.00118663 -0.00155372 -0.00214868 0.000738291
43.7 0.000679297 0.00123767 0.000762976 -0.000126001
43.8 0.00281185 0.00296934 0.00235981 0.000189201
43.9 0.00504181 0.00326781 0.00169904 0.00276479
44 0.00610439 0.00259068 0.00180431 0.00405419
