0.1 0.0583894 0.028545 0.0146443 0.00836534 0.00594912
0.2 0.0622557 0.0711473 0.0564659 0.0421645 0.0344711
0.3 0.062428 0.0717855 0.0888149 0.093353 0.0924697
0.4 0.0638065 0.073312 0.0915731 0.11796 0.134647
0.5 0.106006 0.109201 0.10699 0.107848 0.112855
0.6 0.033615 0.0828725 0.0989393 0.0878872 0.0725394
0.7 0.0921618 0.0341756 0.0338245 0.0504336 0.0605029
0.8 0.217939 0.140191 0.067459 0.0408734 0.0432771
0.9 -0.0524734 0.11834 0.151933 0.110866 0.0684467
1 -0.480734 -0.305413 -0.0884265 0.0542861 0.111388
1.1 0.501619 -0.0881136 -0.267674 -0.207737 -0.111309
1.2 -0.0468828 0.392922 0.128621 -0.211384 -0.40287
1.3 -0.490266 -0.378981 0.0185782 0.0599226 -0.048344
1.4 -1.42373 -1.21142 -0.907075 -0.280183 0.169029
1.5 1.77848 0.224595 -0.517208 -0.842683 -0.854173
1.6 0.819552 1.76116 1.05714 -0.119748 -0.905873
1.7 -1.1988 -0.130045 0.60688 1.04563 1.079
1.8 -0.482086 -1.89686 -0.0856199 0.964971 1.42412
1.9 1.40436 1.58879 -0.779272 -0.261106 0.781458
2 0.350676 1.39353 1.43621 0.185315 -0.708171
2.1 -0.439453 -1.16775 1.394 0.778525 -0.602
2.2 0.14813 0.32293 -2.05936 -0.399113 1.13158
2.3 1.48868 0.439816 -0.166097 -0.449843 0.494877
2.4 -2.95291 -0.710096 2.02694 0.437887 -1.14069
2.5 3.57635 0.749819 -1.11138 0.620628 -0.11482
2.6 0.486711 1.93965 0.323017 -0.480198 1.18956
2.7 -0.753116 -0.309566 2.13998 0.704758 0.543745
2.8 1.4126 -0.15424 0.239509 2.39793 0.586316
2.9 -1.84613 1.35655 -0.587426 0.0364103 1.79705
3 2.05264 -1.0615 1.09019 -0.493662 0.646276
3.1 1.27171 1.34368 0.307643 0.996472 -0.746081
3.2 -1.3752 1.98935 0.557576 0.475459 -0.425412
3.3 -4.95095 -3.97733 0.135513 -0.806589 0.506241
3.4 -3.04011 -2.14051 -3.27868 -0.97272 -0.0810791
3.5 -7.60013 -1.00582 -2.37331 -2.04224 -2.02557
3.6 5.7539 -1.00492 -1.48657 -2.08524 -2.62896
3.7 1.87086 -1.00211 -0.829186 -1.69916 -2.20698
3.8 2.84516 -0.861377 -0.541339 -1.43346 -1.90784
3.9 -0.571154 1.36989 -0.556277 -0.880415 -0.49459
4 1.12181 -0.305412 0.177211 -0.0796237 -0.211651
4.1 10.1901 -0.297244 0.893911 0.388276 0.205685
4.2 -9.62796 -0.143254 0.490329 0.688963 0.326361
4.3 -9.46612 -0.259685 -1.63626 0.552325 0.186261
4.4 6.36926 -1.05772 -0.581964 -1.25579 0.91411
4.5 -4.56809 -1.12037 0.0666611 -0.340157 -0.302799
4.6 11.5652 0.0127143 -0.255119 0.408918 -0.56945
4.7 -4.11847 0.853791 -0.129652 0.478614 -0.328123
4.8 -7.10893 2.29293 0.45499 -0.610027 -0.265992
4.9 0.335332 -2.07386 1.03187 -0.665331 -0.29811
5 -2.12756 -1.29239 -0.880843 0.102309 -0.255528
5.1 6.1828 -0.40739 -2.03213 0.370904 0.361909
5.2 -3.09496 0.0593825 -0.355379 -0.990586 0.41034
5.3 -14.1246 -1.18203 0.0103006 -1.01841 -1.06443
5.4 11.0016 -1.18929 -0.395384 -0.682634 -1.5465
5.5 -2.17984 -0.455025 -0.953115 -0.124634 -1.29131
5.6 -2.39172 -0.819996 -2.44684 -1.17014 -0.635182
5.7 5.18873 -2.0419 -0.845019 -1.91682 -0.389142
5.8 -5.04862 -0.469339 -0.368956 -2.02569 -1.07504
5.9 -6.74498 -1.09035 -2.08203 -0.636558 -2.31381
6 4.65312 -1.6032 -0.96594 -1.19835 -2.23083
6.1 8.88827 -0.795891 -0.504692 -1.7845 -0.692897
6.2 -1.59734 1.70928 -0.785636 0.326286 -0.219011
6.3 -1.57741 -0.0467371 0.61689 0.110378 -0.0228145
6.4 -4.97773 -0.897889 1.00208 -0.0784157 -0.208116
6.5 -0.690398 -0.404112 0.00238483 -0.156399 -0.339069
6.6 4.14806 0.128044 -0.788104 0.426189 -0.138231
6.7 4.08008 0.271774 -0.694449 0.816245 0.403655
6.8 -2.96722 0.17707 0.737863 -1.19857 1.61749
6.9 -9.57094 -0.105126 0.432365 0.379034 -0.0804837
7 3.48592 -1.54763 -0.933627 1.04159 -0.632208
7.1 4.9907 -0.296858 -0.323425 -0.297284 0.0907759
7.2 2.55973 3.50486 0.564729 -0.901232 0.748257
7.3 -3.10556 2.49693 2.99365 0.47419 -0.110104
7.4 -3.31647 -1.65557 1.13491 3.34538 -0.14294
7.5 6.77159 -1.11696 -1.04734 1.41951 2.08686
7.6 -0.351997 4.01338 0.592632 -1.10649 2.16079
7.7 -3.8156 0.382515 3.26627 0.408053 0.686689
7.8 -2.46276 -2.23087 -0.67802 2.69283 0.17933
7.9 -1.12467 -1.64138 -1.90631 0.251685 0.5989
8 1.85807 -0.209337 -1.67244 -2.04764 1.18505
8.1 -0.922924 0.227425 -0.707256 -1.93473 -0.0849888
8.2 1.77321 -0.300662 0.522383 -0.94242 -1.54894
8.3 0.614454 0.194502 0.172826 -0.0583991 -2.13949
8.4 -0.872948 0.287405 -0.663058 0.628321 -2.00805
8.5 -0.223152 -0.655755 0.467608 -1.12845 -0.488082
8.6 -0.330837 -0.288099 -0.65507 -0.389444 -0.449335
8.7 -2.30105 -0.282441 -0.866756 -0.409672 -0.485296
8.8 2.14038 -0.908898 -0.246336 -0.381455 -0.435496
8.9 1.73463 -0.46958 -0.206927 -0.22971 -0.254812
9 1.62271 0.304092 -0.33463 -0.0952175 -0.101911
9.1 -0.834042 0.205029 -0.0605495 -0.0569374 -0.0429665
9.2 2.89866 0.212333 0.208274 0.0155441 0.0533792
9.3 -0.677261 0.698332 0.460889 0.160493 0.147841
9.4 -2.49057 2.41227 1.31755 0.19304 0.186515
9.5 -0.59044 0.467784 1.5539 0.780239 0.700498
9.6 1.22249 -2.52734 0.129043 2.57355 1.0357
9.7 0.750943 0.833732 -1.8536 0.94819 1.9168
9.8 -1.48835 0.950455 0.767996 -1.4709 1.9143
9.9 -1.00041 -0.762171 1.75569 -0.260476 0.248441
10 -0.505965 0.447836 -0.375416 0.603884 -0.120251
10.1 -0.802275 0.215472 -0.832761 1.37543 -0.929137
10.2 -0.64523 -1.18394 -0.0397979 -0.166777 -0.749313
10.3 0.676253 -0.494247 -0.0987813 -1.14192 -0.498842
10.4 0.765759 0.053577 -0.43352 -1.27614 -0.277655
10.5 1.02697 0.807164 -1.05918 -0.880067 -0.456287
10.6 1.08349 -0.374032 0.0997437 -0.178497 -0.511794
10.7 -0.289231 -0.51965 0.354866 -0.0522903 -0.487589
10.8 -0.194533 -0.204137 -0.10983 0.193413 -0.481248
10.9 -1.14144 0.0303237 -0.470868 0.160497 -0.357505
11 -0.0740457 0.0335596 -0.15282 -0.131039 -0.319677
11.1 0.346878 -0.0237486 0.075418 -0.608335 0.166552
11.2 -0.501296 -0.0635781 -0.0148412 -0.682106 0.501386
11.3 -0.0603441 -0.36125 -0.627823 0.85966 -0.0803648
11.4 0.598185 -0.552187 0.163529 0.507259 -0.0114219
11.5 -1.69166 0.694231 0.568399 -0.533855 0.328299
11.6 0.287783 0.0909503 -0.178579 -0.170289 0.196606
11.7 -0.370133 -0.734968 -0.421607 0.591987 -0.276354
11.8 -0.890701 -0.529627 -0.125124 -0.25524 -0.193546
11.9 -0.0406152 -0.219306 -0.284952 -0.733701 -0.082443
12 0.840636 -0.025018 -0.424941 -0.4168 -0.358622
12.1 -0.550565 0.0945399 -0.396936 -0.263179 -0.473936
12.2 -0.239285 -0.379526 0.058805 -0.2201 -0.551619
12.3 0.0433514 -0.376727 -0.111285 -0.114436 -0.455457
12.4 1.26089 0.0691558 -0.254555 -0.149368 -0.256071
12.5 0.60694 0.731506 -0.0598662 -0.211737 -0.0100588
12.6 -0.751574 1.1265 0.478642 -0.358431 0.306701
12.7 -0.468977 -0.425565 0.600889 0.803023 0.119326
12.8 -0.3333 -1.04152 0.468255 0.827488 0.36048
12.9 1.12957 0.185477 -0.642673 0.63785 0.626073
13 -0.934473 0.587391 -0.0890193 -0.112344 0.652508
13.1 0.980498 0.304228 0.503398 -0.337151 0.579707
13.2 0.198245 0.215765 0.674964 -0.0822657 0.376713
13.3 -1.4384 0.155063 -0.0112071 0.913064 -0.371553
13.4 -0.330149 -0.2901 -0.0179734 0.699947 -0.453368
13.5 -0.282534 -0.913824 -0.0113271 -0.672249 0.246458
13.6 0.601575 -0.0619619 -0.615114 -1.05647 0.269587
13.7 0.510258 0.221804 -0.830534 -0.243132 -0.429965
13.8 0.193185 -0.129694 -0.116052 -0.0787135 -0.599094
13.9 -0.319309 -0.118669 0.181239 -0.181603 -0.587685
14 0.170448 0.0194367 0.218783 -0.180968 -0.556328
14.1 -0.555949 0.170842 -0.166822 -0.00652289 -0.402431
14.2 -0.979158 -0.253706 -0.210227 -0.0649604 -0.310305
14.3 -0.285231 -0.568017 -0.278395 -0.525403 0.182669
14.4 0.66624 -0.537018 -0.704909 -0.391906 0.419201
14.5 0.356322 -0.314589 -0.409085 -0.00126411 -0.0702848
14.6 0.0357202 0.0394707 0.110548 -0.0618425 -0.339341
14.7 -0.370422 0.953401 0.307237 -0.0870491 -0.393283
14.8 0.13438 0.383157 0.794927 0.0227153 -0.286446
14.9 0.718503 -0.41426 0.217255 0.71264 0.0988018
15 -0.0593607 0.429796 -0.198817 0.356431 0.664579
15.1 -0.195943 0.165223 0.153838 0.218461 0.720083
15.2 -1.09082 -0.401954 0.397014 -0.095346 0.644926
15.3 -1.2317 -0.584968 -0.603263 0.0943139 0.319281
15.4 0.604384 -0.458096 -0.987019 -0.067417 0.116469
15.5 0.277927 -0.325954 -0.0283766 -0.456002 -0.543614
15.6 1.12363 0.0825631 0.239356 -0.518188 -0.670902
15.7 -0.133957 0.619008 0.166622 -0.482533 -0.624105
15.8 -0.339172 0.691491 0.041271 0.0226941 -0.616703
15.9 0.70584 -0.048542 0.14185 0.115913 -0.396138
16 -0.618056 -0.58663 0.396001 0.411659 -0.326212
16.1 0.110806 0.160907 -0.527289 0.58634 -0.0287963
16.2 -0.280327 0.129901 0.0507675 -0.71313 0.792231
16.3 0.372217 -0.261396 0.122443 -0.408171 0.776487
16.4 -0.449695 -0.0805259 -0.227183 0.291123 0.459394
16.5 -0.261366 -0.0984324 -0.232357 0.508982 0.23794
16.6 0.563806 -0.106562 0.28329 0.518224 -0.182416
16.7 -0.0851612 0.527168 0.61628 -0.134626 -0.267216
16.8 0.0383233 0.668721 0.278018 -0.399481 -0.0293016
16.9 -0.318256 -0.383332 -0.425449 0.314244 -0.0132186
17 0.71442 -0.73187 -0.301393 0.15339 0.150957
17.1 -0.421269 0.0240322 -0.0142652 -0.475226 0.16489
17.2 -0.589466 0.523435 -0.0746464 -0.24018 -0.31906
17.3 -0.276434 -0.423636 0.0195241 -0.00878381 -0.433888
17.4 -0.242841 -0.483097 -0.233217 0.0359157 -0.380073
17.5 0.114499 -0.290982 -0.324786 -0.277554 -0.230713
17.6 0.0503564 -0.119268 -0.409571 -0.669556 0.153693
17.7 -0.257354 -0.0311697 -0.383561 -0.239815 -0.269273
17.8 -0.367865 -0.344755 -0.0723853 -0.135911 -0.390064
17.9 0.281127 -0.317586 -0.0346007 -0.0916452 -0.410133
18 0.264094 0.0422753 -0.187934 -0.10912 -0.276422
18.1 0.156095 0.353958 -0.0986312 -0.193006 -0.132666
18.2 0.55399 0.809165 0.299486 -0.286861 0.187263
18.3 0.449838 0.049389 0.531345 0.607181 0.246619
18.4 -0.920685 -0.0861029 0.479367 0.648688 0.411884
18.5 -0.00154408 -0.0434876 0.204046 0.613798 0.500728
18.6 -0.00137549 0.118424 -0.254917 0.26197 0.614823
18.7 -0.695649 0.00545633 0.0594806 -0.141023 0.558961
18.8 -0.252096 -0.594051 0.0780612 -0.0526439 0.238244
18.9 0.480435 -0.520169 -0.313137 0.124875 -0.234079
19 0.169189 0.528792 -0.34189 -0.289161 -0.518955
19.1 -0.473502 0.414867 -0.134313 -0.442321 -0.582283
19.2 -0.00281554 -0.286653 0.434364 -0.487292 -0.594011
19.3 0.921945 -0.257512 -0.0798818 -0.103899 -0.413411
19.4 -0.447679 0.0490023 -0.423644 0.0187008 -0.251244
19.5 -0.0162428 0.00644273 -0.383205 -0.199582 0.0695677
19.6 -0.931899 -0.354255 -0.22806 -0.446866 0.351658
19.7 0.384161 -0.760969 0.0199394 0.138499 -0.112186
19.8 -0.0780324 -0.0143375 -0.283331 0.136898 -0.279845
19.9 0.0995296 0.847045 0.0249745 -0.230603 -0.208254
20 0.107252 0.161441 0.696458 -0.312986 -0.0146578
20.1 -0.112515 -0.454366 0.0211767 0.549121 0.0955918
20.2 0.51997 0.1985 -0.427565 0.422461 0.364225
20.3 0.101287 0.239521 0.225656 0.0149631 0.462612
20.4 -0.401202 0.157857 0.581632 -0.106423 0.332865
20.5 0.129624 0.0831757 0.123178 0.345291 0.135449
20.6 0.0213156 0.129459 -0.038765 0.63579 -0.130293
20.7 0.166789 0.103184 0.212619 -0.058597 0.250206
20.8 -0.236684 -0.0591686 0.193059 -0.353145 0.26664
20.9 -0.474314 -0.272683 -0.465445 0.112365 -0.0857093
21 -0.409659 -0.254813 -0.417141 -0.0265004 -0.378442
21.1 -0.427613 -0.347369 -0.181655 -0.440326 -0.383186
21.2 -0.0811066 -0.457957 -0.149939 -0.582602 -0.371516
21.3 0.195222 -0.245573 -0.340526 -0.493576 -0.396614
21.4 0.332856 -0.0657259 -0.6309 -0.194835 -0.419274
21.5 -0.41567 -0.216066 -0.241233 -0.231703 -0.413782
21.6 0.422473 -0.286371 0.0646437 -0.355431 -0.312108
21.7 -0.0614142 0.0724577 -0.0704852 -0.250748 -0.24043
21.8 0.439607 0.366917 -0.141908 -0.110611 -0.173035
21.9 0.114676 0.883692 0.0855281 0.0260537 -0.0828185
22 -0.0195188 -0.0955318 0.730215 0.380291 0.318779
22.1 0.258655 -0.265703 0.520393 0.614123 0.520376
22.2 -0.0949687 0.21092 -0.00690009 0.670829 0.643076
22.3 0.298825 0.445999 -0.0451516 0.534124 0.683644
22.4 -0.0263793 0.158222 0.837778 -0.0187378 0.66122
22.5 0.0757291 0.459117 0.341991 0.230555 0.441139
22.6 -0.347159 0.132427 -0.156501 0.476653 0.272794
22.7 -0.14555 -0.149138 0.0587978 0.366122 0.107076
22.8 -0.280352 -0.786423 0.125214 0.252656 -0.0632317
22.9 -0.292142 -0.366006 -0.158304 -0.477291 -0.0800894
23 -0.108038 0.350277 -0.560674 -0.59131 -0.384159
23.1 -0.200565 0.251576 -0.543193 -0.543513 -0.541931
23.2 0.438398 -0.580776 0.153867 -0.454785 -0.630487
23.3 0.123132 -0.447972 -0.227942 -0.0773655 -0.597856
23.4 0.201329 0.0197609 -0.467392 -0.175963 -0.402331
23.5 0.190869 0.153759 -0.239593 -0.359999 -0.212464
23.6 0.354179 0.16963 0.0571437 -0.406204 -0.068304
23.7 0.0705382 0.346514 0.191662 -0.233432 0.00370482
23.8 -0.0416103 0.354806 0.433501 0.546981 -0.0807988
23.9 0.568443 -0.0148056 0.371356 0.648562 0.477573
24 -0.134084 0.0812028 0.313448 0.627335 0.656231
24.1 -0.362817 0.216446 0.249438 0.514954 0.712522
24.2 -0.199121 0.264662 0.32497 0.177686 0.668558
24.3 0.301783 0.068324 0.102691 0.165775 0.432896
24.4 -0.106689 0.0834511 0.00238023 0.142279 0.392841
24.5 -0.0167914 -0.0218342 0.0510543 0.233791 0.165609
24.6 -0.113364 -0.307571 0.120141 0.464504 -0.282021
24.7 0.551158 0.044644 0.262785 -0.270168 -0.300079
24.8 0.0837355 0.730327 -0.245953 -0.612312 -0.111877
24.9 -0.30029 -0.0202461 -0.253702 -0.182317 -0.300105
25 -0.0218576 -0.649749 0.0968917 -0.00262804 -0.342954
25.1 0.190394 -0.340805 -0.323067 0.0676453 -0.247477
25.2 -0.195819 0.0762843 -0.314901 -0.430168 0.0777296
25.3 0.0223824 0.0704233 -0.115062 -0.398403 -0.0109827
25.4 0.180527 0.0811442 0.00501938 0.107432 -0.270161
25.5 -0.0151507 -0.00715976 0.297277 0.3306 -0.252056
25.6 -0.171249 0.127523 0.237565 0.0819778 0.192511
25.7 -0.228102 -0.012977 -0.131559 0.0711107 0.408608
25.8 -0.051301 -0.280504 -0.185901 0.0484964 0.398517
25.9 -0.329629 -0.23532 -0.0679023 -0.159437 0.19198
26 0.346203 0.0322866 -0.043452 0.0698385 -0.361371
26.1 0.144745 0.337519 0.0727135 -0.114053 -0.403916
26.2 -0.296675 0.0696151 0.201937 -0.179004 -0.316795
26.3 0.365138 -0.204613 -0.148788 0.0996037 -0.191229
26.4 -0.360775 -0.170122 -0.354643 -0.211726 0.330484
26.5 0.339121 -0.0681856 -0.108599 -0.197055 0.272519
26.6 0.269503 0.233523 0.25151 0.278374 -0.190152
26.7 0.183995 0.361291 0.438999 0.370191 -0.174617
26.8 -0.0709691 0.29382 0.343886 0.0746633 0.341126
26.9 -0.217585 0.00812782 0.0692056 0.226134 0.41673
27 0.000344071 -0.0151112 -0.0867277 0.250356 0.409855
27.1 0.101768 -0.119329 0.00632909 0.108823 0.287549
27.2 0.198461 -0.0423248 0.0186366 0.00633814 0.182655
27.3 0.110128 0.305056 0.204111 0.102803 -0.314333
27.4 0.0940756 0.324298 0.248429 -0.0481664 -0.312678
27.5 -0.0642089 -0.049209 -0.0200505 -0.0343946 -0.0637043
27.6 -0.0567483 -0.359165 -0.288387 -0.106655 0.230629
27.7 -0.0960362 -0.261647 -0.2955 -0.0877644 0.105436
27.8 -0.255242 -0.00994912 -0.063887 -0.0812316 -0.233283
27.9 0.183486 0.0709537 0.109698 -0.198665 -0.305485
28 0.131828 0.115366 0.0178604 -0.087577 -0.259567
28.1 -0.128435 -0.028196 -0.0640927 0.0614384 -0.100509
28.2 -0.0640269 -0.165847 -0.109006 -0.0893433 0.246072
28.3 0.217833 -0.0642517 -0.0669971 0.00204891 0.248187
28.4 0.321983 0.311731 0.17255 0.238765 -0.0172428
28.5 -0.0554931 0.290619 0.436158 0.221106 -0.0216501
28.6 -0.0818866 0.170573 0.259049 0.176704 0.259293
28.7 0.0118557 0.0234667 -0.0262033 0.257207 0.319357
28.8 0.110966 -0.0859558 -0.0416466 0.0969351 0.323179
28.9 -0.160429 -0.125913 0.0433807 -0.0539344 0.21387
29 -0.299473 -0.0424282 -0.0392684 0.0515476 -0.202146
29.1 -0.118878 -0.120893 -0.144521 -0.129692 -0.353459
29.2 0.282306 0.00382217 -0.202204 -0.321463 -0.291835
29.3 -0.0227728 -0.027888 -0.152182 -0.336741 -0.251283
29.4 -0.0164595 -0.257145 -0.0558502 -0.171488 -0.238627
29.5 0.13044 -0.121364 -0.188033 -0.0417453 -0.185762
29.6 -0.194 0.0682995 -0.205031 -0.0919912 0.0171604
29.7 0.0204919 0.0705148 0.130305 -0.0969917 0.0885277
29.8 0.197674 0.0297717 0.249472 0.227852 0.0243548
29.9 0.122523 0.246831 0.137966 0.356584 0.170628
30 -0.096103 0.155719 0.20509 0.224999 0.332497
30.1 -0.0725025 -0.0400857 0.22601 0.120173 0.35613
30.2 0.109898 0.203741 -0.0898201 0.115978 0.274514
30.3 -0.00734655 -0.0608571 0.0788058 0.0238711 0.142035
30.4 -0.0388841 -0.143708 0.113441 0.186401 -0.241171
30.5 -0.030193 0.0863574 -0.0661349 -0.0808911 -0.216321
30.6 0.0949328 0.0980435 -0.163751 -0.396042 -0.0329205
30.7 -0.0550911 -0.224138 -0.149037 -0.138348 -0.142739
30.8 -0.120358 -0.28474 -0.14674 0.0485667 -0.25386
30.9 -0.0410204 0.00298629 -0.125088 -0.178858 -0.131232
31 -0.127018 0.0819627 -0.0484522 -0.290635 -0.0331391
31.1 -0.0228033 -0.162128 -0.0647135 0.0216694 -0.131159
31.2 0.136486 -0.128837 -0.0674694 0.125888 -0.0870565
31.3 0.196955 0.235381 0.0759259 -0.0975457 0.11906
31.4 -0.0195811 0.311002 0.196542 0.0395901 0.157154
31.5 0.271041 0.0422622 0.25905 0.397696 0.109476
31.6 0.0391883 0.0157981 0.225284 0.328629 0.284732
31.7 0.0372172 0.327354 0.0385285 0.166444 0.332626
31.8 -0.230989 0.0380884 0.206726 0.0370904 0.312113
31.9 -0.00255288 -0.0699869 0.0613179 0.0902324 0.190453
32 0.230878 -0.137162 -0.0899087 0.276512 -0.145376
32.1 0.101723 0.159167 0.012237 -0.136798 -0.143626
32.2 0.0483636 0.254292 0.100571 -0.401007 -0.0789523
32.3 0.0526817 -0.103472 -0.0554508 0.0770746 -0.197792
32.4 -0.00622433 -0.210254 -0.174257 0.175665 -0.0904365
32.5 -0.039577 0.00397337 -0.00827652 -0.240872 0.175653
32.6 0.0312265 0.136896 0.0265103 -0.106372 0.0767103
32.7 -0.0440292 0.0104918 0.0422816 0.276229 -0.150249
32.8 0.146278 -0.0427101 0.142816 0.126445 -0.00266222
32.9 -0.0695225 0.169513 0.0349771 -0.152794 0.250416
33 -0.276112 -0.064757 -0.0885824 0.0661293 0.127741
33.1 -0.00836312 -0.31978 -0.0431488 0.162066 -0.0847521
33.2 0.0108966 -0.0729875 -0.0604646 -0.113232 -0.0954954
33.3 -0.0125773 0.241079 -0.105927 -0.318582 -0.106144
33.4 -0.195798 -0.0978395 -0.0476004 -0.105123 -0.250764
33.5 0.102635 -0.316984 -0.104163 0.0185801 -0.237773
33.6 -0.0432605 -0.0856987 -0.228194 -0.192794 -0.0012516
33.7 0.0370471 0.156657 -0.107135 -0.244373 0.0281002
33.8 -0.0213493 0.00858829 0.125303 0.0826685 -0.166871
33.9 0.0465767 -0.0617998 0.162167 0.216615 -0.0968036
34 -0.0598545 0.112968 0.000810438 0.0189991 0.24817
34.1 -0.157133 0.0143195 -0.0472653 0.0217882 0.292557
34.2 0.0588907 -0.2036 0.0468676 0.0924277 0.130743
34.3 -0.0958008 0.0511872 -0.0386352 0.131326 -0.118227
34.4 0.0354133 0.119518 0.0688899 -0.112185 -0.140905
34.5 0.0676268 0.00567017 0.0444908 -0.214062 -0.071437
34.6 0.0385293 -0.0786262 -0.195994 0.0309895 -0.0840408
34.7 0.198754 -0.0588508 -0.0756968 0.0216318 -0.0284761
34.8 -0.00529335 0.14818 0.156104 -0.110005 0.0471628
34.9 0.0458534 0.206213 0.145443 0.104415 0.0252707
35 -0.040189 0.00150847 0.0826018 0.282463 0.0937552
35.1 0.0150662 -0.141759 0.0651314 0.129119 0.270411
35.2 0.00680908 0.146208 -0.0256024 -0.0452584 0.260656
35.3 -0.0198371 0.0956897 0.0544783 0.0751277 0.0108139
35.4 -0.0168415 -0.0866527 0.147113 0.144128 -0.189211
35.5 -0.0095681 -0.0237051 -0.00968928 -0.0835129 -0.0563837
35.6 -0.01051 0.0485562 -0.220059 -0.217346 0.0566707
35.7 -0.006068 -0.149853 -0.138461 -0.0808081 -0.0941594
35.8 -0.00253399 -0.187031 0.0239846 -0.000135771 -0.230453
35.9 -0.00157743 0.130769 -0.0422269 -0.117015 -0.135466
36 -0.000274154 0.13676 -0.0677125 -0.124814 0.00559394
36.1 0.000525286 -0.168529 0.0380553 0.0278782 0.0296084
36.2 0.000849357 -0.106006 0.00326137 0.148955 0.0407465
36.3 0.000674633 0.186406 -0.0067224 0.021739 0.10794
36.4 0 0.0999118 0.165105 -0.00870966 0.0909973
