0.1 -4.25869e-05 -1.98359e-05 -8.95987e-06 -3.44787e-06
0.2 -0.000148733 -9.61355e-05 -5.4369e-05 -2.4047e-05
0.3 -0.000230265 -0.000190979 -0.00013225 -6.64895e-05
0.4 -0.000250485 -0.000212377 -0.000162075 -8.86764e-05
0.5 -0.000236532 -0.000170047 -0.000110081 -5.55268e-05
0.6 -0.000211254 -0.000140135 -7.3946e-05 -2.74834e-05
0.7 -0.000151046 -0.00012682 -9.4977e-05 -5.10754e-05
0.8 -0.000111819 -9.66099e-05 -8.10677e-05 -4.98235e-05
0.9 -3.28311e-05 -2.86995e-05 -9.09594e-06 2.35088e-06
1 0.000299825 0.000172855 9.7281e-05 4.57391e-05
1.1 0.000548867 0.000448625 0.000282456 0.000127727
1.2 0.000334639 0.000397332 0.0003555 0.000206891
1.3 -0.000141487 -7.93369e-05 1.12012e-06 3.06713e-05
1.4 -0.000608567 -0.000567833 -0.000484969 -0.000286269
1.5 -0.000396137 -0.000521552 -0.000448547 -0.000262565
1.6 0.000651713 0.000402177 0.000240785 0.00012991
1.7 0.0012849 0.00130952 0.000985863 0.000508613
1.8 0.000967061 0.000961679 0.000848869 0.000493892
1.9 0.000372965 4.37646e-05 -7.72332e-05 -3.809e-05
2 0.000225687 -0.000117599 -0.000352951 -0.000313386
2.1 0.000558651 0.000471945 0.000404383 0.000234484
2.2 0.00119343 0.00111193 0.000937538 0.000588404
2.3 0.000777238 0.000847573 0.000568257 0.000221416
2.4 -0.00206236 -0.00120414 -0.000634126 -0.00026756
2.5 -0.00401119 -0.00359063 -0.00225162 -0.00106129
2.6 -0.00229414 -0.00282229 -0.00235249 -0.00152571
2.7 0.000384443 0.000619116 0.0003459 -1.42321e-05
2.8 0.00134282 0.00219901 0.0024709 0.0020877
2.9 0.00232195 0.00148593 0.00112105 0.0013114
3 0.00239689 0.00116288 -0.000115373 -0.000643944
3.1 -0.00190281 -0.000267438 0.000388871 0.000391131
3.2 -0.00478824 -0.00317412 -0.00111656 0.000461713
3.3 -0.00252429 -0.00282198 -0.00364502 -0.0035515
3.4 -8.81848e-05 -0.000125586 -0.00197578 -0.00343044
3.5 0.00106166 0.00124727 0.0021331 0.00319381
3.6 0.00349769 0.00308889 0.0033181 0.0057087
3.7 0.00571665 0.00423186 0.00236317 0.00214468
3.8 0.00134054 0.00120856 0.00095417 0.000732838
3.9 -0.00654363 -0.00342576 -0.00192389 0.000574296
4 -0.005827 -0.00492224 -0.00492842 -0.0030611
4.1 0.00185496 -0.00182346 -0.00373439 -0.00462311
4.2 0.00568835 0.00390725 0.0023539 0.00209679
4.3 0.00704087 0.00844232 0.00894102 0.0105055
4.4 0.0120553 0.0107668 0.0120107 0.010404
4.5 0.0208024 0.0123544 0.0102804 0.00556614
4.6 0.0235053 0.01226 0.00894185 0.00594169
4.7 0.010202 0.00897205 0.0104912 0.00924362
4.8 -0.00477964 0.000467207 0.00737094 0.0077674
4.9 -0.00482264 -0.0092456 -0.0030667 -0.000690326
5 -0.00385056 -0.00914198 -0.0133999 -0.012042
5.1 -0.0111612 -0.00680572 -0.012922 -0.0177479
5.2 -0.0150348 -0.0115897 -0.00635002 -0.0143837
5.3 -0.0133072 -0.0104317 -0.0096127 -0.00769497
5.4 -0.00506421 -0.003941 -0.01177 -0.00742991
5.5 0.0109014 -0.000680601 0.000619241 -0.0124413
5.6 0.0164933 0.00804993 0.00902486 -0.00605795
5.7 -0.00128644 0.0115376 0.0077246 0.010623
5.8 -0.011496 -0.00615202 0.00750588 0.0133837
5.9 0.0138802 -0.0111473 -0.00197157 -0.00269454
6 0.0402663 0.013244 -0.0113265 -0.0192034
6.1 0.02338 0.0185362 0.00620352 -0.0178096
6.2 -0.00632136 -0.00535047 0.0225607 0.00791289
6.3 0.00912307 -0.00763208 0.00272778 0.0377437
6.4 0.0348794 0.0152166 -0.0117069 0.0367825
6.5 0.0172592 0.0166264 0.0181717 0.00492872
6.6 -0.00741025 -0.00398355 0.0410986 -0.0128979
6.7 -0.00254728 -0.00691621 0.00934645 0.00414454
6.8 0.026822 0.00732933 -0.0316621 0.0202729
6.9 0.0534255 0.0118118 -0.0232494 0.00682638
7 0.0223554 0.00958071 0.0166517 -0.014489
7.1 -0.0434492 0.00407694 0.0346749 -0.00948392
7.2 -0.0899912 -0.0105962 0.0103084 0.0197823
7.3 -0.096922 -0.0233287 -0.0309074 0.0346838
7.4 -0.0543477 -0.0218996 -0.0498897 0.0049339
7.5 -0.0157348 -0.00640514 -0.0435851 -0.0495436
7.6 -0.00577356 0.00476499 -0.031128 -0.0869241
7.7 0.0111862 0.000669268 -0.0193442 -0.0911719
7.8 0.0331904 0.00035764 -0.00929435 -0.0704233
7.9 0.0224063 0.0118642 0.000583619 -0.0378927
8 0.0143817 0.0140975 0.0133019 0.000505815
8.1 0.0652347 0.0105364 0.025585 0.0368524
8.2 0.160949 0.0228058 0.0348475 0.0597782
8.3 0.303494 0.0404204 0.0435318 0.0697971
8.4 0.464336 0.0507881 0.0499606 0.0728794
8.5 0.59407 0.0559949 0.0505624 0.0723451
8.6 0.70937 0.0552435 0.0480889 0.0711086
8.7 0.791741 0.0525063 0.0473598 0.0706897
8.8 0.823314 0.0546338 0.0484193 0.0712443
8.9 0.816968 0.053874 0.0489393 0.0718511
9 0.74901 0.0421804 0.0462444 0.0705615
9.1 0.637829 0.027633 0.0389491 0.0667577
9.2 0.509815 0.0170093 0.0281532 0.0611715
9.3 0.35868 0.0115466 0.0144288 0.0537975
9.4 0.219071 0.0105821 0.00116027 0.0424961
9.5 0.108224 0.00907113 -0.00237799 0.0228271
9.6 -0.022312 -0.000553989 0.00209696 -0.00209493
9.7 -0.156828 -0.0171474 -0.00513147 -0.0209278
9.8 -0.239712 -0.0247288 -0.036402 -0.0314279
9.9 -0.266683 -0.0220386 -0.0766133 -0.0436506
10 -0.218894 -0.0218057 -0.0980758 -0.0670684
10.1 -0.0985149 -0.020054 -0.095707 -0.0951431
10.2 0.0374407 -0.00819351 -0.0863897 -0.108426
10.3 0.130322 0.00982038 -0.0755661 -0.101259
10.4 0.184703 0.0193304 -0.0513765 -0.0856137
10.5 0.248693 0.0143788 -0.00975881 -0.0680825
10.6 0.296425 0.0101092 0.0298304 -0.0416681
10.7 0.301467 0.0227204 0.0408423 0.00230745
10.8 0.274524 0.0443912 0.0278231 0.0542443
10.9 0.245127 0.0488196 0.0235561 0.0901901
11 0.287815 0.0302516 0.0407068 0.0976797
11.1 0.381936 0.0161207 0.0517866 0.0905517
11.2 0.474278 0.0226969 0.0348591 0.0891804
11.3 0.563972 0.0352645 0.00866077 0.0912263
11.4 0.652019 0.0379286 -0.00176905 0.085408
11.5 0.751004 0.0334388 0.00712598 0.0703665
11.6 0.817506 0.0406557 0.0225604 0.0524526
11.7 0.804881 0.0542694 0.0383905 0.0383632
11.8 0.748257 0.0506092 0.049556 0.0347756
11.9 0.682735 0.0365748 0.0443593 0.0436911
12 0.595901 0.0250606 0.0289004 0.055445
12.1 0.484182 0.0164842 0.0132852 0.0620199
12.2 0.353539 0.0111976 0.000738779 0.0611639
12.3 0.20852 0.00718113 -0.00197504 0.0499756
12.4 0.0657782 0.00510764 0.00475897 0.0291492
12.5 -0.0736861 0.00369146 0.00902547 0.0055084
12.6 -0.201147 -0.00617741 0.000386982 -0.0126919
12.7 -0.288048 -0.0212646 -0.0264398 -0.0220031
12.8 -0.321445 -0.0240301 -0.0736094 -0.0262436
12.9 -0.320607 -0.0198509 -0.124583 -0.0345389
13 -0.314791 -0.0226647 -0.151905 -0.0568345
13.1 -0.317853 -0.0221476 -0.151476 -0.09272
13.2 -0.318061 -0.0181522 -0.140579 -0.12502
13.3 -0.293787 -0.0188439 -0.137999 -0.133562
13.4 -0.241152 -0.01831 -0.145745 -0.120105
13.5 -0.164962 -0.0175625 -0.147298 -0.104332
13.6 -0.0802804 -0.0187475 -0.136208 -0.0950751
13.7 -0.00329763 -0.0150021 -0.121174 -0.0883749
13.8 0.0681483 -0.00239894 -0.104635 -0.0814728
13.9 0.152197 0.0134845 -0.0795285 -0.0740114
14 0.255259 0.019641 -0.0386879 -0.0653984
14.1 0.369305 0.0159325 0.0102194 -0.0509598
14.2 0.494451 0.0200069 0.0399222 -0.0189741
14.3 0.615154 0.0399478 0.0375244 0.0326956
14.4 0.712415 0.0563828 0.0301821 0.0840533
14.5 0.78797 0.0532087 0.0455714 0.115313
14.6 0.844728 0.0522051 0.0702866 0.126855
14.7 0.887468 0.070696 0.0824626 0.128744
14.8 0.920675 0.0942213 0.0827984 0.127888
14.9 0.946957 0.108986 0.0804044 0.12728
15 0.966578 0.111223 0.0817261 0.127415
15.1 0.967932 0.108775 0.082181 0.128145
15.2 0.948937 0.107138 0.0782234 0.126755
15.3 0.93005 0.0986466 0.0760375 0.120838
15.4 0.922099 0.0851635 0.0752727 0.112595
15.5 0.910648 0.0736131 0.0721313 0.103985
15.6 0.880829 0.0651212 0.0661053 0.095182
15.7 0.831891 0.0601831 0.0570585 0.086273
15.8 0.774802 0.0586281 0.045242 0.0772641
15.9 0.722054 0.0589589 0.0316379 0.068092
16 0.667382 0.0588819 0.0176766 0.058656
16.1 0.60029 0.0570734 0.00549376 0.048058
16.2 0.531927 0.0518075 0.000176288 0.0335738
16.3 0.481809 0.0424959 0.00377946 0.0141815
16.4 0.449931 0.0326284 0.008042 -0.00301882
16.5 0.426402 0.0251511 0.00404265 -0.00752845
16.6 0.4116 0.0182454 -0.0038362 -0.000492678
16.7 0.397139 0.00976105 -0.0032857 0.00532837
16.8 0.367364 0.00488708 0.00522839 0.00369714
16.9 0.319583 0.00842861 0.0102279 0.000492051
17 0.255392 0.0144771 0.00878063 0.00106125
17.1 0.172781 0.0154198 0.0059387 0.0039635
17.2 0.0834938 0.0102676 0.00475689 0.00579959
17.3 0.000213237 0.00181124 0.00355464 0.00498591
17.4 -0.0830556 -0.00769986 -0.0012625 0.000863601
17.5 -0.162445 -0.0157126 -0.0123254 -0.00617597
17.6 -0.222921 -0.0181256 -0.0323884 -0.0138016
17.7 -0.26197 -0.0169041 -0.0613515 -0.0206706
17.8 -0.28782 -0.0183113 -0.0961643 -0.0274097
17.9 -0.309746 -0.0214157 -0.133245 -0.0371797
18 -0.329574 -0.0234353 -0.163048 -0.0572787
18.1 -0.34179 -0.0244459 -0.175527 -0.0937096
18.2 -0.347721 -0.0236476 -0.174303 -0.139449
18.3 -0.355542 -0.0224062 -0.172919 -0.176953
18.4 -0.363724 -0.0237703 -0.175482 -0.199132
18.5 -0.36592 -0.0264502 -0.175407 -0.211575
18.6 -0.365183 -0.0254245 -0.173648 -0.215735
18.7 -0.361515 -0.0214846 -0.172429 -0.212993
18.8 -0.348232 -0.0197259 -0.166936 -0.210179
18.9 -0.328857 -0.0196111 -0.157698 -0.208381
19 -0.307828 -0.0188877 -0.14794 -0.205286
19.1 -0.280767 -0.0176961 -0.137903 -0.200803
19.2 -0.24377 -0.0164143 -0.127663 -0.194865
19.3 -0.197732 -0.0153982 -0.11725 -0.187437
19.4 -0.146543 -0.014769 -0.106763 -0.178512
19.5 -0.0883723 -0.0143641 -0.0963939 -0.168116
19.6 -0.0153402 -0.0133358 -0.0863193 -0.156305
19.7 0.0634761 -0.00618976 -0.0760384 -0.143164
19.8 0.127231 0.00884552 -0.061063 -0.128771
19.9 0.173595 0.0199408 -0.0336477 -0.113089
20 0.207058 0.0203507 0.00345539 -0.0926972
20.1 0.226442 0.0189417 0.0331137 -0.0598655
20.2 0.237648 0.0254974 0.0407336 -0.00904059
20.3 0.244664 0.0396196 0.029877 0.0532908
20.4 0.247054 0.0540119 0.0186426 0.107812
20.5 0.251234 0.0638793 0.0204076 0.137889
20.6 0.257167 0.0685073 0.0374389 0.138439
20.7 0.256801 0.0686602 0.0629511 0.118641
20.8 0.245314 0.068557 0.0782556 0.0997695
20.9 0.226405 0.0698022 0.0738445 0.0923806
21 0.211468 0.0674782 0.0619766 0.0898693
21.1 0.208023 0.0613468 0.050796 0.0869585
21.2 0.217597 0.0547252 0.0391924 0.0834436
21.3 0.23417 0.0489131 0.0271881 0.0791421
21.4 0.250254 0.0448009 0.0150713 0.0737937
21.5 0.263496 0.0419653 0.00491367 0.0663339
21.6 0.269777 0.038528 0.00127002 0.0545361
21.7 0.269056 0.0340571 0.00526275 0.037936
21.8 0.264725 0.031276 0.0111901 0.0195245
21.9 0.257255 0.0317291 0.0134608 0.00327422
22 0.24738 0.0328461 0.0100689 -0.00515869
22.1 0.234159 0.0308321 0.00235166 -0.00159823
22.2 0.216133 0.022649 -0.00134747 0.0070284
22.3 0.193568 0.0104854 0.00462924 0.0101861
22.4 0.166354 0.00430732 0.0118202 0.00767103
22.5 0.135384 0.00894935 0.0118066 0.0042578
22.6 0.10423 0.0172076 0.00711907 0.00192173
22.7 0.0759618 0.0202144 0.0035907 0.000855548
22.8 0.0517561 0.0156848 0.00346046 0.00101785
22.9 0.0354527 0.00827389 0.00460787 0.00190385
23 0.0327339 0.00448339 0.0038736 0.00256998
23.1 0.0396756 0.00626273 0.00163899 0.00203613
23.2 0.0464092 0.0103734 0.00143313 0.000355721
23.3 0.0485922 0.0135647 0.00395345 -1.50786e-05
23.4 0.0460836 0.0150729 0.00712233 0.00250769
23.5 0.0427295 0.015201 0.0100416 0.00613369
23.6 0.0394621 0.0150502 0.0121093 0.00881416
23.7 0.0311714 0.0155596 0.0125782 0.00977124
23.8 0.0179879 0.0155754 0.0119923 0.00873698
23.9 0.00664636 0.0131795 0.010928 0.00604309
24 0.00165193 0.00790802 0.00826211 0.0027261
24.1 0.00229735 0.00220272 0.00215135 0.000293955
24.2 0.00448346 0.000383845 -0.00547249 -0.00104224
24.3 -0.0002204 0.000884216 -0.00789419 -0.00269663
24.4 -0.0188765 -0.00180239 -0.00360009 -0.00429261
24.5 -0.050146 -0.00549341 -0.000797608 -0.00331395
24.6 -0.0881045 -0.00544258 -0.00473421 -0.000280077
24.7 -0.124365 -0.00481676 -0.0100925 -2.78468e-05
24.8 -0.153914 -0.00770076 -0.012051 -0.00446163
24.9 -0.183606 -0.0114601 -0.0131106 -0.0101631
25 -0.219231 -0.0127574 -0.0161137 -0.0143437
25.1 -0.256592 -0.0124458 -0.0204707 -0.0168849
25.2 -0.293659 -0.0129388 -0.0250864 -0.0182192
25.3 -0.32827 -0.0158817 -0.0312721 -0.0185804
25.4 -0.351626 -0.0199334 -0.043633 -0.0184394
25.5 -0.36003 -0.0207196 -0.0670921 -0.0186324
25.6 -0.356242 -0.0182183 -0.0991689 -0.0201108
25.7 -0.34204 -0.0169777 -0.129349 -0.0238052
25.8 -0.322722 -0.017891 -0.147858 -0.0317035
25.9 -0.306184 -0.0181738 -0.14992 -0.0466415
26 -0.294927 -0.0167217 -0.138838 -0.066665
26.1 -0.289132 -0.0151795 -0.123588 -0.0850473
26.2 -0.287964 -0.0149056 -0.108946 -0.0980024
26.3 -0.286288 -0.0154274 -0.09589 -0.105019
26.4 -0.283218 -0.0154591 -0.085582 -0.105878
26.5 -0.28038 -0.0146989 -0.0780514 -0.101448
26.6 -0.2729 -0.0139891 -0.0721758 -0.0935691
26.7 -0.258443 -0.0138516 -0.0672954 -0.0833216
26.8 -0.241857 -0.0140364 -0.0634561 -0.0710269
26.9 -0.227629 -0.0140276 -0.0607604 -0.0570746
27 -0.212991 -0.0136708 -0.0590733 -0.041907
27.1 -0.18629 -0.0131894 -0.0580181 -0.0259995
27.2 -0.139958 -0.0127468 -0.0571903 -0.00983536
27.3 -0.0796024 -0.0123161 -0.054409 0.00245101
27.4 -0.0151649 -0.011213 -0.0458591 0.00335742
27.5 0.042308 -0.00406316 -0.031565 -0.00599906
27.6 0.0865589 0.0110695 -0.0126884 -0.0154097
27.7 0.12299 0.0260148 0.0080421 -0.0153439
27.8 0.155393 0.0374476 0.0214049 -0.000429856
27.9 0.184672 0.0475698 0.023539 0.0256347
28 0.21132 0.0549237 0.0210132 0.0530934
28.1 0.229651 0.0566357 0.0212399 0.0755631
28.2 0.236114 0.0542334 0.0255916 0.0912984
28.3 0.234568 0.0523299 0.0309241 0.100395
28.4 0.229319 0.0520223 0.0350368 0.10337
28.5 0.222386 0.0524513 0.0366257 0.102252
28.6 0.21527 0.0527938 0.0351553 0.0998519
28.7 0.207624 0.0519362 0.0318689 0.0968566
28.8 0.199031 0.0496235 0.0277226 0.0928657
28.9 0.190518 0.04623 0.0227122 0.0879098
29 0.181826 0.0422519 0.0167874 0.082013
29.1 0.169178 0.0378373 0.0107063 0.0747769
29.2 0.152044 0.0324789 0.00655105 0.0651351
29.3 0.137423 0.0259706 0.00590735 0.0522643
29.4 0.129762 0.0196753 0.00772681 0.0366168
29.5 0.123921 0.0164108 0.0089053 0.0195781
29.6 0.112068 0.0168981 0.00761859 0.0030185
29.7 0.0942286 0.0174068 0.00361024 -0.00784387
29.8 0.0749943 0.0133179 -0.00110994 -0.00776239
29.9 0.0557372 0.00446691 -0.00130921 -0.000309529
30 0.0327525 -0.000255831 0.00218495 0.006573
30.1 0.00461472 0.00477506 0.00388115 0.00896372
30.2 -0.0168342 0.00685002 0.00432128 0.00680849
30.3 -0.0214642 -0.00273366 0.00226426 0.00187149
30.4 -0.0160883 -0.0127284 -0.00696885 -0.00379776
30.5 -0.0101923 -0.0127228 -0.0213346 -0.00888229
30.6 -0.00411832 -0.0056204 -0.0340134 -0.0130504
30.7 0.00484343 0.000136643 -0.0377584 -0.0164139
30.8 0.0150104 0.000998732 -0.0281549 -0.0185315
30.9 0.0203262 0.000410879 -0.00781809 -0.0177789
31 0.0180825 0.0041249 0.0120159 -0.00914614
31.1 0.0122169 0.0134028 0.0206379 0.00968339
31.2 0.005291 0.0222432 0.020185 0.0315724
31.3 0.000114701 0.0221409 0.0181271 0.0497624
31.4 0.0023286 0.0118425 0.0161321 0.0626211
31.5 0.0116944 0.00208648 0.0113137 0.0692205
31.6 0.020448 0.00262476 0.00300857 0.0689154
31.7 0.0212748 0.00930744 -0.00128718 0.0604879
31.8 0.0113479 0.0129944 0.00471079 0.0439784
31.9 -0.00624121 0.00952064 0.0144655 0.0238753
32 -0.0244349 2.84555e-05 0.0159047 0.0054685
32.1 -0.0421568 -0.00769883 0.00109478 -0.00681963
32.2 -0.0609586 -0.00868543 -0.026667 -0.0112652
32.3 -0.0771674 -0.0081688 -0.0549904 -0.0115029
32.4 -0.0901908 -0.0106326 -0.0766702 -0.0113064
32.5 -0.106344 -0.0137224 -0.0920589 -0.0119194
32.6 -0.129619 -0.0145418 -0.102662 -0.0133089
32.7 -0.156813 -0.0140644 -0.108377 -0.0152523
32.8 -0.181793 -0.0144431 -0.108541 -0.017849
32.9 -0.201165 -0.0144446 -0.105917 -0.0199988
33 -0.215382 -0.0136194 -0.104191 -0.0198784
33.1 -0.226037 -0.0141779 -0.103585 -0.0174292
33.2 -0.234253 -0.0145565 -0.104391 -0.0137468
33.3 -0.238888 -0.0137627 -0.106676 -0.00948281
33.4 -0.236349 -0.0137922 -0.108017 -0.00560748
33.5 -0.223221 -0.0137113 -0.106607 -0.00366645
33.6 -0.196855 -0.0132278 -0.101835 -0.0042517
33.7 -0.158415 -0.0140259 -0.0936699 -0.00636503
33.8 -0.113372 -0.015021 -0.0837125 -0.00838629
33.9 -0.0643775 -0.0146735 -0.0736803 -0.00894454
34 -0.0112259 -0.0129801 -0.0635994 -0.00757144
34.1 0.0385644 -0.00540488 -0.0522586 -0.00491789
34.2 0.0758384 0.00925315 -0.0347338 -0.0022072
34.3 0.103998 0.0199272 -0.00456795 -0.000300471
34.4 0.127999 0.0219171 0.0331325 0.00261135
34.5 0.148619 0.0241478 0.060541 0.0116332
34.6 0.16797 0.0346959 0.0634295 0.0309082
34.7 0.187368 0.0509353 0.0468532 0.0569352
34.8 0.207338 0.0630736 0.0290594 0.0803701
34.9 0.227759 0.0658116 0.0199582 0.0960105
35 0.24672 0.0618832 0.0187553 0.103353
35.1 0.261178 0.0578328 0.0215483 0.103206
35.2 0.269656 0.057712 0.02414 0.098492
35.3 0.272069 0.0613971 0.0245368 0.0924706
35.4 0.26836 0.0660111 0.0232566 0.0862985
35.5 0.259143 0.0676945 0.0217219 0.0798167
35.6 0.244051 0.0655969 0.0201405 0.0730013
35.7 0.224115 0.0615346 0.0176346 0.0659704
35.8 0.205084 0.0565967 0.013966 0.0586355
35.9 0.190826 0.0507251 0.010182 0.0504343
36 0.178793 0.0437979 0.00773449 0.0405775
36.1 0.16536 0.0361825 0.00730857 0.0286477
36.2 0.149691 0.0289917 0.00809978 0.0149867
36.3 0.129868 0.0235634 0.0079596 0.00153215
36.4 0.102488 0.0203704 0.00392159 -0.00620013
36.5 0.0680562 0.0173972 -0.00216111 -0.00470524
36.6 0.0293501 0.0121035 -0.00212528 0.00034718
36.7 -0.00921027 0.00372623 0.00407387 0.00289397
36.8 -0.042419 -0.00400671 0.00408737 0.00320005
36.9 -0.0705959 -0.00480629 -0.00759624 0.000634386
37 -0.0943809 -0.0034188 -0.0215301 -0.00640608
37.1 -0.112653 -0.00660432 -0.0310693 -0.0154631
37.2 -0.128707 -0.00808207 -0.0398957 -0.0238155
37.3 -0.143273 -0.00627114 -0.0488922 -0.0311178
37.4 -0.152631 -0.00741193 -0.0548164 -0.0374884
37.5 -0.157646 -0.00841062 -0.0591574 -0.0430016
37.6 -0.159161 -0.00678357 -0.0631456 -0.0476969
37.7 -0.155143 -0.00710171 -0.0637604 -0.0515879
37.8 -0.147648 -0.00741028 -0.0615273 -0.05403
37.9 -0.138094 -0.00598356 -0.058556 -0.0539579
38 -0.124248 -0.00776268 -0.0532296 -0.0514453
38.1 -0.106743 -0.0124239 -0.0456307 -0.0472633
38.2 -0.0888648 -0.014105 -0.0389034 -0.0416656
38.3 -0.0713457 -0.0117925 -0.0338476 -0.0346685
38.4 -0.052073 -0.0100099 -0.028385 -0.0263807
38.5 -0.0300973 -0.0109204 -0.0215835 -0.0169468
38.6 -0.00756076 -0.0114979 -0.0145436 -0.00675745
38.7 0.00948321 -0.00496388 -0.00721138 0.00117499
38.8 0.0172299 0.0108185 0.00175842 0.00358249
38.9 0.020257 0.0281445 0.0110049 0.00336919
39 0.0234964 0.0410279 0.0170717 0.00523106
39.1 0.0277618 0.0491961 0.0186881 0.00929196
