0.1 0 -0.00928482 -0.0136094 -0.0155629 -0.0163146
0.2 0 -0.0391187 -0.0631951 -0.0764565 -0.082241
0.3 0 0.0692466 0.0790249 0.0716965 0.0649846
0.4 0 0.0446769 0.12154 0.171317 0.192765
0.5 0 -0.0758819 -0.0876776 -0.0498091 -0.0165932
0.6 0 0.0477677 -0.0190908 -0.0958233 -0.134501
0.7 0 -0.096242 -0.104952 -0.155596 -0.209983
0.8 0 -0.0285447 -0.0719693 -0.0294062 0.0160406
0.9 0 0.0482498 0.0762325 0.0738499 0.0900685
1 0 0.0868744 0.178763 0.193305 0.150949
1.1 0 0.0796401 0.108859 0.189206 0.260747
1.2 0 -0.100076 -0.0951824 -0.0855613 -0.0509456
1.3 0 -0.065179 -0.172513 -0.276646 -0.38671
1.4 0 -0.0136269 -0.1076 -0.201608 -0.227951
1.5 0 -0.0202337 0.0646911 0.14842 0.205429
1.6 0 -0.0209503 0.0111786 0.0970935 0.122019
1.7 0 0.214958 0.221958 0.140434 0.123998
1.8 0 -0.0652575 0.0142238 0.0563202 0.0362634
1.9 0 -0.0421176 -0.0847282 0.00334108 0.0763808
2 0 -0.0418344 -0.112649 -0.241249 -0.266878
2.1 0 0.0663961 0.0768466 0.0222171 -0.107797
2.2 0 -0.0526097 -0.0276717 0.0850976 0.204387
2.3 0 -0.100756 -0.120776 -0.106512 -0.0376578
2.4 0 0.343797 0.400668 0.324416 0.156659
2.5 0 0.0597534 0.259782 0.381619 0.490951
2.6 0 -0.382047 -0.500572 -0.34324 -0.172611
2.7 0 -0.0494846 -0.381173 -0.732644 -0.988317
2.8 0 -0.0408779 -0.0853651 -0.401986 -0.629591
2.9 0 -0.225042 -0.229985 0.127306 0.38806
3 0 0.132436 0.267283 0.380439 0.512861
3.1 0 -0.037451 0.241155 0.182672 -0.0136169
3.2 0 0.394079 0.143799 0.106541 0.174975
3.3 0 0.205482 0.243131 0.294371 0.381788
3.4 0 -0.0926036 0.472945 0.645489 0.573594
3.5 0 0.149289 -0.355855 -0.27457 -0.0982502
3.6 0 -0.00216868 -0.0838652 -0.534232 -0.700596
3.7 0 -0.689595 -0.426675 -0.297336 -0.554623
3.8 0 0.441565 -0.0357698 0.165011 0.613729
3.9 0 -0.133981 0.251901 -0.0192566 -0.156619
4 0 -0.130348 -0.145397 -0.0150464 -0.388038
4.1 0 0.314487 -0.0377558 -0.0452082 0.491091
4.2 0 -0.310571 0.140043 0.126199 -0.0538383
4.3 0 0.508332 0.493401 0.6722 0.396166
4.4 0 -0.130598 -0.326854 -0.513888 0.0256082
4.5 0 -0.470757 -0.29977 -0.173185 -0.517741
4.6 0 0.121057 -0.273371 -0.45239 -0.650376
4.7 0 -0.00250179 0.019145 -0.286727 0.0623755
4.8 0 -0.0522882 0.315046 0.949749 0.702916
4.9 0 0.106008 0.0781057 -0.0124842 0.24954
5 0 0.179917 -0.0951635 -0.511764 -0.540998
5.1 0 0.297616 0.591975 0.932585 0.482071
5.2 0 -0.429865 -0.366065 -0.289835 0.362802
5.3 0 0.285194 0.0988902 0.0403659 -0.0624234
5.4 0 -0.254018 -0.168462 -0.31095 -0.909124
5.5 0 -0.176855 -0.420957 -0.586089 -0.0291557
5.6 0 -0.0425912 -0.185087 0.0874946 -0.00944893
5.7 0 -0.0139102 0.512571 0.408875 0.0727043
5.8 0 0.169106 -0.164382 -0.239066 0.220395
5.9 0 0.414624 0.35615 0.626621 0.461949
6 0 -0.158115 0.572024 0.45151 0.312116
6.1 0 0.154301 -0.511959 -0.415308 -0.052158
6.2 0 -0.374847 -0.292895 -0.336071 -0.584525
6.3 0 -0.179189 0.0238929 -0.257771 -0.448154
6.4 0 0.284952 -0.362537 -0.207133 0.0721846
6.5 0 -0.070878 0.590688 0.640575 0.553036
6.6 0 0.0372514 0.169828 0.301619 0.271162
6.7 0 0.126086 -0.517965 -0.578896 -0.362191
6.8 0 -0.420906 -0.0237439 -0.347022 -0.674593
6.9 0 -0.0886185 -0.41206 -0.260464 -0.329581
7 0 0.250334 0.226113 0.277587 0.687878
7.1 0 -0.238854 0.349587 0.399303 0.135767
7.2 0 0.95713 0.550871 0.674245 0.663897
7.3 0 0.0443804 0.333288 0.192218 0.522891
7.4 0 -1.35925 -1.16011 -0.879697 -1.18431
7.5 0 0.330085 -0.985127 -1.48466 -1.50791
7.6 0 -0.110908 0.657292 0.12712 -0.0280007
7.7 0 0.489587 0.46853 1.08165 1.12579
7.8 0 -0.0593843 -0.0991012 0.467714 0.670777
7.9 0 0.761973 1.77336 1.27233 1.64664
8 0 -0.0856158 -0.471761 0.0981191 -0.265845
8.1 0 -0.173842 -0.51423 -0.192925 -0.197356
8.2 0 -0.6486 -0.450388 -1.43979 -1.1788
8.3 0 0.189575 -0.0739732 -0.423512 -0.706493
8.4 0 -0.673876 -1.62916 -0.794235 -1.41087
8.5 0 -0.100342 0.555878 -0.53324 0.211291
8.6 0 0.474549 0.66367 0.584992 0.484211
8.7 0 0.554283 0.183743 1.55569 0.901987
8.8 0 -0.40644 0.280532 -0.0836019 0.768737
8.9 0 0.745618 1.16957 0.761181 1.13783
9 0 -0.344824 -0.877904 0.110382 -0.62871
9.1 0 -0.188542 -0.343004 -0.462273 -0.532558
9.2 0 0.310281 0.794273 -0.575596 0.157222
9.3 0 -0.17027 -0.729667 0.307663 -0.532914
9.4 0 -0.589767 -0.603168 -0.396997 -0.209118
9.5 0 0.306438 0.547248 -0.584632 0.0650633
9.6 0 -0.0309127 -0.452286 0.129859 -0.864958
9.7 0 -0.452833 -0.607908 -0.518099 -0.484114
9.8 0 0.245662 0.48205 -0.212892 0.541268
9.9 0 0.699466 0.921837 1.43964 0.981593
10 0 0.00897038 0.491449 1.41255 1.2775
10.1 0 -0.25583 -0.201992 -0.724372 0.359855
10.2 0 0.684599 0.384929 0.43737 -0.00822839
10.3 0 -0.152905 0.0368084 0.165099 -0.763942
10.4 0 -0.434864 -0.466202 -1.30548 -0.411934
10.5 0 -1.38793 -2.28215 -1.76752 -1.95185
10.6 0 1.10085 0.82455 0.527079 -0.219259
10.7 0 -1.09152 -0.693729 -1.32833 -0.901716
10.8 0 0.878464 0.764268 0.9804 1.07586
10.9 0 0.942813 1.2624 2.2993 2.10464
11 0 -0.609781 0.836027 0.743772 1.52397
11.1 0 -0.048251 -0.988997 -0.564924 -0.565156
11.2 0 1.3391 0.708035 0.29269 -0.288298
11.3 0 -1.09202 0.0206959 -1.1237 -1.30892
11.4 0 -0.863549 -1.80461 -0.502187 -0.262621
11.5 0 0.507314 -0.250012 -0.520358 -0.0311993
11.6 0 0.549539 1.93787 0.860113 0.127411
11.7 0 -0.611401 -0.553326 0.527688 0.176194
11.8 0 0.0412248 -1.13797 -0.593189 0.52981
11.9 0 -1.35763 -0.810926 -2.31325 -2.06285
12 0 0.758092 -0.327714 0.144233 -1.95274
12.1 0 0.495783 0.811685 -0.341172 0.284366
12.2 0 0.874718 1.4039 2.09388 2.85782
12.3 0 -0.171612 1.76934 3.09287 3.56345
12.4 0 -0.870304 -1.58017 -0.74898 -0.891796
12.5 0 1.33826 -0.332396 0.0262204 0.216077
12.6 0 0.541274 2.15577 -0.794115 -0.791952
12.7 0 -2.55409 -2.68446 -1.85859 -3.43917
12.8 0 0.743828 -1.93866 -0.778483 -0.19517
12.9 0 -1.02929 0.396888 -1.73203 -0.402165
13 0 -0.91381 -0.922406 -1.34028 -2.55419
13.1 0 0.0539722 0.0889705 1.51813 -0.252571
13.2 0 0.561995 1.01535 1.53388 2.14443
13.3 0 -0.805028 -0.126664 -0.273711 0.632964
13.4 0 3.10199 2.0794 1.99785 3.35986
13.5 0 1.03862 1.46839 1.68593 0.858096
13.6 0 1.14945 2.52073 2.56172 2.32435
13.7 0 2.44615 1.6795 2.02805 2.59214
13.8 0 -1.00857 -0.573102 0.414463 0.935811
13.9 0 -6.43362 -6.42609 -6.96509 -4.68053
14 0 0.221355 -2.03211 -2.97242 -3.09963
14.1 0 -3.40845 -3.12613 -5.0645 -6.68489
14.2 0 1.76545 1.02853 2.19585 -1.42923
14.3 0 4.62319 5.29475 5.48207 3.94174
14.4 0 0.158521 2.73179 1.65834 1.86145
14.5 0 -2.81768 -4.93527 -2.20819 -0.913673
14.6 0 -2.62509 -3.08988 -3.94211 -1.25239
14.7 0 4.18672 5.51892 3.16562 4.67669
14.8 0 4.66364 4.44698 6.99176 4.45034
14.9 0 1.34964 2.00551 3.51797 2.75247
15 0 0.382928 0.755849 -0.511516 2.03246
15.1 0 -3.84292 -1.66127 -1.82362 -0.394965
15.2 0 -2.84721 -5.05173 -4.78739 -2.44868
15.3 0 0.344788 -0.508083 -1.50675 -0.453966
15.4 0 -1.70924 -4.15023 -4.55444 -5.6748
15.5 0 0.296046 0.934929 1.28331 -1.56211
15.6 0 -3.01576 -2.25358 -1.48593 -4.53504
15.7 0 0.0250353 -0.150928 -1.60882 -1.48971
15.8 0 0.335233 0.474035 -0.408221 -0.946335
15.9 0 -1.35399 -1.61841 -1.11735 -2.93478
16 0 0.610715 1.07175 2.56056 -0.348815
16.1 0 -0.402149 1.08396 1.68108 -0.671215
16.2 0 7.44288 6.53576 4.60112 7.64347
16.3 0 7.05559 6.81556 8.2585 9.93635
16.4 0 3.9442 4.57936 4.98656 6.98554
16.5 0 -0.969597 0.619926 -0.411391 2.70905
16.6 0 -2.08917 -0.25622 1.55816 1.83379
16.7 0 -2.16346 -3.61218 -2.29445 -0.757885
16.8 0 -4.62485 -5.24179 -8.20344 -4.27329
16.9 0 -5.11443 -5.74832 -8.31979 -4.86492
17 0 0.643183 -4.16225 -0.0633454 -1.66789
17.1 0 -2.45101 -1.69531 -1.46912 -4.44253
17.2 0 -0.337212 2.81002 -1.26581 -2.15283
17.3 0 2.38693 2.60922 4.26226 0.679436
17.4 0 4.40994 3.53832 6.01724 2.40029
17.5 0 2.99579 3.52218 2.60982 2.98039
17.6 0 0.606383 3.28812 0.622386 1.95747
17.7 0 -4.41871 -2.65429 -1.34765 -1.76125
17.8 0 0.0426844 -3.48894 0.17251 -0.103635
17.9 0 1.73201 1.2071 -0.925706 1.59999
18 0 -1.00683 -1.49544 -3.35799 -1.25949
18.1 0 1.13776 0.303456 1.06081 0.907765
18.2 0 -0.268393 1.19413 2.24365 -0.0791299
18.3 0 0.669947 0.77406 -0.0464829 -0.594895
18.4 0 -3.85702 -4.35294 -4.82207 -5.33466
18.5 0 -5.05248 -6.1879 -5.64388 -6.07141
18.6 0 -0.978902 -0.905699 -1.97734 -1.48572
18.7 0 1.98042 1.87497 1.89112 1.71458
18.8 0 0.470782 0.338756 0.498011 0.236093
18.9 0 -1.97512 -2.22997 -1.71053 -2.16666
19 0 0.367718 0.148378 0.721174 0.223744
19.1 0 1.41831 1.66572 1.43882 1.32887
19.2 0 0.0864507 0.473407 0.0801215 0.0488435
19.3 0 -1.84042 -1.55722 -1.69709 -1.84878
19.4 0 -1.90935 -1.78599 -1.6424 -1.92026
19.5 0 -0.987707 -0.992758 -0.688251 -1.02512
19.6 0 -0.92287 -0.921488 -0.753536 -0.997743
19.7 0 0.122114 -0.207582 -0.459617 -0.491346
19.8 0 0.19227 -1.35779 -2.01644 -2.09932
19.9 0 -0.552042 0.780737 -0.314951 -1.45803
20 0 -1.20032 0.145931 0.390928 -1.83144
20.1 0 3.90957 3.85986 5.86366 4.36245
20.2 0 2.42067 1.85757 2.66993 2.3645
20.3 0 1.03849 1.8139 -1.21317 1.72724
20.4 0 1.62617 0.420916 1.81667 2.62124
20.5 0 1.15895 1.62511 2.13222 2.8856
20.6 0 0.268717 0.911992 1.0078 1.89553
20.7 0 0.818739 1.10903 0.928134 2.5897
20.8 0 -1.91505 -2.8902 -2.70855 -0.430239
20.9 0 -0.452427 -1.11762 -1.57198 -1.9183
21 0 -0.766884 0.880754 0.516846 -0.799376
21.1 0 0.858452 0.407124 1.8907 0.21244
21.2 0 4.4734 3.77951 2.64978 3.90263
21.3 0 -2.65335 -1.0401 -1.51434 0.46628
21.4 0 -0.593933 -1.87168 0.481445 -0.505745
21.5 0 0.148649 -0.0359718 0.0153559 0.183287
21.6 0 -0.345945 0.33944 -0.559884 -0.0692525
21.7 0 -0.936453 -0.741263 -1.91558 -1.15054
21.8 0 1.48409 0.807173 0.589902 0.90884
21.9 0 2.4313 2.12134 2.34 2.37441
22 0 1.99654 2.26826 2.49137 2.31447
22.1 0 1.09715 1.58955 1.81814 1.55681
22.2 0 2.25319 2.08436 2.28688 2.26241
22.3 0 -0.885821 -1.0001 -0.951799 -0.888788
22.4 0 -0.610837 -0.591682 -0.751155 -0.592049
22.5 0 -2.32559 -2.2468 -2.48836 -2.29664
22.6 0 -1.10905 -1.15306 -1.175 -1.09643
22.7 0 -1.10698 -1.22935 -1.10617 -1.10992
22.8 0 1.49262 1.45676 1.52734 1.51752
22.9 0 1.11239 1.22281 1.19116 1.19132
23 0 -1.75309 -0.134693 -0.0693422 -0.0516126
23.1 0 -1.31356 -1.52904 -0.699914 -0.4317
23.2 0 0.349034 0.144047 0.4811 -0.243508
23.3 0 -0.483729 -0.370256 -0.866823 -1.12189
23.4 0 0.145008 0.263811 -0.443213 -0.531402
23.5 0 -1.42915 -1.36643 -2.17443 -2.15042
23.6 0 1.33138 0.536517 1.26331 0.574961
23.7 0 0.00335804 -0.799871 -0.114663 -0.7444
23.8 0 1.40777 0.993917 0.98445 0.720549
23.9 0 0.641846 1.69739 0.282441 0.637002
24 0 1.01579 0.272959 0.912902 0.539539
24.1 0 0.0507109 -0.224217 0.086593 -0.0398819
24.2 0 -1.49542 -0.832271 -1.14756 -1.15357
24.3 0 -2.345 -1.88151 -1.96042 -2.04567
24.4 0 -0.0176332 0.153168 0.231263 0.14648
24.5 0 -1.64736 -1.81702 -1.57553 -1.65043
24.6 0 -0.534027 -1.46734 -1.39327 -1.32722
24.7 0 -0.125345 -0.337351 -0.763601 -0.590475
24.8 0 -0.232562 -0.312 -0.452356 -0.502952
24.9 0 0.137777 0.081554 -0.0217254 -0.0948323
25 0 -1.26869 -1.30883 -1.36195 -1.46474
25.1 0 -1.05864 -1.12177 -1.06138 -1.22536
25.2 0 -0.149464 -0.303413 -0.00274217 -0.291197
25.3 0 -0.347934 -0.477193 -0.157833 -0.460255
25.4 0 -1.87345 -1.75129 -2.04471 -1.78714
25.5 0 -1.22756 -1.28752 -1.80241 -0.518343
25.6 0 1.80845 -0.692211 -0.760752 0.0245101
25.7 0 1.40641 0.346564 1.14435 0.10736
25.8 0 0.012644 6.19655 3.99019 2.66251
25.9 0 1.16936 2.16406 2.48618 2.16296
26 0 2.49244 -0.925851 3.07207 1.77321
26.1 0 1.40107 0.262395 0.398202 0.933344
26.2 0 -0.582041 1.48552 -0.975837 0.425966
26.3 0 -0.0914034 1.30244 -0.739087 0.594548
26.4 0 0.805241 -0.423413 0.655598 0.755592
26.5 0 1.96493 0.253666 1.9917 1.65555
26.6 0 0.629137 1.04201 1.01527 1.13819
26.7 0 -0.426319 1.31626 0.555561 0.718166
26.8 0 1.25579 1.04369 1.21821 1.40188
26.9 0 0.590074 0.0857272 0.376805 0.57383
27 0 -0.0108019 -0.0484375 0.0633028 0.357623
27.1 0 -0.894763 0.410422 0.56594 1.01394
27.2 0 -0.285934 -0.447381 -0.302073 0.572287
27.3 0 1.27612 0.990386 0.23969 1.67624
27.4 0 -1.46642 -1.7122 -1.56539 -2.08535
27.5 0 -1.3336 -1.5465 -1.45483 -1.94451
27.6 0 -2.2648 -2.41089 -2.44755 -2.86964
27.7 0 -1.40571 -1.50494 -1.64879 -2.01243
27.8 0 -1.15436 -1.72275 -1.88423 -2.23584
27.9 0 -1.97805 -2.05005 -2.03848 -2.66008
28 0 -0.600823 -0.74821 -0.512807 -1.2467
28.1 0 -0.423615 -0.305424 -0.537959 -1.03277
28.2 0 -0.232077 -0.310639 -0.390713 -0.607518
28.3 0 3.04014 0.819643 0.732149 0.457348
28.4 0 0.931389 1.4292 0.354688 -0.10394
28.5 0 -2.00509 1.57476 0.814511 -0.810846
28.6 0 1.0239 0.510623 2.40925 0.453496
28.7 0 2.30137 0.588301 2.94156 1.17625
28.8 0 2.085 2.21211 1.29444 2.43744
28.9 0 0.637266 2.54209 -0.109174 1.7925
29 0 0.574437 0.052915 0.134931 1.01901
29.1 0 1.01936 -0.225049 0.939602 1.3315
29.2 0 -0.0743856 -0.447526 0.319417 0.672828
29.3 0 -0.921043 0.226153 -0.377294 0.365875
29.4 0 -1.11428 0.215364 0.194762 0.949329
29.5 0 -0.08108 0.385577 1.06498 1.84487
29.6 0 -0.610415 -1.79437 -0.549238 0.0137232
29.7 0 0.165504 -0.165762 -1.23343 0.512812
29.8 0 -1.37121 -1.42825 -2.98213 -1.08962
29.9 0 1.34252 0.704964 0.423895 1.56216
30 0 -0.438788 -0.812117 -0.57909 0.024249
30.1 0 0.502511 -0.123137 1.99295 0.0639134
30.2 0 -0.828354 0.200867 -0.0178972 -0.939694
30.3 0 -2.12591 -0.825209 -1.95773 -2.4347
30.4 0 0.450985 0.512415 -0.0122023 -0.474275
30.5 0 -1.38492 -1.92652 -1.51449 -2.38299
30.6 0 0.430757 -0.237671 0.267318 -0.603494
30.7 0 0.485025 -0.847362 -0.913453 -1.56733
30.8 0 1.53039 -0.00967405 -0.506563 -1.04268
30.9 0 -0.0892106 1.52621 -0.431958 -0.647226
31 0 -0.714263 2.00522 1.65094 0.0682435
31.1 0 0.850436 -0.449654 2.03304 -0.023922
31.2 0 1.97784 0.696801 3.02545 1.15837
31.3 0 1.32542 2.59234 2.09883 1.4417
31.4 0 -1.21597 1.43689 -1.56268 0.496057
31.5 0 -0.0907636 -0.402437 -0.815636 1.12726
31.6 0 0.359168 -1.87421 0.352267 1.12114
31.7 0 -0.279477 -1.95326 -0.714214 0.453921
31.8 0 -0.753352 -0.279616 -1.91134 0.373293
31.9 0 -1.75565 -0.525582 -2.36888 -0.569779
32 0 -0.756137 -0.660415 -0.496707 0.181846
32.1 0 -0.825688 -1.85813 0.209072 -0.112366
32.2 0 -1.52898 -1.42401 0.176877 -1.57612
32.3 0 -0.0124087 1.16945 -0.202748 -0.519538
32.4 0 0.17044 -0.728513 -2.30927 -2.38258
32.5 0 0.878476 0.167462 -0.626225 -1.22766
32.6 0 -0.236106 0.622027 0.186863 -1.11129
32.7 0 1.54678 1.5485 3.06175 1.04302
32.8 0 0.111802 0.243069 1.78197 -0.210824
32.9 0 0.572052 1.07038 1.02594 0.321118
33 0 2.0395 1.66333 0.536288 1.94827
33.1 0 0.678371 0.564727 -0.403366 0.946845
33.2 0 0.379172 -0.0601808 0.125427 0.809187
33.3 0 0.368972 0.329454 0.862778 1.16854
33.4 0 0.10344 0.699596 0.992038 1.23099
33.5 0 -0.451213 -0.0356238 0.281865 0.54674
33.6 0 0.330023 7.12618e-05 0.137471 0.74983
33.7 0 -0.00632257 0.149811 0.080336 0.80264
33.8 0 -2.11712 -0.73339 -0.655593 -0.227593
33.9 0 -0.887788 -1.54039 -0.758026 -0.1077
34 0 0.672164 0.301832 -0.605221 0.997453
34.1 0 0.55898 0.242579 -0.770349 0.805446
34.2 0 0.348071 -0.465577 -0.359753 0.537576
34.3 0 -0.0193052 -0.401394 0.736165 -0.377243
34.4 0 -0.56086 -0.187544 0.124641 -0.885241
34.5 0 -1.34513 -0.356659 -0.858258 -1.52358
34.6 0 -0.451769 -0.264815 -0.758454 -1.23803
34.7 0 -0.802268 -0.973289 -1.08617 -1.68316
34.8 0 -0.676693 -1.17913 -0.803735 -1.60599
34.9 0 0.124382 -1.52979 -1.42826 -2.13605
35 0 1.38561 0.0773341 -0.469784 -1.08129
35.1 0 -0.285255 1.81995 -0.137267 -0.510459
35.2 0 -1.63752 1.31632 1.14231 -0.637146
35.3 0 1.23329 -0.602765 2.34723 0.154907
35.4 0 1.33231 -0.232659 1.43933 0.0981844
35.5 0 0.995631 1.52332 1.28414 0.623046
35.6 0 0.233681 2.56823 -1.12982 1.36011
35.7 0 0.633572 -0.119759 -0.0931101 0.93871
35.8 0 1.14882 -1.2021 0.524636 0.94227
35.9 0 0.255941 0.273643 0.861411 1.23431
36 0 -0.661174 2.14734 0.732896 1.49314
36.1 0 -0.118688 -0.191626 0.287155 0.886619
36.2 0 -1.17644 -1.4841 -0.102553 0.428752
36.3 0 -0.963983 -1.99544 -0.804708 0.100896
36.4 0 -0.573782 -0.486784 -1.74006 -0.0808758
36.5 0 0.0393405 0.271488 -1.56253 0.298953
36.6 0 0.885583 0.339601 -0.137448 0.945291
36.7 0 -0.592637 -1.42804 -0.18008 -0.25357
36.8 0 -1.52235 -0.76249 -0.351474 -0.681023
36.9 0 -0.216625 0.58511 0.798193 -1.08571
37 0 0.716938 0.81592 0.26453 -0.899291
37.1 0 1.12284 0.4335 0.154587 -0.853238
37.2 0 0.495121 0.0529912 0.290832 -1.05787
37.3 0 0.284522 0.691531 0.68299 -0.397903
37.4 0 0.189519 0.759571 0.786868 -0.284414
37.5 0 0.94959 0.793043 0.991549 0.225836
37.6 0 0.18101 -0.0962277 -0.623781 0.421365
37.7 0 0.107626 0.191101 0.152631 0.933091
37.8 0 -1.03577 0.0589204 0.447641 1.07359
37.9 0 -0.784415 -1.36539 -0.373653 0.440733
38 0 -0.478367 -0.64687 -1.01653 0.505726
38.1 0 -0.0277091 -0.185576 -1.11969 0.435847
38.2 0 0.437067 -0.11858 -0.4167 0.726956
38.3 0 -0.019768 -0.478643 0.0661724 0.510938
38.4 0 -0.417035 -0.0717779 0.852163 -0.587817
38.5 0 -0.616296 0.747503 0.184415 -0.642635
38.6 0 0.0245532 -0.150668 -0.373457 -1.0059
38.7 0 1.04066 -0.480524 -0.622175 -1.19996
38.8 0 0.589626 -0.218538 -0.354593 -1.11273
38.9 0 -1.20101 0.797776 -0.375155 -1.17361
39 0 -0.767743 -0.213753 0.726642 -0.843382
39.1 0 0.553631 -0.956079 0.904217 -0.61967
39.2 0 0.631114 0.799505 0.126833 -0.23424
39.3 0 0.547579 1.48744 -1.08352 0.918284
39.4 0 0.462364 -0.35773 0.0928421 0.673291
39.5 0 0.402575 -0.159832 0.977335 1.08319
39.6 0 -0.34829 0.339362 1.03978 1.1061
39.7 0 -1.0487 0.581458 0.61454 1.16428
39.8 0 -0.247803 -0.152436 0.411952 1.07839
39.9 0 0.405832 -1.36525 -0.748709 0.314837
40 0 0.653163 0.214821 -1.29304 0.503278
40.1 0 -0.097102 0.521672 -1.28639 0.379868
40.2 0 -0.617636 -0.893586 -0.105504 0.0832084
40.3 0 -0.726907 -0.749494 1.43279 -0.756681
40.4 0 -0.369394 0.69507 0.55539 -0.50213
40.5 0 1.17025 0.425661 -0.373329 -0.727726
40.6 0 1.08203 0.55896 -0.466873 -0.664074
40.7 0 -0.656505 0.087521 -0.173719 -0.879281
40.8 0 -0.476477 -0.297752 0.114386 -0.553045
40.9 0 -0.406758 -0.974293 0.400709 -0.62747
41 0 -0.300623 -0.194837 -0.399844 -0.607492
41.1 0 0.407375 0.304173 -0.533004 -0.436146
41.2 0 0.608724 0.535276 -0.243482 -0.138746
41.3 0 0.094994 0.339696 -0.187464 0.905013
41.4 0 -0.381917 -0.305746 0.744133 0.950381
41.5 0 -0.393478 -0.544795 0.775026 0.824962
41.6 0 0.0417026 0.152577 0.150596 0.782042
41.7 0 0.438175 0.498761 -0.305421 0.583389
41.8 0 0.437948 0.35017 -0.49014 0.479112
41.9 0 -0.259085 -0.325795 0.816595 -0.374024
42 0 -0.473849 0.0339814 0.544396 -0.557477
42.1 0 0.114447 0.116003 -0.319008 -0.559379
42.2 0 0.314313 0.125324 -0.575326 -0.472135
42.3 0 0.0783332 -0.260937 -0.427413 -0.36202
42.4 0 -0.0918441 -0.298355 -0.383334 -0.16677
42.5 0 -0.323825 -0.422189 -0.261988 -0.0439507
42.6 0 -0.542166 -0.431066 0.177454 -0.0667983
42.7 0 -0.263359 0.22699 -0.11084 -0.00819762
42.8 0 0.540928 0.190026 -0.0616735 0.028568
42.9 0 0.388442 0.0969844 0.287091 0.0395793
43 0 -0.0589549 0.376528 0.28342 0.24307
43.1 0 -0.0520446 0.286589 0.286502 0.297713
43.2 0 0.380044 -0.232511 0.251209 0.334281
43.3 0 0.121898 0.129031 0.0416215 0.333313
43.4 0 -0.120448 0.315424 0.0283487 0.254552
43.5 0 -0.0501964 0.122933 0.197584 0.0676565
43.6 0 -0.0924515 -0.125162 0.372705 -0.208739
43.7 0 0.0864973 -0.0643087 -0.334605 -0.0385343
43.8 0 0.0261087 -0.06346 -0.546663 -0.0855613
43.9 0 -0.0997534 -0.343086 -0.00942796 -0.323548
44 0 -0.293551 -0.107561 0.0147459 -0.332588
