0.1 -715925 -333459 -150624 -57961.8
0.2 -2.50034e+06 -1.61612e+06 -913992 -404252
0.3 -3.87097e+06 -3.21053e+06 -2.22324e+06 -1.11775e+06
0.4 -4.21088e+06 -3.57025e+06 -2.72462e+06 -1.49073e+06
0.5 -3.97632e+06 -2.85865e+06 -1.85057e+06 -933456
0.6 -3.55138e+06 -2.3558e+06 -1.2431e+06 -462020
0.7 -2.53922e+06 -2.13196e+06 -1.59665e+06 -858624
0.8 -1.87978e+06 -1.6241e+06 -1.36282e+06 -837578
0.9 -551920 -482465 -152911 39520.5
1 5.04034e+06 2.90586e+06 1.63538e+06 768915
1.1 9.22696e+06 7.54179e+06 4.74835e+06 2.14721e+06
1.2 5.62558e+06 6.67952e+06 5.97627e+06 3.47802e+06
1.3 -2.37852e+06 -1.33372e+06 18830.3 515613
1.4 -1.02306e+07 -9.5458e+06 -8.15276e+06 -4.81244e+06
1.5 -6.65942e+06 -8.76776e+06 -7.54048e+06 -4.41396e+06
1.6 1.09559e+07 6.76097e+06 4.04781e+06 2.1839e+06
1.7 2.16003e+07 2.20142e+07 1.65733e+07 8.55024e+06
1.8 1.62572e+07 1.61667e+07 1.42703e+07 8.30277e+06
1.9 6.26988e+06 735723 -1.29836e+06 -640328
2 3.794e+06 -1.97695e+06 -5.93343e+06 -5.2683e+06
2.1 9.39142e+06 7.93382e+06 6.79805e+06 3.94189e+06
2.2 2.00627e+07 1.86926e+07 1.57609e+07 9.8916e+06
2.3 1.30661e+07 1.42485e+07 9.55291e+06 3.72221e+06
2.4 -3.46702e+07 -2.02427e+07 -1.06602e+07 -4.49792e+06
2.5 -6.10176e+07 -5.48575e+07 -3.78517e+07 -1.78412e+07
2.6 -3.37559e+07 -4.3317e+07 -3.95475e+07 -2.41706e+07
2.7 9.46554e+06 1.26892e+07 5.8149e+06 826770
2.8 2.45581e+07 3.78479e+07 4.15381e+07 2.58576e+07
2.9 4.01367e+07 2.58603e+07 1.88459e+07 1.51169e+07
3 4.13291e+07 2.04295e+07 -1.93952e+06 -1.12572e+07
3.1 -2.89309e+07 -3.35694e+06 6.53727e+06 3.74636e+06
3.2 -6.33502e+07 -4.9574e+07 -1.87704e+07 4.45884e+06
3.3 -2.95773e+07 -4.36541e+07 -4.52255e+07 -3.02519e+07
3.4 5.65263e+06 1.34459e+06 -2.11766e+07 -2.86347e+07
3.5 2.12514e+07 2.26469e+07 3.64213e+07 2.91781e+07
3.6 5.88664e+07 5.2016e+07 4.42441e+07 3.67277e+07
3.7 6.61373e+07 5.67824e+07 3.1075e+07 5.11899e+06
3.8 4.15773e+06 9.54781e+06 7.38838e+06 270775
3.9 -6.86198e+07 -5.29112e+07 -2.39586e+07 -555102
4 -5.90466e+07 -5.88549e+07 -4.90782e+07 -2.6416e+07
4.1 2.05049e+07 -1.27346e+07 -3.31275e+07 -3.34688e+07
4.2 6.58456e+07 5.31798e+07 3.37676e+07 1.14106e+07
4.3 7.01125e+07 6.9422e+07 6.11238e+07 4.76992e+07
4.4 8.51656e+07 7.63999e+07 7.03388e+07 4.64193e+07
4.5 1.11424e+08 8.1166e+07 4.7224e+07 7.84199e+06
4.6 1.19247e+08 7.99042e+07 2.93432e+07 1.03228e+07
4.7 1.58428e+07 3.59818e+07 5.004e+07 3.46382e+07
4.8 -5.72138e+07 -6.11078e+06 1.37002e+07 1.49178e+07
4.9 -5.74918e+07 -7.18334e+07 -3.52762e+07 -7.77347e+06
5 -4.45063e+07 -7.04492e+07 -7.45092e+07 -4.77e+07
5.1 -8.24816e+07 -3.92399e+07 -6.81247e+07 -4.77031e+07
5.2 -9.411e+07 -7.88702e+07 -1.13783e+07 -1.17219e+07
5.3 -7.10315e+07 -6.34014e+07 -3.15035e+07 -7.88459e+06
5.4 -1.24593e+07 -1.10532e+07 -5.60011e+07 -7.58325e+06
5.5 3.71024e+07 3.28786e+06 9.6841e+06 -1.73957e+07
5.6 6.89734e+07 4.77321e+07 4.96259e+07 -6.8155e+06
5.7 -1.61011e+07 7.48215e+07 3.22561e+07 4.76992e+07
5.8 -6.96983e+07 -3.66867e+07 2.93343e+07 4.77007e+07
5.9 4.81271e+07 -7.54381e+07 -1.54419e+07 -1.14706e+07
6 1.19273e+08 8.38364e+07 -5.92772e+07 -4.77039e+07
6.1 2.58393e+07 9.97232e+07 2.92685e+07 -3.01297e+07
6.2 -5.03646e+07 -3.65347e+07 8.34788e+07 2.64495e+07
6.3 2.65702e+07 -5.20164e+07 3.05122e+06 4.77139e+07
6.4 9.03482e+07 7.37838e+07 -6.48618e+07 3.55939e+07
6.5 1.96301e+07 8.48004e+07 5.97838e+07 3.42425e+06
6.6 -5.42336e+07 -2.62549e+07 8.34979e+07 -3.34222e+07
6.7 -9.57698e+06 -4.65415e+07 7.44788e+06 1.09484e+07
6.8 4.79901e+07 2.86169e+07 -8.34882e+07 1.79584e+07
6.9 1.19295e+08 4.68114e+07 -2.00245e+07 6.86256e+06
7 2.15849e+07 1.81293e+07 3.15017e+07 -3.36702e+07
7.1 -1.19279e+08 9.35123e+06 6.4269e+07 -1.13162e+07
7.2 -1.19353e+08 -7.1645e+07 1.0748e+07 1.79623e+07
7.3 -1.19364e+08 -1.07325e+08 -8.10889e+07 4.03634e+07
7.4 -2.40563e+07 -8.93063e+07 -8.35069e+07 3.61836e+06
7.5 -1.20069e+07 -9.41488e+06 -2.06199e+07 -4.77203e+07
7.6 -2.91153e+06 2.7803e+07 -1.82397e+07 -4.77405e+07
7.7 3.70621e+07 16766.8 -1.59882e+07 -4.77428e+07
7.8 7.56492e+07 -1.57876e+06 -8.74778e+06 -1.06388e+07
7.9 2.77351e+07 4.06473e+07 1.1136e+07 -8.28367e+06
8 2.02261e+07 6.04211e+07 2.96638e+07 8.54536e+06
8.1 1.19314e+08 1.85954e+07 4.53635e+07 4.67698e+07
8.2 1.19467e+08 1.07324e+08 6.81319e+07 4.77258e+07
8.3 1.19696e+08 1.07349e+08 8.35004e+07 4.77312e+07
8.4 1.19955e+08 1.07363e+08 8.3507e+07 4.77329e+07
8.5 1.20163e+08 1.07371e+08 8.35076e+07 4.09966e+07
8.6 1.20348e+08 9.78962e+07 5.23209e+07 2.54056e+07
8.7 1.2048e+08 6.33853e+07 4.31285e+07 2.01242e+07
8.8 1.20531e+08 9.0209e+07 5.64863e+07 2.71174e+07
8.9 4.05233e+07 8.0629e+07 6.30434e+07 3.4768e+07
9 2.84471e+07 2.46343e+07 2.90648e+07 1.85083e+07
9.1 2.56601e+07 2.03133e+07 1.97368e+07 1.17475e+07
9.2 2.24512e+07 1.41136e+07 1.78869e+07 1.14321e+07
9.3 1.86628e+07 8.3933e+06 1.40669e+07 1.10158e+07
9.4 1.51632e+07 7.38331e+06 -2.72651e+06 1.03778e+07
9.5 1.23847e+07 5.80103e+06 -1.82022e+07 9.26735e+06
9.6 -8.99615e+07 -1.72102e+07 1.00522e+07 -1.05326e+07
9.7 -1.19461e+08 -8.30661e+07 -1.47519e+07 -1.70497e+07
9.8 -1.19594e+08 -1.07327e+08 -3.36548e+07 -1.76425e+07
9.9 -1.19637e+08 -7.34078e+07 -8.35343e+07 -1.83325e+07
10 -2.90367e+07 -7.04716e+07 -8.35564e+07 -2.74676e+07
10.1 -2.64627e+07 -4.76243e+07 -5.36902e+07 -4.77449e+07
10.2 3.60487e+07 -1.42169e+07 -2.01334e+07 -4.77521e+07
10.3 3.80348e+07 2.658e+07 -1.89174e+07 -1.17173e+07
10.4 3.91976e+07 3.64827e+07 -1.61999e+07 -1.09204e+07
10.5 4.05659e+07 1.96534e+07 -6.55274e+06 -1.00276e+07
10.6 4.15865e+07 1.41929e+07 5.0952e+07 -8.68225e+06
10.7 4.16943e+07 3.2937e+07 6.82441e+07 1.21099e+07
10.8 2.88734e+07 5.07127e+07 1.97649e+07 3.35022e+07
10.9 2.76873e+07 7.23352e+07 1.92542e+07 4.77422e+07
11 3.15966e+07 2.21902e+07 3.25113e+07 4.77463e+07
11.1 3.53513e+07 1.40884e+07 8.35088e+07 1.17446e+07
11.2 3.9035e+07 3.02959e+07 1.95432e+07 1.16833e+07
11.3 4.26131e+07 3.77312e+07 1.08283e+07 1.48575e+07
11.4 4.61255e+07 3.93074e+07 -1.28367e+07 1.16812e+07
11.5 7.69935e+07 2.55892e+07 1.66158e+07 1.09961e+07
11.6 1.17034e+08 3.50979e+07 2.84835e+07 1.01801e+07
11.7 3.00054e+07 9.44127e+07 3.4883e+07 9.5383e+06
11.8 2.87973e+07 4.8263e+07 7.5412e+07 9.37488e+06
11.9 2.73994e+07 2.32137e+07 2.07773e+07 1.32201e+07
12 2.55469e+07 1.98286e+07 1.90351e+07 1.4963e+07
12.1 2.31634e+07 1.38691e+07 1.49491e+07 1.59379e+07
12.2 2.03762e+07 8.34925e+06 -1.89795e+06 1.19029e+07
12.3 1.72822e+07 4.15555e+06 -1.36086e+07 1.13046e+07
12.4 1.42369e+07 1.99056e+06 1.41447e+07 1.01909e+07
12.5 -5.6592e+07 511879 1.86999e+07 6.0342e+06
12.6 -9.8229e+07 -3.26529e+07 351157 -1.58933e+07
12.7 -1.19671e+08 -9.54684e+07 -2.6232e+07 -1.63912e+07
12.8 -1.19725e+08 -1.04935e+08 -3.35832e+07 -1.6618e+07
12.9 -1.09164e+08 -5.13291e+07 -8.35836e+07 -1.70616e+07
13 -3.58332e+07 -8.77194e+07 -8.36117e+07 -1.82538e+07
13.1 -7.44342e+07 -8.11997e+07 -7.81973e+07 -3.51953e+07
13.2 -7.70681e+07 -2.86372e+07 -2.03892e+07 -4.7761e+07
13.3 -2.95101e+07 -3.78766e+07 -2.01812e+07 -4.77657e+07
13.4 -2.84381e+07 -3.07445e+07 -3.3114e+07 -1.15193e+07
13.5 -2.68863e+07 -2.41202e+07 -4.47887e+07 -1.08927e+07
13.6 -2.51615e+07 -3.66462e+07 -2.01536e+07 -1.0525e+07
13.7 -7.64911e+06 -2.14498e+07 -1.89315e+07 -1.02588e+07
13.8 3.7466e+07 -5.56092e+06 -1.75869e+07 -9.98466e+06
13.9 3.91779e+07 3.03141e+07 -1.55459e+07 -9.68825e+06
14 4.1277e+07 3.67383e+07 -1.22258e+07 -9.3461e+06
14.1 4.35998e+07 2.14892e+07 3.00013e+07 -8.77252e+06
14.2 4.61487e+07 2.83211e+07 6.95567e+07 -7.50189e+06
14.3 5.55927e+07 4.0648e+07 3.93238e+07 1.83974e+07
14.4 8.59345e+07 1.07371e+08 2.03707e+07 3.95258e+07
14.5 1.09505e+08 6.73514e+07 4.1942e+07 4.77558e+07
14.6 1.20565e+08 5.46974e+07 8.35278e+07 4.7762e+07
14.7 1.20634e+08 1.07391e+08 8.35403e+07 4.77631e+07
14.8 1.20687e+08 1.07424e+08 8.35407e+07 3.69733e+07
14.9 1.2073e+08 1.07445e+08 5.3357e+07 2.9313e+07
15 1.20761e+08 1.07448e+08 7.00213e+07 3.10061e+07
15.1 1.20763e+08 7.65832e+07 7.57565e+07 4.02107e+07
15.2 2.99755e+07 5.59405e+07 2.58572e+07 2.26927e+07
15.3 2.96358e+07 2.58575e+07 2.0759e+07 1.17633e+07
15.4 2.94927e+07 2.36726e+07 2.07057e+07 1.14752e+07
15.5 2.92868e+07 2.18009e+07 2.04868e+07 1.11742e+07
15.6 2.87504e+07 2.04248e+07 2.00668e+07 1.08665e+07
15.7 2.78701e+07 1.96245e+07 1.94362e+07 1.0555e+07
15.8 2.68432e+07 1.93726e+07 1.86126e+07 1.02401e+07
15.9 2.58944e+07 2.35426e+07 1.76644e+07 9.91946e+06
16 2.4911e+07 2.25724e+07 1.66913e+07 9.5896e+06
16.1 2.37042e+07 1.91206e+07 7.67063e+06 9.21912e+06
16.2 2.24745e+07 1.82673e+07 -4.65157e+06 8.71279e+06
16.3 2.1573e+07 1.67584e+07 1.20432e+07 8.03488e+06
16.4 2.09996e+07 1.51594e+07 1.60958e+07 -1.16526e+07
16.5 2.05764e+07 1.39477e+07 1.12144e+07 -1.5194e+07
16.6 2.03101e+07 1.07117e+07 -1.26328e+07 -1.62377e+06
16.7 2.005e+07 2.97246e+06 -1.09501e+07 9.73342e+06
16.8 1.95144e+07 -2.23227e+06 1.41966e+07 7.56964e+06
16.9 1.8655e+07 1.77889e+07 1.88971e+07 1.7551e+06
17 1.75003e+07 2.35482e+07 1.50378e+07 4.49884e+06
17.1 1.60144e+07 2.44458e+07 1.26229e+07 8.11723e+06
17.2 1.44083e+07 1.58389e+07 1.16186e+07 9.62575e+06
17.3 -1.59958e+07 -151250 1.0597e+07 8.58826e+06
17.4 -5.40167e+07 -3.00469e+07 -6.42558e+06 3.30888e+06
17.5 -7.58991e+07 -5.52688e+07 -2.00386e+07 -1.03132e+07
17.6 -9.25686e+07 -6.99359e+07 -2.50814e+07 -1.32041e+07
17.7 -1.03332e+08 -5.36188e+07 -2.79636e+07 -1.36539e+07
17.8 -1.10457e+08 -7.10647e+07 -3.1428e+07 -1.40952e+07
17.9 -1.16501e+08 -8.96738e+07 -5.72877e+07 -1.47349e+07
18 -1.19738e+08 -1.00435e+08 -8.36231e+07 -1.6051e+07
18.1 -1.19758e+08 -1.0582e+08 -8.36359e+07 -1.84365e+07
18.2 -1.19767e+08 -9.57545e+07 -6.82028e+07 -4.77688e+07
18.3 -1.1978e+08 -8.01015e+07 -5.07607e+07 -4.77891e+07
18.4 -1.19793e+08 -9.73008e+07 -8.30765e+07 -4.78011e+07
18.5 -1.19796e+08 -1.07329e+08 -8.21313e+07 -4.78078e+07
18.6 -1.10508e+08 -9.43965e+07 -5.99516e+07 -4.781e+07
18.7 -6.42508e+07 -4.47201e+07 -4.4582e+07 -1.32384e+07
18.8 -2.9761e+07 -2.57694e+07 -2.06797e+07 -1.18802e+07
18.9 -2.94211e+07 -2.56649e+07 -2.0097e+07 -1.18325e+07
19 -2.90522e+07 -2.50065e+07 -1.94816e+07 -1.17504e+07
19.1 -2.85775e+07 -2.3922e+07 -1.88486e+07 -1.16315e+07
19.2 -2.79284e+07 -2.27554e+07 -1.82027e+07 -1.1474e+07
19.3 -2.71208e+07 -2.18305e+07 -1.7546e+07 -1.1277e+07
19.4 -2.62228e+07 -2.12578e+07 -1.68846e+07 -1.10402e+07
19.5 -2.52023e+07 -2.08894e+07 -1.62306e+07 -1.07645e+07
19.6 -1.78695e+07 -1.99534e+07 -1.55952e+07 -1.04512e+07
19.7 3.70659e+07 -1.34494e+07 -1.49468e+07 -1.01027e+07
19.8 3.81843e+07 2.22744e+07 -1.40023e+07 -9.72089e+06
19.9 3.89977e+07 3.23728e+07 -1.22732e+07 -9.30492e+06
20 3.95847e+07 3.27459e+07 2.20939e+07 -8.76404e+06
20.1 3.99248e+07 2.47967e+07 3.72811e+07 -7.8932e+06
20.2 4.01213e+07 2.83397e+07 4.43757e+07 -6.30296e+06
20.3 4.02444e+07 3.16099e+07 2.02014e+07 1.8955e+07
20.4 4.02863e+07 3.49427e+07 1.93612e+07 3.92087e+07
20.5 4.03597e+07 3.72276e+07 2.12983e+07 4.7768e+07
20.6 4.04637e+07 3.82993e+07 2.57444e+07 4.77683e+07
20.7 3.58567e+07 3.83347e+07 3.24046e+07 1.15039e+07
20.8 2.94994e+07 3.70332e+07 6.92971e+07 1.10167e+07
20.9 2.88029e+07 3.85991e+07 2.08465e+07 1.0826e+07
21 2.82527e+07 2.65362e+07 2.00867e+07 1.07611e+07
21.1 2.81259e+07 2.51663e+07 1.9371e+07 1.0686e+07
21.2 3.01729e+07 2.36869e+07 1.86283e+07 1.05952e+07
21.3 3.06772e+07 2.23883e+07 1.78598e+07 1.04842e+07
21.4 3.11667e+07 2.14695e+07 1.6098e+07 1.03461e+07
21.5 3.15696e+07 2.0836e+07 7.82726e+06 1.01535e+07
21.6 3.17608e+07 2.0068e+07 674014 9.84894e+06
21.7 2.98897e+07 1.90691e+07 1.32557e+07 9.42038e+06
21.8 2.97336e+07 1.84477e+07 1.8907e+07 8.94506e+06
21.9 2.94642e+07 2.41598e+07 2.1072e+07 3.95659e+06
22 2.91081e+07 2.70804e+07 1.58558e+07 -1.2384e+07
22.1 2.86313e+07 2.60929e+07 8.9569e+06 -5.88917e+06
22.2 2.79812e+07 2.30499e+07 -6.9034e+06 1.09281e+07
22.3 2.71674e+07 1.05889e+07 1.3195e+07 1.2881e+07
22.4 2.61859e+07 3.65713e+06 1.99984e+07 1.05568e+07
22.5 2.5069e+07 1.84946e+07 1.98164e+07 7.85838e+06
22.6 2.39455e+07 2.63403e+07 1.35285e+07 6.01152e+06
22.7 2.29261e+07 2.91968e+07 1.05784e+07 3.22455e+06
22.8 2.20531e+07 2.07009e+07 1.04695e+07 4.28653e+06
22.9 2.14651e+07 1.15296e+07 1.22561e+07 6.39389e+06
23 2.13671e+07 6.83872e+06 1.14142e+07 6.93791e+06
23.1 2.9971e+07 1.59552e+07 6.6255e+06 6.40393e+06
23.2 3.01379e+07 1.98599e+07 5.74201e+06 1.40348e+06
23.3 3.0192e+07 2.28914e+07 1.20436e+07 -170278
23.4 2.96845e+07 2.4324e+07 1.50634e+07 6.94498e+06
23.5 2.94988e+07 2.44457e+07 1.78453e+07 9.90474e+06
23.6 2.9318e+07 2.24308e+07 1.98157e+07 1.20927e+07
23.7 2.88591e+07 2.47864e+07 2.02625e+07 1.25678e+07
23.8 2.40637e+07 2.48013e+07 1.75362e+07 1.14151e+07
23.9 1.49288e+07 1.96896e+07 1.66467e+07 9.28518e+06
24 4.36492e+06 1.2847e+07 1.44187e+07 6.66259e+06
24.1 9.66553e+06 2.02586e+06 8.16787e+06 856791
24.2 1.56708e+07 -6.61432e+06 -1.42015e+07 -4.81255e+06
24.3 -1.21569e+06 1.79738e+06 -1.62254e+07 -7.42015e+06
24.4 -2.78491e+07 -1.69996e+07 -1.05206e+07 -8.68201e+06
24.5 -3.31867e+07 -2.65881e+07 -2.09305e+06 -7.32512e+06
24.6 -3.55398e+07 -2.5909e+07 -1.24764e+07 -923991
24.7 -3.77876e+07 -1.75489e+07 -1.69901e+07 152155
24.8 -3.96195e+07 -2.94534e+07 -1.86399e+07 -8.43136e+06
24.9 -4.14601e+07 -3.43332e+07 -1.95325e+07 -1.23496e+07
25 -4.36686e+07 -3.60172e+07 -2.20622e+07 -1.25258e+07
25.1 -4.59846e+07 -3.18544e+07 -2.26678e+07 -1.26328e+07
25.2 -5.372e+07 -3.62526e+07 -2.30932e+07 -1.26891e+07
25.3 -8.53688e+07 -4.8805e+07 -2.36632e+07 -1.27043e+07
25.4 -1.06726e+08 -7.279e+07 -2.48023e+07 -1.19213e+07
25.5 -1.14411e+08 -7.74436e+07 -2.69641e+07 -1.19347e+07
25.6 -6.66496e+07 -4.40298e+07 -2.992e+07 -1.20029e+07
25.7 -2.97452e+07 -2.74577e+07 -3.27011e+07 -1.21732e+07
25.8 -2.94049e+07 -3.96575e+07 -4.71962e+07 -1.25373e+07
25.9 -2.91136e+07 -4.34354e+07 -4.99114e+07 -1.3226e+07
26 -2.89153e+07 -2.40377e+07 -2.02921e+07 -1.41491e+07
26.1 -2.88133e+07 -2.21647e+07 -1.92333e+07 -1.49966e+07
26.2 -2.87927e+07 -2.19142e+07 -1.82167e+07 -1.55938e+07
26.3 -2.87632e+07 -2.41623e+07 -1.73102e+07 -1.59173e+07
26.4 -2.87091e+07 -2.42854e+07 -1.65945e+07 -1.59569e+07
26.5 -2.86591e+07 -2.19467e+07 -1.60717e+07 -1.17848e+07
26.6 -2.85274e+07 -2.12963e+07 -1.56637e+07 -1.14918e+07
26.7 -2.82727e+07 -2.11703e+07 -1.53249e+07 -1.11107e+07
26.8 -2.79806e+07 -2.19992e+07 -1.50583e+07 -1.06535e+07
26.9 -2.773e+07 -2.18825e+07 -1.48712e+07 -1.01346e+07
27 -2.74721e+07 -2.1224e+07 -1.4754e+07 -9.57056e+06
27.1 -2.70018e+07 -2.0782e+07 -1.46808e+07 -8.979e+06
27.2 -2.61857e+07 -2.03756e+07 -1.46233e+07 -8.37789e+06
27.3 -2.51227e+07 -1.99801e+07 -1.44302e+07 1.07391e+07
27.4 -1.78045e+07 -1.89672e+07 -1.38365e+07 1.1453e+07
27.5 3.66291e+07 -1.24021e+07 -1.28441e+07 -9.774e+06
27.6 3.74085e+07 2.35323e+07 -8.75964e+06 -1.26893e+07
27.7 3.80502e+07 3.35441e+07 2.5374e+07 -1.19251e+07
27.8 3.86209e+07 3.54658e+07 3.25615e+07 -924643
27.9 3.91366e+07 3.71671e+07 3.27096e+07 1.43495e+07
28 3.9606e+07 3.84032e+07 2.07411e+07 1.59764e+07
28.1 3.99289e+07 3.8691e+07 2.0928e+07 1.73077e+07
28.2 4.00427e+07 2.646e+07 2.21085e+07 1.824e+07
28.3 2.98684e+07 2.59621e+07 2.3555e+07 1.8779e+07
28.4 2.96683e+07 2.58816e+07 2.46706e+07 1.89552e+07
28.5 2.94041e+07 2.6973e+07 2.51016e+07 1.19213e+07
28.6 2.91328e+07 2.71009e+07 2.07873e+07 1.18529e+07
28.7 2.88413e+07 2.6614e+07 2.05385e+07 1.17676e+07
28.8 2.85138e+07 2.59852e+07 2.02246e+07 1.1654e+07
28.9 2.81893e+07 2.50626e+07 1.98452e+07 1.15128e+07
29 2.78579e+07 2.39811e+07 1.93967e+07 1.13449e+07
29.1 2.73758e+07 2.27809e+07 1.46754e+07 1.11388e+07
29.2 2.67227e+07 2.1324e+07 1.12434e+07 1.08642e+07
29.3 2.61653e+07 1.95546e+07 1.07118e+07 1.04977e+07
29.4 2.58733e+07 1.67988e+07 1.47224e+07 1.00521e+07
29.5 2.56506e+07 1.34625e+07 1.58606e+07 9.56682e+06
29.6 2.51988e+07 1.99722e+07 1.41808e+07 4.3344e+06
29.7 2.45188e+07 2.41315e+07 1.08242e+07 -1.39208e+07
29.8 2.37856e+07 1.88928e+07 -5.53117e+06 -1.28322e+07
29.9 2.30516e+07 7.65308e+06 -6.38597e+06 -846964
30 2.21754e+07 -1.02471e+07 9.85267e+06 1.07133e+07
30.1 7.0061e+06 1.5424e+07 1.24854e+07 1.26564e+07
30.2 -3.43881e+07 1.73769e+07 1.29018e+07 9.9237e+06
30.3 -3.80375e+07 -1.82841e+07 9.34027e+06 6.0195e+06
30.4 -2.42119e+07 -3.45264e+07 -1.48004e+07 -8.25901e+06
30.5 -1.96513e+07 -3.44517e+07 -2.31505e+07 -1.22799e+07
30.6 -1.49529e+07 -1.42107e+07 -2.42848e+07 -1.28094e+07
30.7 1.64673e+07 2.58638e+06 -2.46199e+07 -1.29455e+07
30.8 2.43318e+07 6.35703e+06 -1.96175e+07 -1.30311e+07
30.9 2.84436e+07 1.34869e+06 -1.04452e+07 -1.18873e+07
31 2.56867e+07 1.48177e+07 2.42534e+07 -1.12231e+07
31.1 2.09384e+07 2.35495e+07 2.86954e+07 1.35541e+07
31.2 1.53317e+07 3.09876e+07 2.29852e+07 1.48251e+07
31.3 -706742 2.96977e+07 2.07138e+07 1.58813e+07
31.4 9.83638e+06 1.52219e+07 2.03597e+07 1.66279e+07
31.5 2.12909e+07 -455302 1.63492e+07 1.70111e+07
31.6 2.80664e+07 8.5937e+06 9.43638e+06 1.31648e+07
31.7 2.87064e+07 1.92705e+07 -7.15369e+06 1.1667e+07
31.8 2.01783e+07 2.27566e+07 1.32539e+07 1.11405e+07
31.9 -1.85459e+07 1.62122e+07 2.24854e+07 1.04993e+07
32 -3.25013e+07 -7.4218e+06 2.38473e+07 6.98986e+06
32.1 -3.3552e+07 -2.88886e+07 3.38253e+06 -1.24177e+07
32.2 -3.46667e+07 -3.02099e+07 -2.44151e+07 -1.44681e+07
32.3 -3.56276e+07 -2.33084e+07 -2.67951e+07 -1.44757e+07
32.4 -3.63997e+07 -3.28177e+07 -2.8617e+07 -1.19983e+07
32.5 -3.73574e+07 -3.69557e+07 -2.99101e+07 -1.4489e+07
32.6 -3.87372e+07 -3.82216e+07 -3.08011e+07 -1.45333e+07
32.7 -4.03495e+07 -3.1844e+07 -3.12814e+07 -1.45953e+07
32.8 -4.18305e+07 -3.69027e+07 -3.12952e+07 -1.46781e+07
32.9 -4.2979e+07 -3.69239e+07 -2.074e+07 -1.47467e+07
33 -4.38218e+07 -2.58998e+07 -2.05947e+07 -1.32286e+07
33.1 -4.44535e+07 -3.33603e+07 -2.05436e+07 -1.1791e+07
33.2 -4.49406e+07 -3.83117e+07 -2.10705e+07 -1.1579e+07
33.3 -4.52154e+07 -2.77076e+07 -2.15985e+07 -1.13335e+07
33.4 -2.98721e+07 -2.81017e+07 -2.19085e+07 -8.29224e+06
33.5 -2.96191e+07 -2.70216e+07 -2.07797e+07 -6.72403e+06
33.6 -2.91109e+07 -2.09418e+07 -2.03783e+07 -8.11035e+06
33.7 -2.83701e+07 -2.35243e+07 -1.96914e+07 -9.7867e+06
33.8 -2.7502e+07 -2.67391e+07 -1.88537e+07 -1.139e+07
33.9 -2.65577e+07 -2.2096e+07 -1.80097e+07 -1.18329e+07
34 -1.63956e+07 -2.04794e+07 -1.71616e+07 -1.04962e+07
34.1 3.50307e+07 -1.35307e+07 -1.62075e+07 -8.34096e+06
34.2 3.57491e+07 2.19543e+07 -1.47332e+07 -6.13929e+06
34.3 3.62918e+07 3.17454e+07 -3.32928e+06 -730291
34.4 3.67544e+07 3.29334e+07 3.27042e+07 7.56966e+06
34.5 3.71518e+07 3.33063e+07 5.65399e+07 1.31941e+07
34.6 3.75247e+07 3.50695e+07 6.0044e+07 1.43866e+07
34.7 3.78986e+07 3.7784e+07 1.99649e+07 1.59967e+07
34.8 3.82835e+07 3.9813e+07 1.87569e+07 1.74465e+07
34.9 3.8677e+07 4.02706e+07 1.81391e+07 1.84141e+07
35 3.90425e+07 2.61753e+07 1.80574e+07 1.88684e+07
35.1 3.93211e+07 2.52271e+07 2.15421e+07 1.7015e+07
35.2 3.94845e+07 2.51988e+07 2.22211e+07 1.18145e+07
35.3 3.9531e+07 2.83283e+07 2.23251e+07 1.1643e+07
35.4 2.98052e+07 3.02557e+07 2.07767e+07 1.14672e+07
35.5 2.94736e+07 3.09589e+07 2.06535e+07 1.12826e+07
35.6 2.89308e+07 2.64442e+07 2.05265e+07 1.10885e+07
35.7 2.82137e+07 2.55212e+07 2.03253e+07 1.08883e+07
35.8 2.75292e+07 2.43993e+07 1.82155e+07 1.06794e+07
35.9 2.70163e+07 2.30653e+07 1.50728e+07 1.04458e+07
36 2.65835e+07 2.14914e+07 1.30401e+07 1.01651e+07
36.1 2.61003e+07 1.97612e+07 1.26864e+07 9.82532e+06
36.2 2.55368e+07 1.81274e+07 1.47993e+07 9.43626e+06
36.3 2.48237e+07 1.68941e+07 1.45332e+07 3.17698e+06
36.4 2.38389e+07 1.56458e+07 1.11502e+07 -1.26404e+07
36.5 2.26004e+07 1.274e+07 -9.97726e+06 -8.35007e+06
36.6 2.12082e+07 7.56628e+06 -9.37493e+06 1.85628e+06
36.7 -2.91335e+07 -621191 1.28215e+07 7.62718e+06
36.8 -4.09777e+07 -3.1271e+07 1.28343e+07 7.87618e+06
36.9 -4.19912e+07 -3.41246e+07 -1.5307e+07 2.56187e+06
37 -4.28467e+07 -1.55896e+07 -2.31495e+07 -1.01009e+07
37.1 -4.35039e+07 -4.05414e+07 -2.40041e+07 -1.26959e+07
37.2 -4.40814e+07 -4.58151e+07 -2.47949e+07 -1.30427e+07
37.3 -4.46053e+07 -2.16234e+07 -2.56009e+07 -1.33459e+07
37.4 -4.49419e+07 -3.6863e+07 -2.61317e+07 -1.36104e+07
37.5 -4.51223e+07 -4.69877e+07 -2.65206e+07 -1.38393e+07
37.6 -4.51768e+07 -2.52523e+07 -2.68779e+07 -1.40342e+07
37.7 -2.98078e+07 -2.95023e+07 -2.6933e+07 -1.41958e+07
37.8 -2.96533e+07 -3.36244e+07 -2.06865e+07 -1.42972e+07
37.9 -2.94563e+07 -1.54968e+07 -2.03582e+07 -1.33882e+07
38 -2.91709e+07 -1.91753e+07 -1.97697e+07 -1.18173e+07
38.1 -2.881e+07 -2.87812e+07 -1.89301e+07 -1.16196e+07
38.2 -2.84414e+07 -3.22457e+07 -1.81869e+07 -1.1355e+07
38.3 -2.80802e+07 -1.96219e+07 -1.76283e+07 -1.10243e+07
38.4 -2.76829e+07 -1.79832e+07 -1.70247e+07 -1.06325e+07
38.5 -2.72299e+07 -2.07608e+07 -1.62733e+07 -1.01865e+07
38.6 -1.48783e+07 -2.22236e+07 -1.41134e+07 -7.74953e+06
38.7 2.27456e+07 -1.36588e+07 -7.80246e+06 7.53153e+06
38.8 2.8716e+07 2.29332e+07 1.45593e+07 1.02931e+07
38.9 3.1049e+07 3.36005e+07 2.50183e+07 7.44372e+06
39 3.34794e+07 3.58158e+07 2.97254e+07 1.1608e+07
39.1 3.35674e+07 3.72204e+07 2.9904e+07 1.48471e+07
