0.1 0.0173993 0.00850605 0.00436382 0.00249277 0.00177276
0.2 0.0176205 0.0207459 0.0165927 0.0124311 0.0101771
0.3 0.0179119 0.0204044 0.0256412 0.027189 0.027036
0.4 0.0182659 0.021033 0.0261449 0.0338697 0.0388195
0.5 0.0181479 0.0254599 0.027632 0.028871 0.0306262
0.6 0.0187797 0.0193973 0.0218338 0.0192104 0.0153324
0.7 0.0188616 0.012741 0.00751509 0.00799964 0.00915608
0.8 0.0154733 0.0115216 0.00702017 0.00393672 0.00466836
0.9 0.022725 0.0172202 0.0159381 0.0116495 0.00587352
1 0.0227918 0.0256606 0.0223551 0.0223538 0.0234622
1.1 0.0291875 0.0284107 0.0325574 0.0354934 0.0394486
1.2 0.00982094 0.0260733 0.0359696 0.0415728 0.0405711
1.3 0.0735069 0.0450579 0.0362014 0.0345023 0.0364907
1.4 -0.041491 0.0231106 0.0321299 0.029567 0.0282414
1.5 0.00866861 -0.0359312 -0.0107555 0.00830282 0.0125017
1.6 0.0349211 0.0147936 -0.0274041 -0.0332589 -0.0251166
1.7 0.0336185 0.0476669 0.0268937 -0.0191171 -0.0470346
1.8 0.00972654 -0.00382836 0.0256053 0.038518 0.028334
1.9 0.0255435 0.0223019 0.012515 0.0540501 0.100899
2 -0.00337853 0.049435 0.074233 0.0574369 0.0467056
2.1 0.167423 0.0877849 0.0757196 0.0591002 0.0213556
2.2 0.0658049 0.122699 0.0705538 0.0638295 0.0938345
2.3 -0.211675 -0.0892145 0.0447898 0.087408 0.0965989
2.4 0.221394 -0.0378652 -0.0649313 -0.00897148 0.00317191
2.5 0.115456 0.25503 0.0588766 -0.0828571 -0.100262
2.6 -0.101666 -0.0383891 0.130968 0.0886945 -0.00804701
2.7 0.145911 -0.0963563 -0.0862098 0.121834 0.237754
2.8 -0.0129516 0.237029 0.106376 0.0266123 0.108278
2.9 -0.0263812 0.0072796 0.22912 0.120409 -0.106234
3 -0.0267423 -0.145414 -0.222424 -0.0279412 0.0999607
3.1 0.482306 0.214223 -0.0346159 -0.140822 0.00950313
3.2 0.121903 0.398053 0.499996 0.257252 -0.133423
3.3 -0.0997632 0.032389 0.183375 0.403888 0.540238
3.4 0.139288 -0.0879197 -0.0463886 0.240014 0.662191
3.5 0.128298 0.351533 0.344374 0.135949 -0.234961
3.6 0.427864 0.349537 0.210558 -0.0751381 -0.245454
3.7 -0.274381 -0.274935 -0.288627 -0.0237015 0.329728
3.8 -0.136203 -0.332876 -0.116893 0.0817141 0.0333289
3.9 -0.869445 -0.148476 -0.0852022 -0.331222 -0.466274
4 -0.493979 -0.672792 -0.794142 -0.71466 -0.601643
4.1 -0.275658 -0.727862 -0.77281 -0.784421 -0.812971
4.2 0.516943 -0.181623 -0.518808 -0.714048 -0.847618
4.3 -0.498744 0.200694 0.0438098 -0.197446 -0.270823
4.4 -0.558989 -0.623786 -0.00666261 0.406981 0.517148
4.5 -0.012391 -0.042203 -0.0670503 0.237512 0.532015
4.6 -0.0455986 0.554431 0.332806 -0.0810647 -0.277325
4.7 -0.219052 -0.336644 0.00338623 -0.0661666 -0.369685
4.8 0.597245 -0.259292 -0.675846 -0.306732 0.147739
4.9 -0.517456 0.122769 0.0885307 -0.225406 -0.28697
5 0.742733 0.0861368 0.37092 0.207469 -0.335287
5.1 1.13781 1.10083 0.264191 0.381197 0.833811
5.2 0.310023 0.517159 0.852135 0.889899 1.04597
5.3 -1.36529 0.164856 1.0038 1.14823 0.675097
5.4 -0.529364 -0.847323 -0.326134 0.159873 0.707017
5.5 1.83419 0.119517 -0.391093 -0.606416 -0.452681
5.6 -1.55078 0.720889 -0.463395 -0.746201 -1.22912
5.7 0.506527 -1.33654 -0.0625204 -0.659261 -1.02778
5.8 -2.30911 -1.13739 -1.61413 -0.63866 -0.104687
5.9 0.85324 -0.866569 -0.968135 -1.05989 -0.573087
6 -1.10376 0.142133 -0.0695628 -0.661522 -1.37681
6.1 -0.332634 -0.364465 -0.161891 -0.298278 -0.87547
6.2 -0.199035 -0.960225 -0.84669 -0.373953 0.288719
6.3 0.770209 0.077808 -0.37394 -0.331243 0.390288
6.4 1.17079 1.54743 0.87029 0.51067 -0.389532
6.5 0.230036 0.905126 1.79229 1.16629 0.227539
6.6 -1.57938 0.0787181 0.654662 0.855608 1.68428
6.7 -0.890303 -1.34113 -1.24518 0.698421 1.79866
6.8 0.961526 -1.04251 -0.276981 -0.121102 0.0392958
6.9 0.624794 1.91318 0.22615 -1.11235 -1.39977
7 -0.857558 0.723432 0.567999 -0.639566 -1.86491
7.1 0.371089 -2.51561 -0.862368 -0.00158188 -0.289727
7.2 2.34441 0.959399 -1.42254 -0.246743 0.493592
7.3 -1.2822 1.0411 1.35506 -0.662261 0.521603
7.4 1.82429 1.01183 2.12374 1.48295 -0.265361
7.5 -1.04577 0.737945 0.212772 2.68023 0.795158
7.6 0.601273 -0.435338 0.695474 0.673383 2.00341
7.7 0.392357 0.617308 0.399843 -1.1025 1.90486
7.8 -4.07717 -0.277553 -0.852534 0.624396 0.176973
7.9 0.840225 -3.42118 -1.16424 -0.116046 -0.128087
8 0.641975 -0.599586 -1.28445 -1.36432 -1.54946
8.1 0.421415 3.23583 -0.927725 -1.50994 -2.05717
8.2 0.122631 -1.25567 2.53936 -1.39313 -1.90466
8.3 -0.211033 -0.784266 -1.05922 0.6011 -0.876085
8.4 -1.80035 0.401358 -2.51798 0.304807 -0.227393
8.5 0.376288 -2.51825 0.0983528 -1.33623 0.626036
8.6 -2.22848 -0.635065 -0.0207578 -1.41183 0.508717
8.7 -1.09117 0.167325 -1.86978 0.0999373 -0.738989
8.8 -0.661572 -2.54475 -1.19984 0.0974745 -1.30114
8.9 1.18489 -0.0308646 0.0940201 -1.69034 -1.39167
9 -0.60269 2.38109 0.293813 -1.88869 -1.36387
9.1 -1.03961 -1.57279 -0.142394 0.623019 -1.10772
9.2 -1.23133 -3.1897 -1.04494 0.204966 -0.315142
9.3 0.65149 1.53563 -2.63473 -1.07524 0.529101
9.4 -0.428181 -0.107653 0.564124 -1.50253 0.510945
9.5 -0.315991 -0.99221 1.11815 0.0492538 -0.643502
9.6 1.54732 0.365869 0.0335151 1.09884 -1.0658
9.7 -1.56114 1.44034 -0.479965 0.894304 -0.285934
9.8 1.82124 0.122985 1.34265 -0.666588 0.704576
9.9 -2.45107 -1.09182 0.727227 0.173012 0.818083
10 1.09435 -0.130171 -1.95382 1.39658 0.768025
10.1 2.81816 0.779361 0.213764 -0.551605 1.05615
10.2 1.91745 2.70721 2.62823 -0.299441 0.584904
10.3 -1.87872 0.899764 1.92037 2.11833 0.319918
10.4 0.0595267 -0.551203 0.386204 2.91795 0.482525
10.5 -1.79883 0.0903408 -0.670776 0.267686 0.83019
10.6 -0.965622 -0.75442 -0.171937 -1.76241 1.70634
10.7 1.87913 -2.0692 -1.06224 -0.521796 0.165254
10.8 -2.67434 -0.628738 -1.79278 -1.17799 -0.140001
10.9 -2.1509 -0.541158 -1.98188 -0.636188 -2.2877
11 3.42666 -1.36421 -0.0857216 -1.58329 -2.16243
11.1 -1.02269 1.50488 0.490847 -1.40098 -1.94218
11.2 3.31259 0.742053 0.59063 0.396662 -1.7399
11.3 -1.95608 1.0847 0.425531 -0.102499 -0.122201
11.4 0.574028 0.294848 1.36738 -0.0496986 -0.0863145
11.5 0.202249 -0.672964 0.183027 1.19549 0.234611
11.6 -1.08443 -0.259884 -1.62653 1.60392 1.29067
11.7 -0.58513 -0.585686 0.169983 -0.894188 2.02201
11.8 0.379615 -0.472172 0.441681 -1.20083 1.88278
11.9 1.0834 0.61439 -0.781323 0.988414 0.313843
12 -1.73168 0.474694 0.0637164 0.803266 -0.094495
12.1 2.50689 -0.105245 1.11343 1.10896 -0.782164
12.2 0.0444639 0.956841 1.41706 0.032258 -0.434919
12.3 1.6298 2.24194 0.78737 0.0855709 -0.0568362
12.4 1.61793 1.56033 0.898196 0.444148 0.785142
12.5 3.70872 0.599819 1.99424 2.11993 1.02204
12.6 2.55623 0.767482 1.23589 2.53079 1.64887
12.7 4.74358 1.67261 0.687548 1.8595 2.51828
12.8 4.17553 1.79275 2.67157 0.360184 2.64585
12.9 -0.602867 1.8003 1.08327 1.98179 2.58956
13 -2.78659 1.11503 1.30053 2.98535 1.12614
13.1 -8.44498 1.20295 2.33791 -0.270216 1.35838
13.2 -7.84126 -0.45849 -1.3304 0.299342 0.0148329
13.3 -1.66816 -0.819913 -0.969378 -0.580114 -0.502445
13.4 9.29548 -0.730856 -0.600109 -0.363264 -0.232074
13.5 -0.295162 -0.464476 0.00150793 -0.399124 0.0597597
13.6 -2.54914 -1.47152 -0.0533522 -0.944278 -0.0696015
13.7 -1.87937 -2.54975 -2.29129 -1.44095 -0.266975
13.8 -1.95059 -0.801893 -3.69313 -1.44446 -0.837731
13.9 -2.92482 -1.39506 -2.12578 -1.45199 -2.00258
14 3.64315 -2.765 0.790059 -1.88706 -2.56515
14.1 -0.0900715 -0.503563 -1.10965 -1.64706 -2.28117
14.2 -2.76448 -0.563528 -1.13119 -1.63243 -2.2256
14.3 0.520541 -0.600351 -1.27761 -1.45225 -2.15353
14.4 0.6187 -0.524135 -1.56068 -0.915694 -1.97517
14.5 -0.0342548 -1.00725 -0.359107 -1.40376 -0.943937
14.6 2.23874 0.207096 -0.249763 -0.15401 -0.26643
14.7 -0.907383 0.0713551 -0.0233642 -0.0672248 -0.201431
14.8 -1.58976 -0.0449081 -0.0792618 -0.113608 -0.263702
14.9 -0.040014 -0.143453 -0.101946 -0.129189 -0.290746
15 -1.72415 -0.24643 -0.133349 -0.149532 -0.317486
15.1 1.73838 -0.276355 -0.116478 -0.112497 -0.281156
15.2 -0.149565 -0.227063 -0.0643701 -0.0297468 -0.192558
15.3 2.75656 -0.112622 0.00402505 0.0758475 -0.0734599
15.4 -2.09479 -0.0435966 -0.00303758 0.10387 -0.0232077
15.5 -0.198303 -0.0766219 -0.104759 0.0248061 -0.0707805
15.6 -1.24471 -0.0949465 -0.162399 -0.0303116 -0.0856733
15.7 -1.99478 -0.0722762 -0.296543 -0.110249 -0.157292
15.8 1.2938 -0.412676 -0.33305 -0.622947 0.385918
15.9 0.859566 -0.218774 -0.280018 -0.691106 0.741529
16 -0.829283 0.332856 -0.282018 0.0563961 0.192649
16.1 -0.995908 0.687913 -0.169519 0.719478 -0.365023
16.2 1.93243 -0.827714 1.51012 0.541702 -0.257926
16.3 -0.859237 0.00177239 0.452919 0.421097 0.433714
16.4 0.247236 1.24723 -0.873637 0.398908 0.640015
16.5 -0.163201 0.357609 0.690302 -0.367492 0.622489
16.6 1.60503 -0.165298 0.843061 0.109421 0.530919
16.7 -2.37969 0.000235966 0.192208 0.550934 0.417203
16.8 -3.33123 -0.217691 -0.694334 0.708933 0.0515262
16.9 0.882816 -2.02731 -0.397272 0.0776713 -0.0550026
17 -0.700885 -0.694583 -0.864262 -0.758348 -0.0508986
17.1 0.366071 -0.166442 -0.676697 -0.884098 -0.58186
17.2 -1.46693 -0.129973 -0.611102 -0.797478 -0.818547
17.3 1.49069 -0.131595 -0.559986 -0.770167 -0.797917
17.4 0.369641 -0.0971207 -0.41886 -0.683687 -0.704913
17.5 -0.384862 -0.559387 0.0872844 -0.640892 -0.678746
17.6 2.14661 0.148678 -0.345827 -0.179441 -0.592716
17.7 -1.25222 -0.0095572 -0.140714 -0.0841988 -0.532111
17.8 0.0641402 -0.0736697 -0.134673 -0.256816 -0.386536
17.9 0.918889 -0.071635 -0.0561157 -0.198436 -0.32039
18 -1.7555 -0.125543 -0.0562933 -0.194859 -0.314413
18.1 0.126966 -0.231105 -0.0746691 -0.208563 -0.331064
18.2 -1.23405 -0.302452 -0.104906 -0.196718 -0.32575
18.3 0.265135 -0.245628 -0.257686 -0.179605 -0.312317
18.4 -0.64001 -0.30431 -0.492316 -0.141817 -0.151962
18.5 2.97347 -0.342892 -0.383319 -0.50587 0.535364
18.6 -0.140144 0.190314 -0.266648 -0.137855 0.479399
18.7 0.539055 1.60394 0.0957835 0.507948 -0.0875921
18.8 -0.433458 0.0920055 1.43343 0.724601 -0.106515
18.9 -0.117332 -0.904525 1.58751 0.802561 0.47869
19 1.01128 0.996682 -0.587922 0.831761 0.751158
19.1 0.0769674 1.05439 -0.48776 0.690709 0.784595
19.2 -0.185763 0.186493 1.04929 -0.0819342 0.765904
19.3 0.782851 -0.360538 1.56876 -0.0557246 0.742528
19.4 1.24661 0.978703 -0.230151 0.72932 0.593344
19.5 1.8843 1.10065 -0.351624 0.998051 0.6462
19.6 0.0250449 0.139173 1.18174 0.562402 0.659951
19.7 -0.413683 -0.206417 1.50534 0.487391 0.597781
19.8 0.337002 1.21265 -0.213019 0.720121 0.549036
19.9 -0.0162666 1.20294 -0.0784527 0.553704 0.518087
20 0.499281 0.0801476 1.16871 0.39028 0.495293
20.1 -0.958931 -0.203319 1.2879 0.471038 0.39145
20.2 -0.692825 0.821191 -0.4247 0.676009 0.276897
20.3 0.398936 0.450333 -0.264403 0.302061 0.341502
20.4 0.0570528 -0.0572411 0.418381 0.0753784 0.371698
20.5 -1.23869 -0.217864 0.587526 -0.0565003 0.256481
20.6 0.727559 0.257892 1.89032e-05 0.0667798 0.102868
20.7 0.955052 0.394514 -0.102677 0.402021 -0.109254
20.8 0.745071 0.318456 0.183158 0.294186 -0.0524292
20.9 1.51738 0.235605 0.582579 -0.112902 0.273132
21 1.87258 0.523427 0.429083 0.222174 0.384972
21.1 1.95323 0.6491 0.383782 0.553957 0.441912
21.2 0.0945939 0.572999 0.507851 0.714677 0.47342
21.3 -0.400984 0.388913 0.657163 0.641378 0.49297
21.4 -0.323491 0.355487 0.613115 0.508561 0.538317
21.5 -0.0639683 0.619608 0.260228 0.412751 0.584551
21.6 -1.07002 0.319808 0.413501 0.354989 0.527293
21.7 -0.725382 -0.131263 0.259204 0.325204 0.392117
21.8 -1.03871 0.233321 -0.0709803 0.0749996 0.288553
21.9 -0.705292 0.131113 -0.0511244 0.0131605 0.11806
22 -0.937535 -0.108847 0.0773794 0.010144 -0.0661915
22.1 0.147567 -0.126473 0.0430584 0.187966 -0.369981
22.2 -0.618491 -0.136248 0.0371372 -0.114285 -0.1801
22.3 -0.0279682 -0.0904469 0.0129461 -0.416944 -0.0447118
22.4 -0.153057 -0.617213 -0.602881 -0.189593 -0.06973
22.5 -0.179226 -1.30617 -1.05378 -0.342005 -0.303543
22.6 -0.656126 -1.00098 -0.704734 -0.655156 -0.618774
22.7 -0.0275699 -0.624748 -0.743488 -0.851612 -0.704293
22.8 -0.259428 -0.710646 -0.722353 -0.772066 -0.795265
22.9 -0.464522 -1.03905 -0.753153 -0.789097 -0.779134
23 0.93419 -0.567618 -1.25461 -0.772399 -0.72527
23.1 -0.541171 -0.101897 -1.49921 -0.78873 -0.679004
23.2 0.355687 -0.371667 0.465252 -0.951975 -0.658797
23.3 0.620018 -0.0489376 0.805117 -1.16262 -0.610945
23.4 0.0518474 0.291447 -0.531335 -0.0208389 -0.58226
23.5 0.209373 0.255075 -0.506441 0.0782526 -0.56011
23.6 -0.84353 -0.0757386 -0.216294 0.090054 -0.550713
23.7 -1.29973 -0.236784 -0.18299 -0.165683 -0.3945
23.8 -0.430538 -0.47693 -0.142525 -0.221855 -0.40867
23.9 0.159804 -0.556089 -0.0952124 -0.226826 -0.369194
24 -0.184459 -0.535504 -0.0989693 -0.219382 -0.320479
24.1 -0.210516 -0.0779593 -0.470941 -0.225083 -0.284435
24.2 -0.094184 -0.100557 -0.438525 -0.238561 -0.246299
24.3 -0.189825 -0.161343 -0.359428 -0.502959 0.0340438
24.4 0.172751 -0.354489 -0.144589 -0.953123 0.531671
24.5 -0.505161 -0.47848 -0.0476491 -0.140534 -0.226036
24.6 0.184627 -0.394145 -0.21029 0.182118 -0.438047
24.7 0.523563 -0.116039 -0.551743 0.376761 -0.396271
24.8 -0.325815 -0.117085 -0.0885332 -0.160156 -0.219207
24.9 -0.480055 -0.164757 0.0311999 -0.482161 -0.00561302
25 0.521997 -0.0187421 -0.0833383 -0.52703 0.199603
25.1 -0.255914 0.473192 -0.212629 0.106975 -0.156588
25.2 0.330324 1.21936 -0.0254257 0.503359 -0.200188
25.3 0.0530852 -0.170633 1.21696 0.552977 0.0451875
25.4 -0.207754 -0.709816 1.33768 0.476863 0.611741
25.5 -0.477916 0.845629 -0.616934 0.698758 0.661711
25.6 -0.104887 0.557008 -0.663224 0.631505 0.635861
25.7 -0.133087 -0.330546 0.757687 -0.136112 0.614952
25.8 -0.628751 -0.620548 0.813664 -0.259432 0.55242
25.9 -0.867622 -0.206836 -0.392858 0.137751 0.298526
26 -0.741752 -0.31326 -1.54032 -0.0163648 0.204593
26.1 -0.182364 -0.681548 -0.743609 -0.649582 -0.0433733
26.2 -0.763681 -0.711916 -0.0471168 -0.521302 -0.879054
26.3 0.180048 -0.542758 -0.099591 -0.623724 -0.873641
26.4 0.594784 -0.179275 -0.360498 -0.565198 -0.817483
26.5 0.203628 -0.00319281 -0.432842 -0.498285 -0.758212
26.6 0.0787731 0.368153 -0.413499 -0.452252 -0.713596
26.7 0.587056 -0.10598 0.0894986 -0.369283 -0.65301
26.8 1.1631 -0.0752185 -0.0854597 -0.0192048 -0.543881
26.9 0.164277 -0.0354538 -0.029941 -0.138104 -0.264311
27 0.449786 0.370211 0.0865857 -0.0798272 -0.210522
27.1 0.614683 1.62146 0.384936 0.0338648 -0.141623
27.2 0.81314 0.581776 1.31909 0.475636 -0.0583407
27.3 0.887758 -0.295219 0.977133 1.69352 0.0483225
27.4 0.594445 -0.13859 0.188016 1.34462 1.11652
27.5 -0.106462 0.906397 -0.323838 0.741047 1.14604
27.6 -0.118222 0.170308 1.03754 -0.82712 1.94931
27.7 0.134374 0.339254 0.481403 -0.507431 1.90885
27.8 0.700581 0.523143 -0.627017 1.79309 0.536661
27.9 0.369034 -0.219491 0.968823 1.00097 0.513602
28 -0.100903 0.545484 0.707564 0.468745 0.47618
28.1 0.00212812 1.22353 0.178435 0.246065 0.430534
28.2 0.414491 0.847392 0.66917 0.0986026 0.401593
28.3 0.151055 0.311332 1.04183 0.238924 0.375099
28.4 0.20083 0.27492 0.666826 0.685829 0.261111
28.5 -0.197512 0.602028 -0.290597 1.14069 -0.00893199
28.6 -0.133039 -0.0339564 0.426022 0.3831 0.231926
28.7 -0.482993 0.0187203 0.48158 -0.000423989 0.342926
28.8 -0.194348 0.277048 0.19034 -0.148695 0.354719
28.9 0.439813 0.361531 -0.0422191 0.074133 0.235824
29 0.368381 0.329245 -0.0288148 0.240677 0.119289
29.1 0.257491 0.011554 0.362299 0.44119 -0.147451
29.2 0.194406 -0.00242466 0.424099 0.140329 0.0931346
29.3 0.07478 0.252934 0.144995 -0.00203696 0.225956
29.4 -0.0401588 0.308185 -0.0390281 0.0494758 0.238838
29.5 0.0709598 0.197158 -0.00554614 0.124039 0.176181
29.6 -0.31213 -0.00842438 0.178302 0.115586 0.104885
29.7 -0.377367 -0.107786 0.189164 0.21369 -0.0632997
29.8 -0.303812 0.0146152 -0.0155006 0.0591786 0.0205972
29.9 -0.483495 -0.0707436 -0.0921444 -0.0748122 0.0638761
30 -0.951649 -1.42098 -0.493763 -0.33512 -0.00610846
30.1 -0.861848 -1.03284 -0.819824 -0.542063 -0.438434
30.2 -0.109466 -0.560562 -0.989297 -0.607134 -0.666401
30.3 0.254602 -0.440245 -0.726213 -0.751184 -0.741502
30.4 0.345035 -0.347156 -0.657685 -0.711297 -0.717351
30.5 -0.0258042 -0.293258 -0.578216 -0.705439 -0.670782
30.6 0.163713 -0.273207 -0.486745 -0.695493 -0.634115
30.7 0.329864 -0.27544 -0.00437247 -0.651044 -0.58979
30.8 0.54309 0.0142826 -0.0667222 -0.38151 -0.536153
30.9 0.689607 0.00858351 -0.161248 -0.100526 -0.469746
31 0.714297 0.0618086 -0.111303 -0.02249 -0.385897
31.1 0.300516 0.0857497 -0.0492755 -0.0629109 -0.224677
31.2 0.219294 0.229814 0.0160984 -0.0319101 -0.175532
31.3 -0.033039 1.67021 0.231477 -0.0108373 -0.135769
31.4 -0.213138 0.841957 1.21334 0.0195328 -0.0993723
31.5 -0.103691 -0.787457 1.91564 0.420022 0.376343
31.6 -0.481103 -0.16056 -0.820059 1.94763 0.861879
31.7 -0.724169 0.0947985 -1.44479 2.06936 0.835075
31.8 -0.734157 -1.06808 1.67094 -0.609147 1.02448
31.9 -0.627178 0.45942 0.297708 -1.6781 1.51532
32 -0.652934 1.06978 -1.43317 0.0180542 0.253733
32.1 -0.258276 -1.55043 -0.580897 0.0269816 0.173982
32.2 -0.293703 -1.7184 0.0655795 -0.541202 0.105672
32.3 -0.0182773 -0.54657 -0.531762 -0.54901 -0.384159
32.4 -0.11222 0.204325 -0.843008 -0.0881925 -0.931805
32.5 0.0436089 0.191209 -0.571772 -0.346339 -0.910174
32.6 0.149872 -0.194023 -0.193103 -0.409397 -0.86989
32.7 0.172025 -0.125909 0.103694 -0.418788 -0.819137
32.8 0.145067 -0.0986911 0.138264 -0.402469 -0.764204
32.9 -0.123928 -0.0155411 -0.064517 -0.242912 -0.715032
33 -0.39876 0.00808535 -0.314087 -0.308192 -0.413821
33.1 -0.44297 -0.0698634 -0.266062 -0.297673 -0.403019
33.2 -0.456246 -0.219265 -0.260513 -0.290136 -0.392276
33.3 -0.4973 -0.314924 -0.251243 -0.284308 -0.381556
33.4 -0.580125 -0.431694 -0.235916 -0.281809 -0.37325
33.5 -0.578672 -0.523344 -0.254592 -0.280665 -0.365943
33.6 -0.64078 -0.376991 -0.572227 -0.22613 -0.358715
33.7 -0.485422 -0.454759 -0.597988 -0.232812 -0.3461
33.8 -0.134054 -0.537527 -0.272463 -0.641053 -0.20445
33.9 -0.0146602 -0.497234 -0.378902 -0.939355 0.21476
34 0.0838688 -0.415389 -0.614143 -0.27662 -0.19209
34.1 0.0491235 -0.160666 -0.623027 0.0291759 -0.341679
34.2 -0.2915 -0.315274 -0.224676 -0.133569 -0.374466
34.3 -0.0989731 -0.43756 0.0337657 -0.296436 -0.319245
34.4 0.42158 -0.242744 -0.0616263 -0.342501 -0.245933
34.5 0.362808 -0.0729134 -0.235847 -0.215159 -0.179871
34.6 0.429112 0.0305462 -0.297191 -0.119073 -0.131146
34.7 0.278898 0.469708 -0.0888088 -0.0773884 -0.0883758
34.8 0.322366 1.54036 0.380451 -0.0231956 -0.0469643
34.9 0.431484 0.185591 1.4885 0.374215 0.0757863
35 0.620256 -0.56718 1.14899 0.987598 0.58034
35.1 0.912486 0.790639 -0.924927 1.56052 0.823744
35.2 1.07064 0.287946 0.649123 0.586915 0.889328
35.3 0.983763 0.0770943 1.25419 0.309071 0.94742
35.4 0.959694 1.24507 0.223302 0.305487 0.973533
35.5 0.825665 1.1826 0.289547 0.528866 0.874709
35.6 0.705246 0.417866 1.10031 0.692166 0.748538
35.7 0.888745 -0.0173122 1.41896 0.906812 0.741793
35.8 0.708099 1.99959 -0.0787206 1.10165 0.739121
35.9 0.885337 1.26959 1.65538 1.08375 0.767689
36 0.798906 0.901596 2.35124 1.52107 0.806892
36.1 0.514929 1.89804 0.453747 2.38642 0.894265
36.2 0.243695 1.37089 1.88118 0.942934 1.16883
36.3 0.0501048 1.03102 1.57641 0.35905 2.08467
36.4 -0.15089 0.0810258 -0.578084 1.42877 1.94495
36.5 -0.403372 -0.731301 0.0298052 0.194883 1.37392
36.6 -0.513056 0.263088 -0.00408173 0.175264 0.24563
36.7 -0.391446 0.332801 0.11553 -0.128323 0.17936
36.8 -0.426393 0.324431 0.374816 -0.482759 0.114907
36.9 -0.413486 0.295188 0.31048 -0.490047 0.0454316
37 -0.532053 0.21054 -0.301112 0.0975963 -0.0293991
37.1 -0.758853 -0.200828 -0.134113 1.03123 -0.945171
37.2 -0.939805 -0.432069 0.308112 0.656157 -1.05464
37.3 -0.734153 -0.10087 0.729093 -0.733256 -0.677686
37.4 -0.658126 0.734935 -0.487769 -1.24161 -0.00589678
37.5 -0.499275 0.347834 -1.2948 -0.250137 0.00892699
37.6 -0.252877 -3.09867 -0.399989 -0.0141925 -0.155036
37.7 -0.0585026 -1.7754 -1.14079 -0.365932 -0.277853
37.8 0.0775457 -1.54435 -0.991053 -0.82097 -0.708662
37.9 -0.100289 -1.5328 -0.921185 -0.972149 -0.80011
38 -0.00478696 0.576989 -2.9629 -0.924684 -0.865684
38.1 0.286165 -0.18196 -1.71112 -1.32509 -0.820859
38.2 0.528819 -2.36176 2.38573 -2.85328 -0.783651
38.3 0.331547 1.97191 -1.09592 -1.13842 -0.782712
38.4 0.390116 0.881733 -1.13051 0.180665 -0.799106
38.5 0.446953 -0.242352 0.0506601 1.09597 -1.59773
38.6 0.324007 -0.41495 0.583772 0.768141 -1.47028
38.7 -0.0313258 -0.743858 1.12019 -0.636198 -0.175157
38.8 -0.286738 -0.0803097 0.0435511 -0.238587 -0.140154
38.9 -0.476007 0.225719 -0.339332 -0.218266 -0.125241
39 -0.479685 0.275998 -0.479959 -0.207434 -0.119227
39.1 -0.475582 -0.0834613 -0.205327 -0.205588 -0.11514
39.2 -0.560574 -0.367851 -0.0111931 -0.206107 -0.115515
39.3 -0.475426 -0.497671 0.0177416 -0.511229 0.202358
39.4 -0.477144 -0.251943 -0.411868 -0.83865 0.640764
39.5 -0.483017 -0.482143 -1.17931 0.381655 0.171609
39.6 -0.305239 -0.783924 -1.11942 1.03009 -0.267084
39.7 -0.586007 -1.23173 0.753978 -0.72764 0.0346114
39.8 -0.660055 -0.375069 0.045469 -0.847906 -0.0653674
39.9 -0.522023 0.22634 -0.677312 -0.271345 -0.466125
40 -0.350171 0.278021 -0.827813 -0.127449 -0.589265
40.1 0.107778 -0.233727 -0.243481 -0.303506 -0.564515
40.2 0.103242 -0.438945 0.108411 -0.433466 -0.479491
40.3 0.00685811 -0.390068 0.0726038 -0.351993 -0.438879
40.4 -0.0833204 -0.0234084 -0.316346 -0.241441 -0.373665
40.5 -0.180313 0.14783 -0.481852 -0.202978 -0.240795
40.6 -0.273864 -0.0516819 -0.292866 -0.274407 -0.0929557
40.7 -0.386666 -0.363629 -0.0723287 -0.432053 0.127376
40.8 -0.461443 -0.577074 -0.0541134 0.00118107 -0.188956
40.9 -0.35672 -0.525468 -0.380049 0.321004 -0.244214
41 -0.230502 -0.106591 -0.314945 -0.405513 0.0308694
41.1 -0.0658634 -0.044955 -0.201507 -0.476914 -0.0122169
41.2 0.200475 -0.0635472 -0.108107 -0.139393 -0.303632
41.3 0.381018 -0.0096916 -0.0264511 0.0211618 -0.348796
41.4 0.569186 0.695205 0.282013 0.123957 -0.256069
41.5 0.667105 0.244619 0.655781 0.36666 0.0332054
41.6 0.58061 0.308734 0.428256 0.377835 0.586691
41.7 0.571949 0.358563 0.277784 0.496257 0.717687
41.8 0.571658 0.31046 0.24841 0.629263 0.721623
41.9 0.479983 0.257787 0.40099 0.58181 0.717445
42 0.602988 0.312678 0.727339 0.264824 0.707362
42.1 0.674192 0.830201 0.226159 0.422697 0.612435
42.2 0.755709 0.457529 0.601041 0.521908 0.606499
42.3 0.670866 0.424994 0.656668 0.722152 0.475365
42.4 0.405132 0.630483 0.52859 0.785053 0.378075
42.5 0.392072 0.705497 0.59828 0.614641 0.40487
42.6 0.395221 0.592257 0.774636 0.461587 0.489306
42.7 0.595655 0.711 0.620695 0.441987 0.561556
42.8 0.508053 0.664729 0.543908 0.549249 0.605541
42.9 0.510444 0.564662 0.517726 0.666259 0.627553
43 0.431774 0.498283 0.542356 0.687203 0.64865
43.1 0.137983 0.361472 0.677219 0.657179 0.630037
43.2 0.044743 0.66978 0.468223 0.484502 0.599746
43.3 0.078764 0.646109 0.496819 0.412948 0.566043
43.4 0.0593301 0.359717 0.614906 0.599826 0.492609
43.5 -0.0106427 0.133945 0.273174 0.53922 0.461819
43.6 0.00746426 0.371526 -0.00723233 0.246776 0.433024
43.7 0.0584399 0.242655 0.222258 0.10672 0.402588
43.8 0.0608575 0.0914654 0.437903 0.0825696 0.300822
43.9 -0.126731 0.276209 0.224146 0.22313 0.104885
44 -0.118564 0.27622 0.186696 0.616711 -0.358737
44.1 -0.306652 0.238735 0.231102 0.0490484 0.0707797
44.2 -0.398379 0.181522 0.242752 -0.2108 0.208329
44.3 -0.397857 0.117301 0.0165437 -0.0820535 0.191988
44.4 -0.212573 -0.00413901 -0.0981434 0.114517 0.0819976
44.5 -0.217967 -0.156315 -0.0763721 0.1991 0.00752859
44.6 -0.195716 -0.182689 0.0280165 0.0394838 -0.0224992
44.7 -0.160201 -0.144123 -0.0220762 -0.0534545 -0.0152077
44.8 -0.167675 -0.09141 -0.0909379 -0.112966 -0.027182
44.9 -0.229922 -0.151892 -0.114833 -0.169858 -0.123232
45 -0.328961 -1.3441 -0.697307 -0.305339 -0.320145
45.1 -0.527947 -1.00129 -0.735404 -0.586043 -0.5405
45.2 -0.584788 -0.582198 -0.926856 -0.747316 -0.60472
45.3 -0.673835 -0.516902 -0.780621 -0.873279 -0.706113
45.4 -0.583506 -0.895501 -0.805934 -0.800725 -0.806643
45.5 -0.395443 -1.17008 -0.934898 -0.816395 -0.799488
45.6 -0.510966 -0.632526 -1.70228 -0.846703 -0.791037
45.7 -0.425269 -0.890042 -1.52737 -0.915597 -0.786004
45.8 -0.256472 -1.67499 0.0706005 -1.68201 -0.781857
45.9 -0.467567 0.182297 -0.491324 -2.06545 -0.802737
46 -0.339339 0.227337 -1.85927 -0.437571 -0.847042
46.1 -0.186355 -1.81399 0.0813528 -0.140666 -0.957725
46.2 -0.17702 -0.112155 0.529727 0.0174164 -1.51415
46.3 -0.0965789 0.26355 -0.236201 0.367273 -1.42459
46.4 -0.104892 0.392661 -0.328657 -0.702809 -0.340671
46.5 -0.111349 -0.101884 -0.181939 -0.355401 -0.300242
46.6 -0.0288822 -0.152356 -0.137382 -0.341503 -0.262385
46.7 0.0533464 -0.191201 -0.103143 -0.310083 -0.222927
46.8 0.0506915 -0.212643 -0.0892233 -0.264861 -0.184906
46.9 0.163633 -0.211905 -0.0953269 -0.207677 -0.147108
47 -0.223618 -0.204172 -0.128586 -0.155844 -0.121803
47.1 0.507585 -0.173754 -0.157939 -0.0940172 -0.0874783
47.2 0.324865 -0.118793 -0.165662 -0.0347658 -0.024377
47.3 0.154622 -0.07756 -0.193388 -0.27438 0.320861
47.4 0.317491 -0.0531013 -0.437726 -0.326249 0.707876
47.5 0.328156 0.34501 -0.514571 0.635116 0.0456193
47.6 0.435466 1.50083 0.476608 0.393303 -0.0121953
47.7 0.501708 -0.769914 2.36088 0.570984 0.342566
47.8 0.504305 -0.185169 0.802122 1.17752 0.722281
47.9 0.420033 1.36706 -1.25882 1.57682 0.838979
48 0.504027 0.941525 0.675384 0.0435321 0.864054
48.1 0.26932 0.202143 1.94736 -0.512583 0.861518
48.2 0.348424 0.557556 0.688485 0.53303 0.672651
48.3 0.430829 1.09213 -0.352477 1.04204 0.643657
48.4 0.40865 0.176054 0.362591 1.23926 0.625711
48.5 0.700113 -0.463547 1.75919 0.477166 0.649501
48.6 0.475684 1.28663 -0.053698 0.5622 0.660149
48.7 0.509662 1.35214 -0.0185061 0.46648 0.656018
48.8 0.409829 0.36456 0.987623 0.477686 0.609022
48.9 0.297454 -0.272373 1.66938 0.576854 0.588951
49 0.128262 1.67604 -0.375507 0.907068 0.562049
49.1 0.356506 0.999909 0.397632 0.833829 0.555442
49.2 0.0902817 -0.647235 2.33372 0.43613 0.553596
49.3 -0.0841104 1.2823 -0.881173 1.17397 0.54736
49.4 0.0897617 0.235503 0.040047 0.165749 0.552608
49.5 -0.00338247 -0.565996 0.854698 0.0855578 0.551083
49.6 -0.172886 0.294427 0.0651252 -0.0438461 0.513278
49.7 -0.193363 0.444635 -0.106399 0.0461402 0.325454
49.8 -0.284985 0.39049 -0.0681101 -0.0219838 0.273312
49.9 -0.291118 -0.0315918 0.311198 -0.0708238 0.215538
50 -0.190937 -0.176731 0.233242 0.0756804 0.159816
50.1 -0.245387 0.0837332 -0.195746 0.203176 0.0806232
50.2 -0.115234 0.048923 -0.080596 0.725171 -0.62762
50.3 -0.102734 -0.00561726 0.30418 0.301703 -0.617806
50.4 -0.198284 0.0683803 0.844277 -1.09529 0.0736497
50.5 -0.472736 0.515549 -0.620277 -0.205595 0.0606493
50.6 -0.532771 0.121816 -0.715481 0.33396 -0.17736
50.7 -0.652199 -1.90501 -0.00577297 0.0356785 -0.213155
50.8 -0.664626 -1.61389 -0.670019 -0.727208 -0.0983031
50.9 -0.587733 -0.804792 -1.00501 -0.796014 -0.514587
51 -0.639127 -0.546544 -1.03169 -0.763117 -0.780595
51.1 -0.494288 -1.00473 -0.992726 -0.828799 -0.882368
51.2 -0.326904 -0.416048 -1.99754 -0.875464 -0.86744
51.3 -0.342527 -1.19881 -1.44687 -0.963342 -0.84908
51.4 -0.337266 -1.92491 -0.0126255 -1.75026 -0.840664
51.5 -0.338742 -0.289601 -0.739406 -2.45605 -0.858556
51.6 -0.336148 0.49618 -2.03617 -1.34081 -0.908493
51.7 -0.245718 -2.01341 -0.00137733 0.267947 -1.44476
51.8 -0.154318 -0.0459526 0.521747 0.410306 -1.97936
51.9 -0.127731 1.14237 -0.374614 -0.511774 -1.30243
52 -0.0416335 -0.114171 -0.00305515 -0.539604 -0.340834
52.1 0.119385 -0.190635 -0.170912 -0.290916 -0.296899
52.2 0.292765 -0.206408 -0.134281 -0.235252 -0.245616
52.3 0.390554 -0.205564 -0.103779 -0.16895 -0.188617
52.4 0.39981 -0.182648 -0.0851858 -0.100261 -0.131511
52.5 0.297053 -0.146246 -0.0811969 -0.0388819 -0.0806993
52.6 0.387917 -0.0986296 -0.0819074 0.015008 -0.0329349
52.7 0.490105 -0.0386071 -0.0725452 0.0655245 0.0187862
52.8 0.486625 0.0251198 -0.0495782 0.107571 0.0710865
52.9 0.44317 1.37928 -8.19117e-05 0.0497113 0.225744
53 0.466102 1.83228 0.372441 -0.373408 0.910177
53.1 0.38143 -0.967923 1.97983 0.765011 0.929623
53.2 0.348403 -1.37137 0.86218 2.25731 0.922095
53.3 0.25131 1.26863 -1.88122 2.23911 1.00723
53.4 0.343482 0.907491 0.908186 -0.208467 0.988433
53.5 0.255757 0.319183 2.61493 -1.33874 0.956739
53.6 0.165216 1.19718 0.388186 0.271308 0.624744
53.7 0.34007 1.23662 -0.491919 1.099 0.571067
53.8 0.249494 -0.17534 0.343963 1.65202 0.533622
53.9 0.110634 -0.926835 2.0296 0.661647 0.507072
54 0.160497 1.37474 -0.247596 0.503637 0.556635
54.1 0.0430906 1.5047 -0.312324 0.363081 0.533558
54.2 -0.0765714 0.545724 0.670263 0.220365 0.483251
54.3 0.103421 -1.15283 1.69031 0.147896 0.445804
54.4 0.0888904 0.528992 -0.381205 0.599412 0.334959
54.5 0.00723731 0.759708 -0.635306 0.659281 0.238357
54.6 -0.171078 0.329241 0.243732 0.108579 0.239181
54.7 -0.112808 -0.0669166 1.08133 -0.376384 0.164172
54.8 -0.297559 0.328394 0.320311 0.147305 -0.126666
54.9 -0.464499 0.368875 -0.174285 0.601878 -0.306999
55 -0.53878 0.190638 -0.0455629 -0.00975996 0.140785
55.1 -0.432718 -0.119805 0.19263 -0.244363 0.240639
55.2 -0.245592 -0.233128 0.0934279 -0.169408 0.217013
55.3 -0.194326 -0.0653927 -0.325899 0.106457 0.0712411
55.4 -0.144252 -0.125749 -0.338137 0.186326 -0.0375947
55.5 -0.134127 -0.403341 -0.0234205 0.00888418 -0.139961
55.6 -0.0585005 -1.91803 -0.0342399 -0.402549 -0.213235
55.7 -0.0753608 -0.773407 -0.878333 -0.609215 -0.446404
55.8 -0.0903247 -0.330911 -1.07092 -0.584534 -0.58825
55.9 -0.0306033 -0.179735 -0.855781 -0.742124 -0.661067
56 -0.076185 0.216658 -1.12261 -0.696876 -0.705909
56.1 -0.000852803 -0.846048 0.0578507 -0.720372 -0.672963
56.2 0.0648786 -0.732668 0.042085 -0.705075 -0.638595
56.3 0.0663915 0.329111 -0.300342 -0.643094 -0.605763
56.4 0.10876 0.408431 -0.734935 -0.212905 -0.572154
56.5 0.105556 -0.156046 -0.135296 -0.183941 -0.532432
56.6 0.057991 -0.225271 -0.0183151 -0.284242 -0.387221
56.7 0.00690327 -0.267934 0.0242069 -0.241082 -0.351622
56.8 0.0441095 -0.272704 0.0237909 -0.195103 -0.315603
56.9 0.0617856 -0.239168 -0.0231212 -0.136328 -0.276599
57 0.057195 -0.00273327 -0.272236 -0.079562 -0.235702
57.1 0.10246 0.174718 -0.124122 -0.203122 -0.00552213
57.2 0.197862 1.06998 -0.300138 -0.414647 0.508944
57.3 0.168452 0.955169 -0.014348 0.245202 0.253149
57.4 0.104674 -1.4816 1.65029 1.18866 0.143961
57.5 0.0551055 -0.813647 0.92547 1.12054 0.569361
57.6 0.0365505 1.39425 -1.49538 1.1672 0.689856
57.7 -0.0152195 0.849638 0.281048 -0.167763 0.698853
57.8 -0.0159149 0.18356 1.82299 -1.13095 0.676569
57.9 -0.0173663 -0.0103214 0.450188 0.304303 0.472538
58 -0.0162853 0.525921 -0.700796 0.876519 0.419787
58.1 -0.0188847 0.14099 -0.371954 0.874944 0.37731
58.2 -0.0048252 -0.460071 0.80183 0.238485 0.345424
58.3 -0.00417843 0.0197996 0.488693 0.0200388 0.316042
58.4 -0.00857508 0.367372 0.116134 0.0265607 0.219898
58.5 -0.0133149 0.27056 -0.0548754 0.235369 -0.0412828
58.6 -0.0162669 0.0994561 -0.0912743 0.451171 -0.474784
58.7 -0.0220444 -0.711173 0.217996 -0.612087 -0.193885
58.8 -0.0230824 -0.263853 -0.368501 -0.664333 -0.14131
58.9 -0.021273 -0.0924754 -0.788863 -0.196779 -0.386146
59 -0.0194924 -0.104614 -0.687117 -0.207146 -0.450477
59.1 -0.0164587 -0.523955 -0.0177477 -0.381217 -0.449522
59.2 -0.0133299 -0.167426 0.123301 -0.488823 -0.422742
59.3 -0.010508 0.111071 -0.139966 -0.327907 -0.397086
59.4 -0.00811027 0.227155 -0.279 -0.201838 -0.336756
59.5 -0.00599509 0.0512796 -0.172634 -0.109009 -0.25843
59.6 -0.00411231 -0.193386 0.00780458 -0.0770794 -0.143401
59.7 -0.00244463 -0.242753 0.111334 -0.20596 0.248953
59.8 -0.000974207 0.0712882 -0.173688 0.44148 0.343987
59.9 0.000302898 -0.0469981 0.177599 0.48497 0.334575
60 0 0.0340379 0.559918 0.109352 0.339357
