0.1 -1.98178e+06 -923058 -416946 -160446
0.2 -7.10829e+06 -4.56076e+06 -2.5694e+06 -1.13417e+06
0.3 -1.18544e+07 -9.53566e+06 -6.49522e+06 -3.23902e+06
0.4 -1.39352e+07 -1.16185e+07 -8.6529e+06 -4.65814e+06
0.5 -1.27353e+07 -9.82302e+06 -6.69014e+06 -3.44913e+06
0.6 -5.88742e+06 -4.88031e+06 -3.00874e+06 -1.27667e+06
0.7 -6.25312e+06 -2.07941e+06 -943519 -459910
0.8 -2.19303e+07 -1.26973e+07 -6.17678e+06 -2.50051e+06
0.9 -4.28208e+07 -3.33276e+07 -2.17825e+07 -1.03116e+07
1 -4.68538e+07 -4.21904e+07 -3.26831e+07 -1.79787e+07
1.1 1.57706e+07 -5.27097e+06 -1.09917e+07 -7.94834e+06
1.2 6.56231e+07 5.74553e+07 4.11492e+07 2.11979e+07
1.3 6.80176e+07 6.60988e+07 4.92577e+07 2.73409e+07
1.4 5.486e+07 4.99711e+07 4.38359e+07 2.35206e+07
1.5 8.22777e+06 9.07183e+06 3.39585e+06 2.2914e+06
1.6 -5.41942e+07 -4.16805e+07 -3.16632e+07 -1.73674e+07
1.7 -6.10716e+07 -6.2453e+07 -4.40494e+07 -2.44049e+07
1.8 -2.09557e+07 -3.64768e+07 -3.37807e+07 -1.62048e+07
1.9 -1.87542e+07 7.77638e+06 7.21832e+06 1.22558e+06
2 -1.07615e+06 1.1465e+07 2.17585e+07 1.39253e+07
2.1 9.33401e+06 -2.88677e+06 -2.06501e+06 4.24575e+06
2.2 -2.42556e+07 -1.03149e+07 -1.84345e+07 -1.63705e+07
2.3 -6.42166e+07 -4.61854e+07 -2.24195e+07 -1.20359e+07
2.4 -6.73881e+07 -6.44783e+07 -4.03036e+07 -1.0572e+07
2.5 -2.07188e+07 -2.83833e+07 -3.66235e+07 -2.7066e+07
2.6 1.79309e+07 1.03696e+07 7.36271e+06 -4.74687e+06
2.7 3.79677e+07 4.45199e+07 3.76244e+07 2.98164e+07
2.8 6.52592e+07 5.79376e+07 4.81561e+07 3.02393e+07
2.9 6.63319e+07 4.88561e+07 2.95076e+07 3.99247e+06
3 -3.37732e+06 9.59749e+06 2.41721e+06 5.11194e+06
3.1 2.21996e+06 -1.62205e+07 -5.42966e+06 2.31408e+06
3.2 5.82043e+07 1.09055e+07 -3.14942e+06 -8.75076e+06
3.3 7.83228e+07 7.38201e+07 3.16879e+07 7.89432e+06
3.4 8.17275e+07 8.08753e+07 6.44718e+07 3.82674e+07
3.5 3.70947e+07 4.34137e+07 6.81394e+07 4.41784e+07
3.6 4.28109e+07 2.84454e+07 7.91429e+06 7.0323e+06
3.7 1.00105e+08 3.91149e+07 -9.37498e+06 -1.41104e+07
3.8 1.1704e+08 7.60016e+07 3.64059e+07 2.98848e+06
3.9 -3.2232e+07 5.28073e+07 7.90175e+07 4.53812e+07
4 -1.19287e+08 -4.59506e+07 1.24993e+07 4.62292e+07
4.1 -1.19347e+08 -1.07326e+08 -6.76303e+07 -3.97955e+07
4.2 -1.19349e+08 -1.07345e+08 -8.34888e+07 -4.77074e+07
4.3 -2.69631e+07 -9.6275e+07 -8.35056e+07 -4.77144e+07
4.4 -2.63424e+07 -2.42571e+07 -8.35056e+07 -4.77184e+07
4.5 -3.49797e+07 -1.97766e+07 -1.69749e+07 -3.17223e+07
4.6 -2.72004e+07 -2.59672e+07 -4.74584e+06 -9.92363e+06
4.7 -1.26161e+07 -1.80555e+07 1.30912e+07 -6.00938e+06
4.8 1.19254e+08 4.34117e+07 1.72178e+07 4.76991e+07
4.9 7.75649e+07 1.07335e+08 6.21269e+07 4.77001e+07
5 -2.04437e+07 9.86511e+07 8.34821e+07 9.04874e+06
5.1 -3.06925e+07 -1.31494e+07 4.75109e+07 2.55496e+07
5.2 -3.19564e+07 -6.32762e+07 -1.4368e+07 3.45407e+07
5.3 -1.90748e+07 -5.01424e+07 -3.64241e+07 -1.22727e+07
5.4 6.80467e+06 -1.49066e+07 -7.94321e+07 -2.5248e+07
5.5 3.04786e+07 383497 -1.95408e+07 -4.77276e+07
5.6 3.49313e+07 2.13869e+07 -1.4692e+07 -4.77303e+07
5.7 6.10299e+07 2.68671e+07 1.22915e+07 -9.65396e+06
5.8 7.79941e+07 3.66881e+07 3.78716e+07 -3.12812e+06
5.9 9.64267e+07 9.68918e+07 5.53078e+07 4.77139e+07
6 1.19303e+08 1.07341e+08 7.65909e+07 4.77334e+07
6.1 1.19422e+08 9.87452e+07 8.34883e+07 4.77469e+07
6.2 1.19506e+08 9.55807e+07 8.34899e+07 4.77565e+07
6.3 2.80313e+07 6.27185e+07 4.4446e+07 4.77608e+07
6.4 2.17213e+07 2.25776e+07 2.15652e+07 1.188e+07
6.5 1.34421e+07 6.5892e+06 2.01352e+07 1.14206e+07
6.6 -5.65524e+07 -2.53175e+07 1.42254e+07 1.0919e+07
6.7 -1.19375e+08 -3.77492e+07 -2.30339e+07 1.01591e+07
6.8 -1.19508e+08 -9.82783e+07 -3.5066e+07 8.75094e+06
6.9 -1.19605e+08 -1.07362e+08 -8.07419e+07 2.54149e+06
7 -1.19614e+08 -1.0737e+08 -8.35098e+07 -4.52778e+07
7.1 -1.19629e+08 -1.01266e+08 -6.36129e+07 -4.77655e+07
7.2 -1.1975e+08 -7.62873e+07 -6.7635e+07 -4.77947e+07
7.3 -1.19931e+08 -1.02331e+08 -7.38201e+07 -4.78162e+07
7.4 -1.20083e+08 -1.07371e+08 -7.5965e+07 -4.78313e+07
7.5 -1.20183e+08 -8.72588e+07 -7.3757e+07 -4.7841e+07
7.6 -1.20243e+08 -9.2136e+07 -6.27728e+07 -4.78449e+07
7.7 -1.20281e+08 -1.00871e+08 -6.78869e+07 -3.07212e+07
7.8 -1.20314e+08 -8.54e+07 -6.00272e+07 -1.84935e+07
7.9 -1.20316e+08 -8.09039e+07 -4.39354e+07 -3.64881e+07
8 -2.97508e+07 -5.59017e+07 -5.10203e+07 -2.09158e+07
8.1 -2.90401e+07 -2.54668e+07 -2.23267e+07 -1.19236e+07
8.2 -2.78545e+07 -2.29198e+07 -1.95768e+07 -1.18782e+07
8.3 -2.61446e+07 -2.06985e+07 -1.79496e+07 -1.1801e+07
8.4 -2.44302e+07 -1.71596e+07 -1.61344e+07 -1.1678e+07
8.5 -2.27989e+07 -1.31665e+07 -1.30775e+07 -1.14959e+07
8.6 -2.1423e+07 -1.21864e+07 -5.22115e+06 -1.12266e+07
8.7 -2.03749e+07 -1.32703e+07 -2.08426e+06 -1.08317e+07
8.8 -1.89222e+07 -1.33569e+07 -1.29854e+07 -1.03194e+07
8.9 -1.74501e+07 -1.81826e+07 -1.61836e+07 -9.75499e+06
9 -1.65859e+07 -1.83836e+07 -1.72044e+07 -9.19293e+06
9.1 -1.57458e+07 -1.2622e+07 -1.37011e+07 -8.64692e+06
9.2 -1.46751e+07 -1.28994e+07 -9.95982e+06 -8.10397e+06
9.3 -1.3855e+07 -1.19479e+07 -5.0396e+06 -7.5381e+06
9.4 -1.34112e+07 -1.04649e+07 -6.54585e+06 -6.93399e+06
9.5 -1.29004e+07 -9.00113e+06 -1.12655e+07 -6.31117e+06
9.6 58990 -8.01319e+06 -8.54255e+06 1.66584e+06
9.7 4.6792e+07 1.60795e+06 9.59934e+06 1.85418e+07
9.8 6.14611e+07 4.25063e+07 2.06496e+07 1.87547e+07
9.9 6.90241e+07 8.90138e+07 3.39885e+07 1.88085e+07
10 7.08698e+07 7.21195e+07 8.34956e+07 1.8907e+07
10.1 2.97466e+07 2.68056e+07 5.41077e+07 2.10886e+07
10.2 3.01603e+07 3.2912e+07 1.77104e+07 2.68106e+07
10.3 3.35238e+07 2.69896e+07 4.5976e+06 2.8283e+07
10.4 3.62978e+07 2.39894e+07 6.5653e+06 1.16632e+07
10.5 3.46939e+07 1.77602e+07 2.04263e+07 1.11533e+07
10.6 2.94697e+07 1.74883e+07 2.6487e+07 1.06372e+07
10.7 2.85652e+07 2.95683e+07 1.85013e+07 3.75595e+06
10.8 2.46785e+07 3.22577e+07 1.29082e+07 -1.26002e+07
10.9 2.26654e+07 1.87499e+07 3.3218e+06 -8.73291e+06
11 3.19223e+07 6.34193e+06 -9.22521e+06 7.39564e+06
11.1 3.45146e+07 -6.72945e+06 7.91223e+06 1.00958e+07
11.2 3.89251e+07 2.45906e+07 1.51672e+07 7.78803e+06
11.3 4.51078e+07 4.25169e+07 1.93362e+07 6.02905e+06
11.4 7.33446e+07 7.03547e+07 2.82413e+07 6.78242e+06
11.5 1.04436e+08 5.2091e+07 3.40015e+07 1.13051e+07
11.6 1.19516e+08 8.36002e+07 6.93627e+07 1.33599e+07
11.7 1.19518e+08 1.07346e+08 5.84912e+07 1.51905e+07
11.8 2.96262e+07 5.88679e+07 3.01566e+07 1.75943e+07
11.9 2.92452e+07 2.09086e+07 3.24394e+07 2.90748e+07
12 2.90336e+07 7.32238e+06 2.39002e+07 4.56008e+07
12.1 2.8355e+07 7.97113e+06 2.03472e+07 1.41691e+07
12.2 2.74539e+07 2.75975e+07 1.92116e+07 1.16937e+07
12.3 2.7357e+07 3.82839e+07 1.80867e+07 1.14127e+07
12.4 3.82223e+07 2.99972e+07 1.71197e+07 1.11079e+07
12.5 1.11521e+08 3.85896e+07 2.18559e+07 1.079e+07
12.6 1.19611e+08 7.41991e+07 2.69743e+07 1.04962e+07
12.7 1.19657e+08 1.07356e+08 6.09094e+07 1.03399e+07
12.8 1.19669e+08 1.07361e+08 8.35011e+07 1.28851e+07
12.9 1.1968e+08 8.4558e+07 5.46804e+07 1.5975e+07
13 2.98913e+07 3.55739e+07 2.02292e+07 2.73969e+07
13.1 2.87039e+07 2.54251e+07 2.24717e+07 4.77632e+07
13.2 2.66779e+07 2.39936e+07 4.30001e+07 1.95985e+07
13.3 2.47909e+07 2.35574e+07 2.07599e+07 1.17561e+07
13.4 2.41156e+07 2.34716e+07 1.93154e+07 1.1559e+07
13.5 3.16074e+07 2.32674e+07 1.77117e+07 1.13407e+07
13.6 3.39782e+07 2.31467e+07 1.35393e+07 1.10872e+07
13.7 3.56326e+07 2.31148e+07 9.14691e+06 1.07734e+07
13.8 3.85741e+07 2.38292e+07 1.27233e+07 1.03881e+07
13.9 4.28445e+07 2.79317e+07 1.91006e+07 9.96306e+06
14 4.40105e+07 3.14373e+07 2.34575e+07 9.55396e+06
14.1 2.86895e+07 3.46532e+07 2.48003e+07 5.48847e+06
14.2 2.70449e+07 2.67837e+07 1.77703e+07 -9.78993e+06
14.3 2.65276e+07 2.54629e+07 1.06925e+07 1.29728e+06
14.4 3.14459e+07 2.01379e+07 1.84389e+06 1.03805e+07
14.5 3.16826e+07 1.07979e+07 1.10843e+07 1.17142e+07
14.6 2.98198e+07 8.28571e+06 1.44184e+07 8.57231e+06
14.7 3.36113e+07 2.17983e+07 1.44664e+07 4.0265e+06
14.8 4.01277e+07 3.17467e+07 1.17222e+07 -1.44853e+06
14.9 4.64628e+07 3.58946e+07 1.37981e+07 6.64226e+06
15 8.81404e+07 3.79023e+07 2.06018e+07 9.82588e+06
15.1 9.09917e+07 4.96829e+07 2.78922e+07 1.2655e+07
15.2 2.93101e+07 8.46104e+07 3.50292e+07 1.30326e+07
15.3 2.84352e+07 2.6138e+07 7.11683e+07 1.38346e+07
15.4 2.77504e+07 2.42869e+07 1.97585e+07 1.51828e+07
15.5 2.73448e+07 2.34275e+07 1.38279e+07 1.6465e+07
15.6 2.71364e+07 2.00705e+07 695166 1.70859e+07
15.7 2.67041e+07 1.19764e+07 917740 1.18767e+07
15.8 2.56139e+07 6.75023e+06 1.70659e+07 1.15961e+07
15.9 2.37838e+07 1.70433e+07 2.12442e+07 1.1241e+07
16 -3.72963e+07 1.87314e+07 1.61191e+07 1.08728e+07
16.1 -3.83588e+07 -1.06053e+07 1.07649e+07 1.04707e+07
16.2 -2.95125e+07 -3.16824e+07 -1.66415e+07 -8.01464e+06
16.3 -2.62208e+07 -3.81583e+07 -2.83998e+07 -1.42631e+07
16.4 3.66918e+07 -2.60426e+07 -3.08371e+07 -1.46822e+07
16.5 3.76435e+07 -5.63045e+06 -3.08538e+07 -1.50828e+07
16.6 2.95673e+07 3.72378e+07 -1.40558e+07 -1.54214e+07
16.7 2.89571e+07 4.15024e+07 2.79105e+07 -1.55032e+07
16.8 2.62007e+07 2.63431e+07 4.04188e+07 -1.11733e+07
16.9 1.64812e+07 2.36054e+07 2.04341e+07 -9.42037e+06
17 -3.20481e+07 1.46131e+07 1.32837e+07 1.66239e+07
17.1 -3.28326e+07 -2.61975e+07 -1.58049e+07 1.84316e+07
17.2 -2.88909e+07 -4.04479e+07 -2.10709e+07 2.13524e+07
17.3 -2.14092e+07 -4.19124e+07 -1.21045e+07 1.18317e+07
17.4 -5.96663e+06 -2.39308e+07 -7.63237e+06 1.13148e+07
17.5 1.95344e+07 1.48255e+07 8.81267e+06 1.05678e+07
17.6 3.50474e+07 4.12473e+07 1.88115e+07 4.06113e+06
17.7 3.78079e+07 5.3631e+07 2.59499e+07 -1.4681e+07
17.8 4.14637e+07 3.05956e+07 2.66197e+07 -1.48065e+07
17.9 4.57515e+07 2.58702e+07 1.08433e+07 -1.1059e+07
18 8.08498e+07 2.57772e+07 -1.03739e+07 1.40946e+07
18.1 1.12522e+08 3.70562e+07 1.48909e+07 1.49735e+07
18.2 2.96936e+07 8.28329e+07 3.09727e+07 1.53989e+07
18.3 2.87032e+07 4.26102e+07 8.11794e+07 1.59957e+07
18.4 2.77282e+07 2.55707e+07 3.81387e+07 1.71452e+07
18.5 2.72222e+07 2.51868e+07 1.76566e+07 1.84371e+07
18.6 2.71448e+07 2.45586e+07 5.82064e+06 2.10861e+07
18.7 2.92465e+07 2.27634e+07 -1.58154e+06 1.86656e+07
18.8 2.70253e+07 1.32644e+07 1.84909e+07 1.1661e+07
18.9 2.67166e+07 8.67739e+06 2.58176e+07 1.12833e+07
19 2.6385e+07 2.17923e+07 1.83621e+07 1.09261e+07
19.1 3.03716e+07 3.01397e+07 1.38789e+07 1.0566e+07
19.2 3.4283e+07 3.18568e+07 1.33686e+07 1.01699e+07
19.3 3.80078e+07 2.29693e+07 1.88494e+07 7.82688e+06
19.4 3.915e+07 2.25494e+07 1.93274e+07 -1.12392e+07
19.5 3.89462e+07 2.75029e+07 1.14586e+07 -8.57022e+06
19.6 2.96811e+07 2.8091e+07 -1.03941e+06 8.0897e+06
19.7 2.90368e+07 2.01112e+07 1.22115e+07 1.29017e+07
19.8 2.82307e+07 1.42538e+07 2.01915e+07 1.29387e+07
19.9 2.76184e+07 1.76855e+07 2.35242e+07 1.09429e+07
20 2.72598e+07 2.42475e+07 1.64399e+07 9.27052e+06
20.1 2.69682e+07 2.89192e+07 1.35862e+07 7.41245e+06
20.2 2.66233e+07 2.28423e+07 1.29921e+07 4.94899e+06
20.3 2.61463e+07 1.88211e+07 1.36835e+07 1.85485e+06
20.4 2.30548e+07 1.53216e+07 1.17663e+07 6.49842e+06
20.5 -2.93339e+07 8.82914e+06 9.35058e+06 7.74914e+06
20.6 -3.56403e+07 -2.47771e+07 -3.2323e+06 6.35977e+06
20.7 -2.94718e+07 -3.53263e+07 -1.87677e+07 -7.74876e+06
20.8 -2.54822e+07 -3.71522e+07 -2.70825e+07 -1.23907e+07
20.9 -2.67928e+07 -2.23922e+07 -2.92767e+07 -1.26561e+07
21 -2.65188e+07 -1.95504e+07 -2.06987e+07 -1.29202e+07
21.1 -1.4856e+07 -1.9136e+07 -1.69913e+07 -1.31176e+07
21.2 2.66865e+07 -1.36752e+07 -1.10164e+07 -1.31781e+07
21.3 3.31984e+07 2.2e+07 -1.34691e+06 -1.16911e+07
21.4 3.32668e+07 3.48476e+07 1.86941e+07 -1.09156e+07
21.5 2.97789e+07 3.91556e+07 2.36975e+07 1.17528e+07
21.6 2.9734e+07 2.44455e+07 2.64384e+07 1.56282e+07
21.7 2.78532e+07 2.19241e+07 2.2532e+07 1.68284e+07
21.8 2.18913e+07 2.11819e+07 1.58058e+07 1.76939e+07
21.9 1.46125e+07 1.93096e+07 1.53454e+07 1.81118e+07
22 -1.19677e+07 1.3129e+07 1.71447e+07 1.47893e+07
22.1 -1.597e+07 -1.0976e+07 1.4222e+07 1.17936e+07
22.2 -9.30087e+06 -2.11785e+07 -3.79864e+06 1.15106e+07
22.3 -8.4854e+06 -4.72737e+06 -1.85731e+07 1.09839e+07
