0.1 0 -0.0170348 -0.0249691 -0.0285531 -0.0299322
0.2 0 0.0086459 0.00192908 -0.00548272 -0.00958494
0.3 0 0.00958851 0.023539 0.0289578 0.0298041
0.4 0 -0.00329793 0.00489588 0.0206927 0.0312046
0.5 0 0.0106762 0.00582937 0.00154409 0.0018086
0.6 0 -0.0135244 -0.0169916 -0.030561 -0.0436444
0.7 0 0.0303447 0.0354874 0.0440448 0.0492929
0.8 0 -0.0555573 -0.0556178 -0.0451871 -0.0326623
0.9 0 0.0966742 0.106733 0.100539 0.09061
1 0 -0.0363236 -0.00292207 0.0127971 0.0166152
1.1 0 -0.0574727 -0.104648 -0.0983735 -0.0806411
1.2 0 -0.0340393 -0.103914 -0.177036 -0.217449
1.3 0 0.0207927 0.0375678 0.0065674 -0.0324934
1.4 0 -0.00392813 0.0276658 0.110105 0.17235
1.5 0 0.258868 0.392816 0.467943 0.51877
1.6 0 -0.17964 -0.128151 -0.0996799 -0.116071
1.7 0 -0.0654542 -0.308935 -0.418706 -0.44226
1.8 0 -0.0698589 -0.136459 -0.298217 -0.392089
1.9 0 0.0946676 0.24332 0.360964 0.365356
2 0 0.0592509 0.131167 0.31779 0.505551
2.1 0 -0.0210727 -0.0131942 -0.0908635 -0.141512
2.2 0 0.103621 0.0361251 -0.0848311 -0.248876
2.3 0 -0.606559 -0.841184 -0.882577 -0.792202
2.4 0 0.140135 -0.0380612 -0.167559 -0.23306
2.5 0 0.682596 1.1397 1.27405 1.19277
2.6 0 -0.0389741 0.486943 0.954396 1.31417
2.7 0 -0.220035 -0.65975 -0.609298 -0.457212
2.8 0 -0.209038 -0.600128 -1.39784 -1.8256
2.9 0 0.646414 0.951115 1.10614 0.658293
3 0 -1.44547 -1.50777 -0.974746 -0.122892
3.1 0 0.494663 -0.128342 -0.653147 -0.712838
3.2 0 1.02185 1.73962 1.45233 0.334064
3.3 0 -0.47862 0.0123881 0.70255 1.36526
3.4 0 0.00424926 -0.757832 -0.171791 1.27476
3.5 0 -0.0443837 0.459357 -0.427036 -1.38158
3.6 0 0.598994 0.541098 0.558293 -0.622905
3.7 0 -1.24043 -1.90784 -1.9118 -1.02643
3.8 0 -0.756168 -1.02996 -1.22086 -0.949536
3.9 0 1.34955 1.92013 1.71826 0.791562
4 0 1.4974 1.88516 2.42921 2.62054
4.1 0 -1.5582 -1.06621 -0.273005 1.10038
4.2 0 0.0795872 -0.239387 -0.412148 -0.0374826
4.3 0 0.406683 0.0743821 -0.173771 -1.62096
4.4 0 0.571814 0.671148 -0.0667713 -0.951144
4.5 0 -0.0572479 -0.218337 -0.414336 0.907062
4.6 0 -2.875 -3.325 -2.03836 -1.71142
4.7 0 -0.595239 -0.811544 -2.03369 -2.83842
4.8 0 3.39412 2.18997 1.47981 0.851062
4.9 0 -0.217541 1.92389 1.63939 0.909007
5 0 -2.55301 -1.70515 -0.384233 0.547692
5.1 0 2.01048 -0.933623 1.03351 2.15837
5.2 0 -0.0931349 2.09912 -0.718453 -0.272074
5.3 0 0.416283 1.35264 1.08678 0.399005
5.4 0 1.86674 -0.0651294 3.72631 2.08599
5.5 0 -1.06071 0.574537 -0.923817 0.934011
5.6 0 -3.89484 -3.04541 -5.43361 -2.95106
5.7 0 -0.49823 -5.92946 -3.53707 -6.24095
5.8 0 7.91936 9.46148 7.49751 4.85458
5.9 0 -1.10619 6.31856 4.15062 4.60478
6 0 -5.303 -9.94004 -3.59118 -2.02883
6.1 0 -5.59677 -11.3871 -11.1629 -7.58061
6.2 0 11.3705 15.9166 8.65015 9.65476
6.3 0 0.914125 6.25417 6.08689 2.13876
6.4 0 -9.07399 -14.2481 -4.48777 -9.91296
6.5 0 -0.116742 -3.68414 -5.31223 -2.8707
6.6 0 6.48778 9.98874 0.703952 6.85693
6.7 0 -1.04586 2.59054 0.916616 0.11676
6.8 0 5.40648 1.504 10.4341 5.51514
6.9 0 -10.8734 -10.6101 -7.02783 -8.22004
7 0 -6.72904 -6.0386 -9.53783 -5.38205
7.1 0 10.4377 7.48442 2.14939 5.55826
7.2 0 -6.4414 -4.89295 -7.67951 -8.94857
7.3 0 18.2895 18.9222 23.0906 16.474
7.4 0 -10.3357 -7.48481 -4.14165 -7.49992
7.5 0 0.797225 0.0890184 -0.650945 2.7912
7.6 0 -2.71949 -5.88364 -5.2859 -1.97311
7.7 0 7.44117 8.37134 7.64648 10.8319
7.8 0 -10.145 -7.32759 -7.1692 -6.85419
7.9 0 -0.266419 -2.10421 -1.76488 -0.867443
8 0 11.7817 8.93048 9.22958 9.46685
8.1 0 0.253969 5.47652 4.36491 2.17216
8.2 0 5.65477 4.39307 5.10897 3.88885
8.3 0 7.16889 6.60783 6.05637 5.5266
8.4 0 -12.6736 -13.1886 -13.7038 -14.1987
8.5 0 5.73512 5.26166 4.51273 4.58572
8.6 0 -4.57042 -5.49188 -4.70893 -4.6409
8.7 0 -9.76564 -8.24354 -8.36274 -8.2447
8.8 0 3.78217 3.60524 3.77609 3.86141
8.9 0 -12.9659 -15.289 -15.7273 -15.9951
9 0 -2.49551 -2.04582 -2.62616 -2.93441
9.1 0 0.667833 0.950019 0.708757 0.587374
9.2 0 -5.57332 -5.01788 -5.35522 -5.51711
9.3 0 1.23034 1.90169 1.6462 1.37619
9.4 0 7.72314 7.62424 8.6549 7.78585
9.5 0 -5.17187 -5.86403 -3.77776 -5.11668
9.6 0 -5.25509 -7.01751 -9.01543 -7.56973
9.7 0 14.09 15.5197 12.7479 13.6311
9.8 0 -2.2718 0.236092 -1.83927 -1.71816
9.9 0 12.8186 10.4817 13.828 12.0135
10 0 6.53858 7.72149 10.6038 9.63358
10.1 0 3.14033 3.71892 4.14047 6.03267
10.2 0 -6.58862 -4.88526 -5.83128 -2.72879
10.3 0 -7.1928 -8.71674 -6.64374 -6.56064
10.4 0 5.57417 3.51715 5.66354 5.78587
10.5 0 -0.111919 -0.258574 0.346919 0.773676
10.6 0 -11.8538 -9.23073 -13.3995 -10.8222
10.7 0 6.74369 8.39649 4.69769 6.14068
10.8 0 -14.4274 -16.7323 -14.7783 -17.0572
10.9 0 21.1297 17.1897 20.4815 17.1998
11 0 1.00132 1.98777 2.01724 -0.522882
11.1 0 -2.55855 1.1834 -4.59575 -2.08074
11.2 0 3.40385 3.21635 3.54227 3.35502
11.3 0 -5.30803 -6.27844 -4.85946 -5.63312
11.4 0 6.55315 4.72008 7.86362 6.45257
11.5 0 -3.4231 -1.64816 -1.62426 -1.71779
11.6 0 -12.7002 -9.7343 -10.3098 -9.8607
11.7 0 -2.82703 -7.97504 -6.68961 -5.96453
11.8 0 0.754359 1.17495 -2.68622 -0.384844
11.9 0 -2.24059 -2.08341 -2.19139 -2.51794
12 0 -4.79846 -4.52537 -4.55307 -5.066
12.1 0 1.88368 2.35546 2.45627 1.73705
12.2 0 -6.53808 -6.43881 -5.38519 -6.40612
12.3 0 5.44152 5.27924 7.00423 5.63232
12.4 0 -3.43374 -2.43127 -3.15573 -3.24616
12.5 0 2.73686 1.15712 -0.105943 0.321021
12.6 0 2.76131 1.53724 -0.374161 1.03857
12.7 0 7.96456 9.90513 7.71569 8.01888
12.8 0 2.71134 4.98295 3.13606 3.14523
12.9 0 0.306396 -3.39951 0.962101 -0.981335
13 0 -1.33281 1.01021 3.59452 1.8721
13.1 0 -1.19175 -0.839522 0.730835 0.683155
13.2 0 4.85734 3.20118 1.66315 4.91502
13.3 0 1.27045 2.35573 0.534534 3.58195
13.4 0 3.9458 3.92162 4.97188 4.42436
13.5 0 0.260138 -0.691363 1.50628 0.480822
13.6 0 -1.06948 0.0847362 -0.303108 -0.311477
13.7 0 -1.20072 -0.585498 -0.430511 -0.410916
13.8 0 1.25621 2.41465 3.095 3.14496
13.9 0 3.72951 2.10949 4.02065 4.12489
14 0 -1.11002 -2.91914 -1.12821 -0.92604
14.1 0 2.88389 4.17609 1.90976 3.7314
14.2 0 -0.217423 2.12048 -2.81957 0.353831
14.3 0 -4.22636 -3.84778 -4.54159 -4.83649
14.4 0 -0.706785 -5.20421 -0.854305 -3.56267
14.5 0 -3.04204 -2.26939 -1.18273 -3.51047
14.6 0 -0.728446 3.09185 0.298959 -0.223902
14.7 0 -1.1079 -1.72336 -2.23987 -2.72805
14.8 0 -0.868965 -1.44458 -2.3548 -1.9533
14.9 0 0.0756998 -1.66182 -0.416723 -0.632263
15 0 -1.94693 -2.90726 -3.00098 -2.67466
15.1 0 -3.48847 -1.70438 -3.10875 -3.30754
15.2 0 0.783852 -1.4997 -0.362235 -1.13874
15.3 0 1.96462 2.00589 1.84403 1.78455
15.4 0 -0.339274 -0.134842 -0.380149 -0.414939
15.5 0 -2.68589 -2.36296 -2.66114 -2.67843
15.6 0 -1.63602 -1.26288 -1.57506 -1.58344
15.7 0 -1.68953 -1.33727 -1.62305 -1.6312
15.8 0 1.75414 2.02979 1.80568 1.79037
15.9 0 -0.0817994 -0.231087 -0.212148 -0.238654
16 0 -2.36068 -2.50082 -2.45744 -2.49467
16.1 0 -0.164315 -0.427383 0.178288 -0.185574
16.2 0 2.18053 1.46391 2.95535 2.16583
16.3 0 3.10133 3.17932 3.15904 3.13868
16.4 0 -1.08729 -0.749027 -1.93615 -0.229148
16.5 0 2.41319 2.61477 1.70455 3.38719
16.6 0 -0.248315 -0.761104 0.694671 0.240542
16.7 0 -1.78039 -1.58784 -0.21743 -1.4777
16.8 0 -2.31648 -0.744656 -1.75582 -1.76205
16.9 0 -0.789296 -0.759291 -1.5132 -0.870001
17 0 -2.66854 -3.29759 -3.35736 -3.1278
17.1 0 -1.24174 -2.05596 -1.74037 -1.90946
17.2 0 2.48164 2.30119 2.39381 2.07597
17.3 0 -1.31895 -1.46553 -1.97453 -2.22968
17.4 0 0.160922 0.212643 -0.307911 -0.80324
17.5 0 2.54905 3.19151 2.24331 2.32221
17.6 0 2.30588 3.20918 2.02612 2.12922
17.7 0 1.41027 0.414983 0.16921 0.186755
17.8 0 0.153343 0.189176 -0.476037 -0.562256
17.9 0 -0.147618 0.0971035 0.766023 -0.291485
18 0 0.981404 0.890088 3.12858 1.19829
18.1 0 1.22922 1.57068 3.35465 1.73996
18.2 0 -0.925565 -0.793569 -1.11904 0.317094
18.3 0 -0.134168 -0.562346 -1.63164 0.405235
18.4 0 1.04942 0.731555 1.61706 2.23701
18.5 0 0.429707 0.967269 1.32076 1.93819
18.6 0 -0.735698 -0.0106849 -0.929503 0.529183
18.7 0 2.21449 1.39258 2.66068 1.88654
18.8 0 0.152297 0.198643 0.290829 0.409452
18.9 0 -0.0821486 -0.0104794 0.0353973 0.165615
19 0 0.673738 0.727493 0.750879 0.890497
19.1 0 1.14731 1.15537 1.17473 1.3209
19.2 0 1.00576 0.972016 0.991396 1.14114
19.3 0 0.458166 0.411319 0.421816 0.57219
19.4 0 0.137955 0.110632 0.100037 0.248028
19.5 0 2.05858 2.07032 2.03403 2.1764
19.6 0 1.6895 1.94276 1.908 2.04139
19.7 0 -3.12386 -1.19502 -1.00669 -0.883977
19.8 0 -1.4664 -2.42165 -0.885728 -0.763865
19.9 0 -0.899609 -2.49394 -0.778211 -0.628678
20 0 -1.89499 -2.02524 -3.11747 -1.6548
20.1 0 -0.941534 0.185756 -2.32345 -0.422245
20.2 0 0.506152 1.56772 -1.13699 0.795202
20.3 0 -1.74606 -1.96992 -1.44192 -2.60491
20.4 0 1.13524 0.62941 2.12704 -0.603106
20.5 0 0.19128 -0.383133 1.29338 -1.86124
20.6 0 -0.81625 -1.25736 -0.00152674 -2.77274
20.7 0 -1.0782 -1.41162 -2.20742 -1.64967
20.8 0 -1.4761 -0.47059 -4.21792 -2.1917
20.9 0 1.06166 -0.076553 0.327682 0.310615
21 0 0.941641 0.784839 0.740954 0.699964
21.1 0 1.65196 1.58084 1.53928 1.47851
21.2 0 0.961794 1.06477 1.02258 0.943477
21.3 0 -0.775921 -0.586967 -0.621335 -0.716968
21.4 0 0.394621 0.593659 0.659583 0.51117
21.5 0 -1.15015 -1.2265 -0.540287 -0.992387
21.6 0 -0.878767 -1.16578 0.00145082 -0.681118
21.7 0 0.10681 0.343708 0.377593 0.273879
21.8 0 -0.778545 -0.289374 -0.750522 -0.585044
21.9 0 0.194579 0.272976 -0.301283 0.335931
22 0 -0.572687 -0.953054 -1.60842 0.0786293
22.1 0 -0.387613 -0.957705 -0.802848 -0.0168181
22.2 0 -0.574314 -1.52137 0.431535 -0.801115
22.3 0 -0.279133 0.592865 0.402532 -0.105772
22.4 0 -0.727142 0.870117 -0.216427 -0.236269
22.5 0 0.231132 0.492665 -0.0257461 0.162979
22.6 0 0.191221 -0.482603 -0.228792 -0.155542
22.7 0 0.540873 -0.473628 0.000816423 0.173551
22.8 0 0.351941 0.0402352 0.196785 0.269456
22.9 0 1.91619 2.40157 2.12509 2.0965
23 0 1.24951 2.0386 1.68235 1.57892
23.1 0 -0.551011 -0.386657 0.00219698 -0.242334
23.2 0 -0.230706 -0.41599 -0.0259396 0.107925
23.3 0 -0.807838 -0.969344 -1.04783 -0.547183
23.4 0 -0.0302544 -0.195209 -0.168858 -0.146589
23.5 0 0.530165 0.469538 0.395496 0.291603
23.6 0 -0.995395 -0.820761 -1.0397 -1.23239
23.7 0 -0.54871 -0.573242 -0.700842 -0.900918
23.8 0 0.135693 -0.187367 -0.135113 -0.338806
23.9 0 1.01409 0.720112 0.551828 0.49544
24 0 0.374977 0.135766 -0.220581 -0.153357
24.1 0 0.491895 1.09076 0.593812 0.869694
24.2 0 -0.742493 -0.146451 0.598571 0.41796
24.3 0 -1.76289 -2.62615 -1.53839 -1.58032
24.4 0 -1.31263 -1.45695 -1.69118 -1.40333
24.5 0 -0.657183 0.0929527 -1.123 -0.626916
24.6 0 -0.0486423 0.0921486 0.0626505 -0.395285
24.7 0 1.43383 0.632112 1.33839 0.64552
24.8 0 -0.134787 -0.076064 -0.0992201 -0.129953
24.9 0 -1.22115 -0.887007 -1.18738 -0.94011
25 0 0.203847 0.461636 0.308107 0.452629
25.1 0 0.118879 -0.087254 -0.0213852 0.0981082
25.2 0 -0.323639 -0.490994 -0.572674 -0.473447
25.3 0 1.51045 1.07131 0.540796 0.612076
25.4 0 1.80469 2.40678 1.07941 1.03851
25.5 0 0.861181 1.40239 0.148348 0.0252731
25.6 0 1.34967 0.98013 1.36856 1.14148
25.7 0 0.604909 0.298494 1.53443 1.22524
25.8 0 -0.512686 -0.391839 1.41597 0.579871
25.9 0 -0.691768 -0.374869 1.35278 0.518297
26 0 -0.21612 -0.276814 -0.282544 0.188257
26.1 0 -1.06101 -1.22047 -1.26923 -0.719838
26.2 0 0.487753 0.360052 0.219895 0.82117
26.3 0 0.288227 0.384798 0.0795621 0.703175
26.4 0 -0.506324 -0.375702 -0.724293 -0.109952
26.5 0 0.631661 0.590588 0.482051 0.745273
26.6 0 1.09966 1.03102 0.934667 1.17356
26.7 0 -0.0399528 -0.090519 -0.18734 0.0190769
26.8 0 -0.168285 -0.127441 -0.25388 -0.0867389
26.9 0 -0.566613 -0.520322 -0.628093 -0.50571
27 0 1.46511 1.47092 1.40949 1.48367
27.1 0 2.46216 2.45406 2.43191 2.45712
27.2 0 1.46267 1.45752 1.4723 1.45036
27.3 0 0.221981 0.235654 1.00964 -0.522799
27.4 0 -0.27383 -0.0271089 0.717597 -0.74757
27.5 0 -2.46017 -0.548574 -0.514293 -0.156671
27.6 0 -0.0946196 -0.971401 0.048306 0.776565
27.7 0 -0.478731 -0.711748 -2.04386 -0.0674212
27.8 0 -0.55885 -0.621 -1.92356 -0.6654
27.9 0 0.346882 0.179949 -0.374337 -0.406882
28 0 -1.1876 -1.89888 -1.35168 -1.9871
28.1 0 -1.29829 -1.96557 -1.40474 -2.09691
28.2 0 -0.962872 -0.562747 -0.581563 -1.25557
28.3 0 0.0199258 0.0865193 -0.0444128 -0.659608
28.4 0 -0.557568 -0.452554 -0.65978 -1.20433
28.5 0 0.421319 0.439324 -0.0247698 0.0426218
28.6 0 -0.35835 -0.533945 -0.622314 -0.725379
28.7 0 0.0834565 -0.0633977 -0.148942 -0.248361
28.8 0 -0.187637 -0.300383 -0.384877 -0.481223
28.9 0 0.324311 0.264318 0.173235 0.0793458
29 0 -0.533084 -0.534171 -0.63329 -0.725506
29.1 0 -0.840305 -0.952726 -0.725947 -0.983387
29.2 0 0.419376 0.267762 0.683674 0.328527
29.3 0 1.00661 0.962299 1.30832 0.984455
29.4 0 0.351488 0.676935 0.554239 0.44642
29.5 0 -0.98151 -0.375791 -0.732815 -0.749758
29.6 0 -0.793057 -0.829212 -0.978545 -0.645216
29.7 0 0.172609 -0.352235 -0.785206 0.843976
29.8 0 -0.109927 -0.863137 -0.132596 0.653254
29.9 0 0.0380806 0.164522 0.944773 0.692441
30 0 -1.45725 0.694375 -0.119295 -0.62861
30.1 0 0.815187 0.286952 0.414857 -0.110907
30.2 0 2.50242 0.224892 0.280322 0.0227852
30.3 0 0.907525 1.32735 0.089729 0.0178619
30.4 0 -0.315065 0.958372 0.507746 0.616117
30.5 0 -0.0693815 0.964061 1.04987 1.13889
30.6 0 0.525027 0.0234446 0.977236 1.05742
30.7 0 0.174433 -0.394003 1.18611 1.25854
30.8 0 -0.391787 -0.711312 0.514082 0.787395
30.9 0 -1.33137 -0.703865 -0.441478 0.087555
31 0 0.0307887 0.816045 -1.13523 0.685437
31.1 0 -0.178991 -0.151463 -0.996145 -1.08778
31.2 0 -0.0969252 -1.11224 -1.10153 -1.51514
31.3 0 1.07268 -0.501284 -0.320013 -0.880754
31.4 0 0.907637 0.992455 0.64433 0.04691
31.5 0 -0.0272202 1.59408 0.979707 0.231574
31.6 0 -1.09802 -0.307724 -0.12556 -0.793668
31.7 0 -0.947513 -1.69164 0.162152 -1.00249
31.8 0 -1.3084 -1.80872 -1.58098 -1.81635
31.9 0 0.499394 -0.62012 -1.4267 -1.22878
32 0 0.0677889 0.399777 -1.54103 -1.02297
32.1 0 -0.446263 0.715232 -1.0962 0.117243
32.2 0 0.39279 0.434086 0.816982 1.00908
32.3 0 0.697886 0.0550889 0.876085 0.961597
32.4 0 -0.514383 -0.462263 0.17027 -0.0191608
32.5 0 -0.921116 -0.632938 -0.202522 -0.232949
32.6 0 -0.491846 -0.212179 0.208782 0.148459
32.7 0 0.337002 0.00821925 0.690787 0.620255
32.8 0 0.703148 0.738611 1.1732 1.11332
32.9 0 0.500254 0.908947 0.472459 0.841472
33 0 0.358294 -0.163824 -0.0847738 0.145162
33.1 0 0.208205 0.290261 0.120691 0.223316
33.2 0 0.200647 0.630613 0.325672 0.383778
33.3 0 0.822822 0.349784 0.538011 0.551812
33.4 0 1.02331 1.2101 1.51584 1.27467
33.5 0 1.36619 1.5098 1.81104 1.50588
33.6 0 1.53968 1.22675 1.66288 1.50387
33.7 0 0.383748 0.35335 0.537032 0.548993
33.8 0 0.334167 0.629102 0.542662 0.714583
33.9 0 0.528497 0.506101 0.525176 0.754575
34 0 0.271682 0.559854 0.62764 0.769464
34.1 0 -2.41634 -0.617548 -0.268208 -0.269079
34.2 0 -0.445555 -1.49819 0.20892 0.0916934
34.3 0 -0.338415 -1.62555 -0.332675 -0.418934
34.4 0 -0.540881 -0.387571 -1.66662 -0.974836
34.5 0 0.067959 1.14473 -1.70684 -0.560127
34.6 0 -0.103147 0.917004 -1.90878 -0.792724
34.7 0 0.1575 -0.683063 0.034105 -0.643914
34.8 0 0.0167834 -0.962696 -0.0582367 -0.855081
34.9 0 -0.0105774 -0.971167 -0.020215 -0.866313
35 0 -0.579493 -0.345419 0.00754429 -0.822464
35.1 0 -0.631695 -0.18801 -0.246525 -0.73632
35.2 0 -0.549204 -0.0988628 -0.415339 -0.432659
35.3 0 -0.696036 -0.517987 -0.704425 -0.702845
35.4 0 -0.50718 -0.942109 -0.923622 -0.969717
35.5 0 -0.493243 -0.973645 -0.925963 -0.95926
35.6 0 -0.856112 -0.972776 -1.10528 -1.12601
35.7 0 0.267909 0.19576 0.0432876 0.031836
35.8 0 0.682185 0.592881 0.565222 0.487268
35.9 0 0.276982 0.154286 0.315942 0.13676
36 0 -0.345969 -0.433509 -0.194578 -0.420494
36.1 0 -0.145401 -0.122931 0.0461885 -0.151975
36.2 0 -0.257106 -0.0446602 -0.134978 -0.20525
36.3 0 -1.00247 -0.744824 -1.10586 -0.684556
36.4 0 -0.760541 -0.594151 -1.34089 0.175673
36.5 0 -0.29735 -0.799822 0.236825 0.473259
36.6 0 -0.354353 -0.444032 0.676826 0.110403
36.7 0 1.06434 0.512725 -0.30031 -0.406147
36.8 0 0.366308 1.81696 -0.152093 -0.270281
36.9 0 0.215798 0.639458 0.711757 -0.0947263
37 0 0.95886 -0.464288 0.460062 0.401295
37.1 0 0.0717761 0.665212 0.502079 0.619471
37.2 0 -0.215408 0.703974 0.391 0.496836
37.3 0 0.95423 -0.162493 0.558561 0.649527
37.4 0 0.390296 0.523669 0.623455 0.70839
37.5 0 0.00252345 0.909343 0.622001 0.704108
37.6 0 1.00448 0.107766 0.723778 0.8018
37.7 0 0.201714 0.310241 0.71493 0.798491
37.8 0 -0.0171363 0.666352 0.380124 0.714537
37.9 0 0.655906 -0.125482 0.337561 0.590852
38 0 0.422375 0.0193314 0.321484 0.456698
38.1 0 -0.0367542 0.397899 0.239585 0.383592
38.2 0 -0.200037 0.525719 0.191516 0.334593
38.3 0 0.293356 0.00464312 0.162818 0.292427
38.4 0 0.314783 -0.0454921 0.135044 0.249005
38.5 0 0.158244 0.0902424 0.106543 0.207454
38.6 0 -0.406903 0.22259 0.104852 0.0912786
38.7 0 -1.54148 0.11213 0.448207 -0.528341
38.8 0 -0.229048 -0.466432 -0.36581 -0.609112
38.9 0 0.111745 -0.449613 -0.876244 -0.461414
39 0 0.090491 -0.326492 -0.845776 -0.602067
39.1 0 0.117682 -0.373029 -0.687921 -0.710558
