0.1 0 -0.00999592 -0.0146518 -0.0167548 -0.0175641
0.2 0 0.00506275 0.00111641 -0.00323504 -0.00564306
0.3 0 0.00883673 0.0185114 0.0223607 0.0231142
0.4 0 -0.00988397 -0.00675099 0.00258492 0.00901323
0.5 0 0.0384329 0.0448024 0.0449969 0.0459661
0.6 0 -0.010301 0.00765135 0.0140179 0.012819
0.7 0 -0.0398873 -0.0696918 -0.070694 -0.0657483
0.8 0 0.0302754 0.0122034 -0.0180751 -0.0322757
0.9 0 0.0108807 0.0534447 0.066428 0.0583942
1 0 -0.0219813 -0.0240646 0.0194865 0.0573583
1.1 0 -0.0890331 -0.15693 -0.208324 -0.22309
1.2 0 0.275458 0.346127 0.315308 0.259502
1.3 0 -0.214017 -0.122104 0.00896777 0.0914825
1.4 0 0.0131585 -0.123887 -0.129848 -0.0784003
1.5 0 0.22163 0.279138 0.121283 -0.0311441
1.6 0 -0.412503 -0.416612 -0.336859 -0.31393
1.7 0 0.0291337 -0.248972 -0.263575 -0.143508
1.8 0 0.267876 0.499178 0.335203 0.137668
1.9 0 -0.027578 0.168198 0.427744 0.493572
2 0 0.104779 -0.0119871 0.160341 0.485872
2.1 0 -0.401024 -0.439991 -0.757171 -1.06756
2.2 0 0.552362 0.420768 0.276143 0.0615123
2.3 0 -0.387396 -0.199204 0.106263 0.530867
2.4 0 -0.530449 -0.691375 -0.624983 -0.672948
2.5 0 1.04744 0.8489 0.319904 -0.0807554
2.6 0 -0.571502 -0.10994 0.112082 0.301339
2.7 0 -0.611186 -1.02173 -0.493322 -0.135036
2.8 0 0.760721 0.757619 0.0291008 -0.337351
2.9 0 0.801537 1.33622 1.40478 1.12169
3 0 -1.4174 -1.49467 -0.481475 0.10399
3.1 0 0.48146 -0.0611822 -0.955496 -0.537384
3.2 0 0.710036 1.03591 0.662718 -0.72209
3.3 0 -0.208365 0.272013 1.24852 1.75117
3.4 0 -1.312 -1.88962 -1.94652 -0.353624
3.5 0 -0.332243 -1.27446 -2.35894 -3.91434
3.6 0 1.17028 1.55353 1.83403 0.162525
3.7 0 1.60673 2.4361 1.94128 3.53114
3.8 0 -1.81512 -0.888815 0.683141 1.7053
3.9 0 -0.819387 -1.59227 -1.08844 -0.953308
4 0 1.60104 -0.215926 -1.32883 -1.18969
4.1 0 -0.414301 1.06291 -0.336014 -2.51474
4.2 0 -2.82812 -2.48671 -2.21181 -3.04174
4.3 0 4.49587 3.11738 4.57601 5.1824
4.4 0 -2.0113 -1.19698 -1.05394 -0.169735
4.5 0 -4.75199 -3.57325 -5.02565 -3.48601
4.6 0 -1.6654 -3.38786 -1.46793 -2.97505
4.7 0 17.5959 18.4254 17.1286 17.3535
4.8 0 -18.1973 -16.5817 -16.7366 -15.7687
4.9 0 10.5778 8.84601 10.6968 10.1847
5 0 -9.25405 -11.6968 -12.4426 -11.9551
5.1 0 9.95337 13.2508 9.69747 9.90061
5.2 0 -1.45316 -0.315456 3.28357 0.686312
5.3 0 -1.09213 -3.06962 -0.986418 -1.04124
5.4 0 -7.26296 -7.58645 -10.979 -6.48678
5.5 0 5.73961 5.38902 4.10943 4.7536
5.6 0 -2.14139 -3.43117 -1.68691 -5.44119
5.7 0 9.23562 13.6904 14.7578 12.0025
5.8 0 0.144688 -0.405738 -0.611222 0.407123
5.9 0 -7.73118 -11.108 -11.0804 -7.56165
6 0 -3.15384 -1.60035 -3.67592 -2.02639
6.1 0 2.99411 2.46172 3.24067 2.30465
6.2 0 0.0517547 -0.103238 2.33282 -2.2123
6.3 0 7.63718 9.37088 6.97347 8.14378
6.4 0 -2.09371 -0.371249 -0.604975 1.26775
6.5 0 1.37115 -1.53274 1.17478 2.34554
6.6 0 2.23309 1.29065 1.11714 1.10773
6.7 0 -7.93224 -5.84719 -7.67977 -8.26955
6.8 0 0.109095 -0.422933 -0.894311 -1.44583
6.9 0 3.08598 1.86423 2.87416 1.63353
7 0 -0.762793 -0.0292358 -0.947978 -0.383566
7.1 0 -4.14287 -3.83179 -3.6867 -3.20852
7.2 0 -6.0092 -7.97575 -7.20626 -8.12943
7.3 0 0.35813 1.19298 -0.0319954 0.271294
7.4 0 1.39362 2.30347 1.70088 1.54952
7.5 0 1.33112 1.6223 1.90741 1.37401
7.6 0 4.22244 3.16757 4.83279 3.88262
7.7 0 -3.23452 -3.16739 -3.38268 -3.09897
7.8 0 -3.9293 -3.32714 -4.88285 -2.98575
7.9 0 -1.49073 -3.07311 -3.02624 -2.51951
8 0 4.64433 3.73739 4.71127 3.22588
8.1 0 2.80512 4.02615 4.66639 3.07928
8.2 0 0.716026 2.48039 1.57604 1.22749
8.3 0 1.62333 1.55217 1.60656 2.71306
8.4 0 -1.9662 -2.90142 -1.48001 -0.459566
8.5 0 0.704899 1.44531 -0.326535 2.09595
8.6 0 1.42302 1.52237 2.3815 1.53009
8.7 0 0.0941877 -0.0510765 0.582652 0.260745
8.8 0 1.1685 1.53479 1.08541 1.27943
8.9 0 0.641341 1.0233 0.42767 0.681955
9 0 -4.68171 -4.7749 -4.74303 -4.78989
9.1 0 3.49639 2.75176 3.46018 2.82401
9.2 0 0.0022712 -0.438366 0.00304909 -1.23093
9.3 0 1.12131 1.74074 0.0999626 0.570067
9.4 0 2.45096 2.01792 1.89325 2.21514
9.5 0 2.17285 3.38807 4.58972 4.30531
9.6 0 -3.86954 -3.97511 -2.90884 -2.67317
9.7 0 0.0525897 -0.183874 -0.543222 0.221071
9.8 0 1.44513 0.141847 -0.0217089 0.351048
9.9 0 -2.42283 -1.45878 -3.3181 -2.34759
10 0 -1.10883 -0.887949 0.382745 -1.39286
10.1 0 -3.7671 -4.01997 -3.37534 -4.76122
10.2 0 -1.35759 -3.57992 -5.69342 -4.13367
10.3 0 0.696046 1.32061 1.28695 0.494209
10.4 0 0.132995 1.46544 1.35548 0.805479
10.5 0 0.787499 1.38257 2.72533 1.49199
10.6 0 0.472036 -0.165192 1.14604 0.42724
10.7 0 -1.24605 -1.34451 -2.6461 -0.455942
10.8 0 -0.853101 -0.938957 -2.24944 -0.131889
10.9 0 2.37363 1.95374 2.62579 2.85669
11 0 -1.57323 -1.6982 0.326589 -1.62573
11.1 0 -0.337674 1.37829 0.502288 -0.120262
11.2 0 0.596008 0.568986 -0.21184 0.073639
11.3 0 0.367688 -0.836835 -0.908271 -0.507197
11.4 0 -0.718778 -1.59029 -1.5037 -1.32744
11.5 0 0.757672 -0.319711 -0.548256 -0.667425
11.6 0 -0.0916531 0.665198 -0.0668119 -0.562553
11.7 0 -0.221014 0.312912 0.555188 0.166236
11.8 0 0.0971413 0.878351 2.63267 1.44933
11.9 0 1.30164 2.50844 1.86184 2.22803
12 0 -0.891311 -1.47359 -2.02898 -1.0487
12.1 0 1.87177 0.635161 0.71946 1.59488
12.2 0 0.782706 0.490619 0.968143 1.28356
12.3 0 0.859678 1.82963 1.7191 1.67885
12.4 0 0.705939 1.61625 1.27235 1.38544
12.5 0 0.429334 0.324991 0.831706 0.699965
12.6 0 -0.510536 -0.239268 -0.0856484 0.0612983
12.7 0 -0.447099 0.656939 0.995195 1.29901
12.8 0 1.53273 0.202513 0.503429 1.57103
12.9 0 -0.0110606 -2.63056 -2.14299 -1.44609
13 0 -2.45323 -0.362383 -2.54023 -2.65761
13.1 0 -1.60273 -0.413937 -0.390912 -2.90561
13.2 0 -0.566813 -2.47168 -0.423338 -3.05047
13.3 0 0.679406 0.156178 -1.97677 -0.445326
13.4 0 0.82875 1.21081 0.79187 0.945898
13.5 0 0.501967 0.927671 0.907585 1.0859
13.6 0 -0.240544 -0.356471 0.414731 1.04934
13.7 0 -1.05515 -1.33929 0.032132 0.35379
13.8 0 -1.30585 -0.352701 -1.26416 -0.323783
13.9 0 -1.54101 -1.33694 -1.41326 -1.76241
14 0 -0.335958 -0.892285 -0.568502 -1.1363
14.1 0 0.178301 -0.447199 -0.344489 -0.763233
14.2 0 1.08389 1.48195 0.702788 0.760548
14.3 0 -0.306749 -0.573084 -0.67151 -0.975739
14.4 0 1.49353 0.160308 0.0989124 -0.304056
14.5 0 0.551401 0.908642 0.47207 0.288297
14.6 0 -0.238425 0.311883 0.35343 0.506241
14.7 0 0.544031 0.705576 2.49736 1.65129
14.8 0 0.0318542 1.92736 0.97729 1.43481
14.9 0 0.349298 0.188376 -0.251588 0.674538
15 0 1.67239 0.644342 1.67758 2.09973
15.1 0 -0.469018 -0.582462 -0.591544 -0.186689
15.2 0 -1.11903 -0.0743831 -0.37096 0.154515
15.3 0 -1.9711 -1.3242 -1.59254 -0.944063
15.4 0 2.55748 0.143376 0.62178 1.37931
15.5 0 0.0937405 0.15695 -0.0925478 -0.594651
15.6 0 -0.12526 1.30762 0.76668 -0.162929
15.7 0 -1.21192 -1.03029 -0.288834 -2.00358
15.8 0 -0.210348 -0.782001 -0.707587 -0.794672
15.9 0 0.123135 -0.762576 -0.932688 -0.762067
16 0 -0.75508 -0.50362 -1.40551 -1.14253
16.1 0 0.343359 -0.00685701 -0.00316177 -0.141937
16.2 0 1.04529 0.413994 0.534012 0.341007
16.3 0 -0.715055 -0.13081 -0.00505911 0.176957
16.4 0 -0.805157 -0.0476914 0.0320571 0.318555
16.5 0 -0.134555 0.130635 0.418064 0.584571
16.6 0 1.1176 0.462665 0.826884 1.16771
16.7 0 -0.0959144 -0.128411 -0.527326 -0.144739
16.8 0 0.644031 0.913585 0.581294 0.582044
16.9 0 0.0364872 0.400073 0.777955 -0.0217962
17 0 -0.119182 -0.172073 0.139585 -0.224049
17.1 0 0.134484 0.0721965 -0.125949 0.126242
17.2 0 1.03118 0.896275 0.596349 1.04388
17.3 0 0.0765987 0.118797 0.187163 0.341994
17.4 0 -1.10888 -0.51786 -0.191283 -0.277441
17.5 0 -1.32657 -0.729354 -0.319797 -0.514011
17.6 0 1.28016 -0.359683 -0.294843 -0.0975886
17.7 0 0.139186 -0.255498 -1.00365 -0.906157
17.8 0 -0.248419 1.12833 0.338741 -0.00860825
17.9 0 -0.421289 -0.510808 0.0329624 -0.506158
18 0 0.169521 -0.917775 0.184235 0.0294899
18.1 0 -0.387201 -0.192364 -1.23733 -0.0296942
18.2 0 0.388838 0.937701 0.251066 0.550227
18.3 0 0.861311 0.708608 2.0954 0.745764
18.4 0 -0.422837 -0.104989 0.197099 -0.0579114
18.5 0 -0.552536 -0.523902 -1.45506 -0.145807
18.6 0 -0.16047 -0.539225 -0.855678 -0.350926
18.7 0 -1.07838 -1.63855 -1.01336 -1.80465
18.8 0 0.446487 0.0495772 0.0596999 -0.837827
18.9 0 0.519851 1.28482 0.438801 0.0610773
19 0 -0.252508 -0.227513 -0.228821 -0.0172133
19.1 0 1.60445 1.45457 1.92444 2.07599
19.2 0 -0.743149 -0.635454 0.0558013 0.0611637
19.3 0 -0.550508 0.306222 -0.39364 0.312618
19.4 0 0.581971 0.224361 0.241529 0.824113
19.5 0 0.392697 -0.224713 0.334749 0.376771
19.6 0 0.221308 0.412665 0.308841 0.520621
19.7 0 -0.629681 -0.0819237 -0.283381 -0.259963
19.8 0 -0.149821 0.118053 0.467293 -0.416185
19.9 0 0.302066 0.261317 0.370347 -0.311546
20 0 0.345956 -0.320131 -1.01203 0.0371048
20.1 0 0.349488 0.0709453 0.0613566 0.308545
20.2 0 -0.238335 0.422051 0.849189 0.184569
20.3 0 -0.782396 -0.404769 -0.260472 -0.580695
20.4 0 -0.507683 -0.706383 -0.709432 -0.544336
20.5 0 -0.766972 -1.58198 -1.78194 -1.28022
20.6 0 0.011838 -0.100269 -0.703974 -0.495037
20.7 0 1.86792 1.07976 1.13114 0.688355
20.8 0 -0.177665 0.804682 0.534295 -0.147475
20.9 0 -0.965243 0.184197 0.863077 0.148811
21 0 0.926206 0.000825734 0.677762 1.45358
21.1 0 -0.202192 -0.589838 -1.35048 0.248713
21.2 0 -0.910143 -0.49404 -1.11332 -0.352264
21.3 0 0.391731 0.130808 1.20197 -0.294839
21.4 0 0.704061 0.856752 0.934902 -0.186586
21.5 0 -0.710118 -0.255825 -1.08938 -1.25479
21.6 0 0.266716 -0.366242 -0.650654 -0.0392546
21.7 0 -0.248642 -0.852978 -0.261689 -0.0220309
21.8 0 -0.0767998 0.17988 0.380384 0.594742
21.9 0 0.492678 1.27134 1.00497 1.15004
22 0 0.453767 0.683791 0.854865 0.807299
22.1 0 0.494754 0.740565 0.843396 0.830195
22.2 0 -0.863947 -0.554446 -0.143334 -0.234274
22.3 0 0.015294 -0.709319 -0.694588 -0.506156
22.4 0 0.282102 -0.323687 -0.53011 -0.432956
22.5 0 -0.750426 -0.249215 -0.996541 -1.03305
22.6 0 -0.455622 -0.519137 -0.372137 -0.936726
22.7 0 0.242408 -0.133281 0.0739635 -0.228232
22.8 0 0.301399 -0.0537258 -0.128311 -0.140058
22.9 0 -0.198465 0.101279 -0.763853 0.00396695
23 0 -0.603283 -0.57279 -0.0295524 -0.247052
23.1 0 0.108451 -0.0103899 0.723028 0.351969
23.2 0 0.604732 0.909432 0.637058 0.811742
23.3 0 0.574833 0.922328 0.486809 0.794336
23.4 0 0.662871 0.350617 1.03367 0.887019
23.5 0 0.638447 0.912924 0.80121 0.98002
23.6 0 -1.1113 -0.0772693 -0.133194 0.0254301
23.7 0 -0.87068 -1.17486 -0.651962 -0.563895
23.8 0 0.57556 -0.338851 -0.237706 -0.273689
23.9 0 0.415888 -0.139935 -0.500265 -0.493153
24 0 -0.371235 0.486741 -0.528084 -0.628269
24.1 0 -0.447829 -0.309581 -0.0828546 -0.725973
24.2 0 -0.385469 -0.986546 -0.424529 -0.83089
24.3 0 -0.263377 -0.526282 -0.571404 -0.435109
24.4 0 0.194929 -0.285747 -0.923515 0.184493
24.5 0 0.234225 0.602412 0.0371611 0.132672
24.6 0 0.245142 0.416354 1.57456 0.143906
24.7 0 -0.509309 -0.215797 0.221892 0.0319243
24.8 0 0.0940679 0.707399 -0.114412 0.61404
24.9 0 0.53203 -0.076962 -0.152161 0.433051
25 0 -0.0413846 -0.705864 -0.275619 -0.172609
25.1 0 -0.111323 -0.12557 0.0253885 0.0573953
25.2 0 -0.603113 0.161642 -0.32353 -0.234352
25.3 0 -0.811641 -0.374845 -0.174271 -0.611531
25.4 0 0.880906 0.467497 1.0305 0.608098
25.5 0 0.904659 0.78418 0.411816 0.714162
25.6 0 0.45725 0.685374 0.228109 0.598352
25.7 0 0.993011 0.944422 1.13351 1.06976
25.8 0 1.11047 0.947608 1.41919 1.13394
25.9 0 0.13824 0.710723 0.632168 0.645628
26 0 -1.02909 0.689029 0.715862 0.907681
26.1 0 -0.122788 -1.01707 -0.327909 0.150655
26.2 0 0.722336 -1.30316 -0.681068 -0.543442
26.3 0 -0.0314664 0.222127 -1.06304 -0.678568
26.4 0 -0.754876 0.857934 -1.17412 -0.8218
26.5 0 -0.219732 -2.32967 -0.344729 -1.7787
26.6 0 -1.42919 -0.840701 -0.13728 -1.61977
26.7 0 -1.4213 -0.213161 -1.20238 -0.915187
26.8 0 -0.588416 -0.974537 -1.49539 -1.11421
26.9 0 0.632842 -0.663956 -0.267868 -0.030667
27 0 0.28211 0.314908 0.103941 0.526197
27.1 0 -0.404822 0.000954415 -0.245428 0.228608
27.2 0 -0.657786 -0.226459 0.160905 -0.257719
27.3 0 -0.934556 -0.787938 -0.0440484 -0.568152
27.4 0 0.21221 -0.0654006 -0.608154 0.221232
27.5 0 1.77954 0.569078 -0.0259237 0.223943
27.6 0 1.01445 0.903732 1.17914 0.12347
27.7 0 0.107649 0.727078 0.704258 0.369497
27.8 0 -0.0154797 0.595274 0.643051 0.654194
27.9 0 -0.259599 0.0225339 0.727783 0.464233
28 0 -0.074912 0.094172 -0.188551 0.288317
28.1 0 0.960726 0.742638 0.300339 1.03037
28.2 0 0.15097 -0.0912263 0.522541 0.698994
28.3 0 -0.0236963 0.318278 0.226198 0.395824
28.4 0 -0.381789 0.189965 -0.112077 0.151171
28.5 0 -0.363967 -0.013363 0.0359532 0.123182
28.6 0 0.472772 0.0983153 0.531949 0.565365
28.7 0 0.650078 0.094165 0.537108 0.461962
28.8 0 -0.423579 0.136692 0.0910013 -0.359059
28.9 0 0.0966638 -0.169481 -0.393289 -0.570207
29 0 -0.383907 -0.587296 -0.993752 -1.03311
29.1 0 -0.440107 -0.669052 -1.03619 -1.06567
29.2 0 0.0678333 -0.288633 0.00246628 -0.263268
29.3 0 -0.385066 0.0901061 -0.189478 -0.192293
29.4 0 -0.251814 -0.0664264 -0.143988 -0.100381
29.5 0 0.156102 -0.241256 -0.0146569 0.100142
29.6 0 -0.0290555 -0.34178 -0.222224 -0.0171562
29.7 0 -0.0892028 -0.19981 -0.151045 -0.222361
29.8 0 -0.102475 0.0857127 -0.148152 -0.289847
29.9 0 0.272096 0.498624 -0.0731299 -0.183767
30 0 0.283628 0.158969 0.567535 0.368568
30.1 0 0.259266 0.175729 0.758068 0.648596
30.2 0 -0.404005 -0.00477726 -0.234957 0.198388
30.3 0 0.409507 0.546001 0.280254 0.805022
30.4 0 0.139316 -0.147745 0.387254 0.326116
30.5 0 0.457852 0.66341 0.691266 0.662482
30.6 0 -0.497306 0.315212 0.159486 -0.26058
30.7 0 0.154978 -0.372058 -0.297085 -0.370761
30.8 0 0.277408 -0.40313 -0.443829 -0.170892
30.9 0 -0.281874 -0.163637 -0.503887 -0.341913
31 0 -0.82419 -0.46018 -0.437841 -0.675636
31.1 0 -0.499115 -0.59578 -0.370062 -0.677039
31.2 0 -0.308697 -0.724587 -0.680188 -0.7211
31.3 0 0.499955 -0.378699 -0.75805 -0.575057
31.4 0 0.0847078 0.67197 -0.343728 -0.16948
31.5 0 -0.0540595 -0.0123604 0.689872 0.0950801
31.6 0 0.352569 0.261681 1.29091 0.811773
31.7 0 0.283465 1.07103 0.565944 0.98827
31.8 0 0.489383 0.810237 0.426813 0.958831
31.9 0 0.683094 0.148597 1.01203 1.06558
32 0 0.374775 0.652572 0.493495 0.869085
32.1 0 -0.828422 0.338502 0.150864 0.597121
32.2 0 -0.457546 -0.79971 -0.238245 0.138399
32.3 0 0.23763 -0.651217 -0.382503 -0.648173
32.4 0 -0.0545619 -0.608125 -0.806263 -1.10443
32.5 0 -0.448832 0.210328 -0.802569 -0.942045
32.6 0 -0.273281 -0.490381 -0.641543 -1.05896
32.7 0 -0.410289 -0.957937 -0.52655 -1.26877
32.8 0 -0.245924 -0.110095 -0.320113 -0.52728
32.9 0 0.30157 0.24192 0.0248675 -0.197987
33 0 0.636992 0.495321 -0.109588 0.0733404
33.1 0 0.539626 0.746415 0.908375 1.31866
33.2 0 -0.347938 0.0925407 1.08871 1.11417
33.3 0 -0.460188 -0.140702 0.497454 0.840744
33.4 0 0.108341 0.257598 -0.106403 0.738505
33.5 0 0.53969 -0.189 -0.903577 0.14819
33.6 0 0.118991 -0.0233632 0.350347 -0.541773
33.7 0 -0.894538 -0.109675 0.0161292 -1.13394
33.8 0 -0.0857656 -0.352497 -0.535445 -0.970483
33.9 0 0.708623 -0.235983 -0.4877 -0.593755
34 0 -0.266952 -0.0629113 -0.424188 -0.00390954
34.1 0 -0.183987 0.11845 0.386597 0.550967
34.2 0 -0.155826 0.0806979 0.527475 0.641777
34.3 0 -0.318363 -0.104388 -0.0240398 0.282234
34.4 0 0.495438 0.27823 0.186587 0.443354
34.5 0 0.588036 0.367063 0.31201 0.316505
34.6 0 0.191121 0.378648 0.497124 -0.144033
34.7 0 0.163205 0.505819 0.365395 0.169043
34.8 0 0.0636401 0.304485 0.0811295 0.371606
34.9 0 -0.286673 -0.0956075 0.35786 0.599908
35 0 0.00972993 -0.854379 -0.374312 0.124107
35.1 0 -0.123456 -0.22468 -0.428047 -0.492848
35.2 0 -0.464472 0.164933 -0.472065 -0.72097
35.3 0 -0.0193084 -0.0515054 -0.299795 -0.601638
35.4 0 0.196656 -0.529313 -2.36875e-05 -0.520061
35.5 0 -0.236282 0.0327477 -0.120105 -0.33288
35.6 0 -0.210871 0.05163 -0.303648 -0.111556
35.7 0 -0.0326831 -0.216933 -0.548633 0.314855
35.8 0 -0.276741 -0.849934 -0.177818 -0.301136
35.9 0 0.0399833 -0.215609 0.225987 -0.376097
36 0 -0.00499001 0.979322 -0.24187 0.00550705
36.1 0 0.137 0.0412566 0.405697 0.264991
36.2 0 0.268278 -0.16474 0.486209 0.328836
36.3 0 0.0700366 0.0830886 -0.0732486 0.253184
36.4 0 0.32117 0.650387 0.175334 0.609132
36.5 0 0.246841 0.429788 0.880225 0.645651
36.6 0 0.19226 0.0572971 0.397944 0.302613
36.7 0 0.0348606 0.294414 0.0583262 0.228428
36.8 0 0.326148 0.66427 0.326322 0.513512
36.9 0 -0.517923 -0.161179 0.316724 -0.0807927
37 0 0.30766 -0.470344 -0.0762349 -0.126265
37.1 0 0.172188 -0.226631 -0.473486 -0.178481
37.2 0 -0.397477 -0.0811593 -0.718348 -0.486743
37.3 0 -0.043038 -0.0850232 -0.143026 -0.339161
37.4 0 -0.164908 -0.459038 0.03008 -0.511925
37.5 0 -0.763058 -0.368088 -0.537596 -0.613199
37.6 0 -0.371627 -0.505148 -0.693111 -0.503762
37.7 0 -0.364333 -0.630598 -0.661758 -0.468168
37.8 0 -0.217629 -0.109454 -0.330715 -0.246424
37.9 0 0.434157 -0.0271026 0.0060771 -0.165911
38 0 0.620102 0.428354 0.17324 -0.174794
38.1 0 0.0612156 0.179545 0.461903 0.321465
38.2 0 -0.118556 0.237402 0.435882 0.466059
38.3 0 -0.0956234 0.303954 0.393107 0.543371
38.4 0 0.271346 0.351429 0.471126 0.666122
38.5 0 0.631232 0.306679 0.18072 0.659892
38.6 0 0.183161 0.261472 0.191406 0.428667
38.7 0 -0.0618625 0.122142 0.289981 0.330902
38.8 0 -0.109082 0.250045 0.244146 0.123821
38.9 0 -0.00657133 0.154013 0.428795 -0.133736
39 0 0.103285 0.126025 0.0982079 -0.0822299
39.1 0 0.0709329 -0.257614 -0.582341 0.0975864
39.2 0 0.0977027 -0.475831 -0.347466 -0.323159
39.3 0 -0.345424 -0.117313 -0.242054 -0.454749
39.4 0 -0.410964 -0.107531 -0.165581 -0.491852
39.5 0 -0.0943055 -0.385674 -0.240224 -0.368253
39.6 0 0.0296757 -0.281172 -0.31693 -0.271977
39.7 0 -0.333253 0.0840211 -0.26129 -0.18543
39.8 0 -0.176191 -0.202261 -0.0706176 -0.042905
39.9 0 0.106872 -0.339387 0.00595239 0.0981707
40 0 0.379161 0.283483 -0.0764621 0.046233
