0.1 -3.03113e-05 -1.41182e-05 -6.37719e-06 -2.45402e-06
0.2 -0.000112813 -7.16626e-05 -4.01598e-05 -1.76783e-05
0.3 -0.000192039 -0.000153424 -0.000103818 -5.15627e-05
0.4 -0.000231606 -0.000192104 -0.000142352 -7.63337e-05
0.5 -0.000243177 -0.000180514 -0.000120765 -6.17175e-05
0.6 -0.00022821 -0.000162154 -9.60136e-05 -4.19944e-05
0.7 -6.45591e-05 -8.908e-05 -7.73825e-05 -4.34334e-05
0.8 5.04007e-06 2.79789e-05 7.59469e-06 -4.72113e-06
0.9 -0.000283715 -9.32447e-05 9.59308e-06 2.76996e-05
1 -0.000444507 -0.000402178 -0.000258395 -0.00011477
1.1 -0.000396477 -0.000425996 -0.000412225 -0.000255574
1.2 -0.000469889 -0.000271294 -0.000154797 -8.37277e-05
1.3 -0.000482303 -0.000280765 -5.05378e-05 4.60671e-05
1.4 -0.000159717 -0.000240506 -0.000267174 -0.00016919
1.5 0.000154284 2.62841e-05 -0.000101449 -0.000124456
1.6 0.000889605 0.000619314 0.000500145 0.000314313
1.7 0.00129151 0.0012237 0.000883438 0.000464688
1.8 -0.000520781 0.000193555 0.000346841 0.000188097
1.9 -0.00202963 -0.00198851 -0.00128287 -0.000550144
2 -0.000718276 -0.0015996 -0.00179536 -0.00112836
2.1 0.00150873 0.0013675 0.000749356 0.000188749
2.2 0.00497019 0.00365337 0.00383826 0.0025622
2.3 0.00927108 0.00531448 0.00432726 0.00279652
2.4 0.00878262 0.0056953 0.00323154 0.00151097
2.5 0.00235127 0.00223252 0.00200501 0.00136393
2.6 -0.00210623 -0.002019 -0.000746641 0.000356479
2.7 -0.00618481 -0.00356132 -0.00413742 -0.00278806
2.8 -0.0152257 -0.00620343 -0.00515741 -0.00399059
2.9 -0.018348 -0.0118227 -0.00472492 -0.00279956
3 -0.0158595 -0.0125885 -0.00554459 -0.00335343
3.1 -0.0149727 -0.00852385 -0.00496262 -0.00405916
3.2 -0.0135105 -0.0085972 -0.00155307 -0.00105061
3.3 -0.0123145 -0.00830141 -0.000969047 0.00122286
3.4 -0.00550782 -0.00311546 -0.00269767 -0.00174035
3.5 0.0063635 0.00189509 -0.00090066 -0.00281663
3.6 0.00736985 0.00517179 0.00398247 0.00286149
3.7 0.000382806 0.00400986 0.0063816 0.00682813
3.8 -0.0029512 -0.00240499 0.00153689 0.00314708
3.9 -0.0106649 -0.00852841 -0.00614609 -0.00384603
4 -0.0240092 -0.0140714 -0.0095089 -0.00753522
4.1 -0.0343549 -0.0194023 -0.0103682 -0.00657795
4.2 -0.0503837 -0.019508 -0.0110426 -0.0063364
4.3 -0.0722494 -0.0172114 -0.0103051 -0.00741192
4.4 -0.0710902 -0.0181261 -0.00951665 -0.00588893
4.5 -0.0463118 -0.0155306 -0.00887881 -0.00516687
4.6 -0.0152289 -0.00534838 -0.00633321 -0.00587695
4.7 0.0301961 0.00642545 0.000841436 -0.00125786
4.8 0.0723788 0.0175119 0.0138059 0.00784858
4.9 0.0961446 0.0273763 0.0263277 0.0146296
5 0.129783 0.0332513 0.033313 0.0163628
5.1 0.173691 0.0340655 0.0339825 0.0154738
5.2 0.207838 0.0317982 0.0307442 0.0146349
5.3 0.231777 0.0311102 0.0303174 0.0137765
5.4 0.228935 0.0321869 0.0323381 0.0146129
5.5 0.193485 0.0291185 0.0310356 0.0155475
5.6 0.153298 0.0207153 0.0256757 0.0116412
5.7 0.10807 0.0119271 0.0171408 0.00524581
5.8 0.037118 0.00655323 0.00524554 0.000916249
5.9 -0.0566131 -0.00412844 -0.00474539 -0.00208899
6 -0.144255 -0.0265007 -0.00953236 -0.00566018
6.1 -0.180246 -0.0469421 -0.0141226 -0.0079852
6.2 -0.180585 -0.0577426 -0.0179487 -0.00778306
6.3 -0.202059 -0.0614592 -0.017129 -0.00730928
6.4 -0.22849 -0.0595281 -0.0152082 -0.00688566
6.5 -0.225226 -0.057173 -0.0147325 -0.00592349
6.6 -0.21779 -0.0558302 -0.0133571 -0.0057005
6.7 -0.228405 -0.0565816 -0.0130667 -0.00557403
6.8 -0.219703 -0.0585288 -0.0154079 -0.00604963
6.9 -0.173811 -0.0543446 -0.0145906 -0.0070329
7 -0.127708 -0.0461456 -0.00870577 -0.00482558
7.1 -0.0948824 -0.0363526 -0.00301332 -0.0006255
7.2 -0.0767479 -0.0218727 -0.00108772 0.000945953
7.3 -0.0895337 -0.00698776 -0.00179741 -0.000778274
7.4 -0.117629 -0.00239761 -0.00169883 -0.00208028
7.5 -0.132669 -0.0106276 -0.00111401 -0.000610726
7.6 -0.124997 -0.0206619 -0.00325026 0.000184003
7.7 -0.099104 -0.0234723 -0.00760719 -0.00266742
7.8 -0.0662326 -0.0204357 -0.0112099 -0.0056065
7.9 -0.0294413 -0.0171515 -0.010976 -0.00496542
8 0.00390568 -0.0115032 -0.00622571 -0.00233374
8.1 0.0296578 0.00243711 0.0010073 0.000353234
8.2 0.0680772 0.0191963 0.0100464 0.00320163
8.3 0.136631 0.0253409 0.0222589 0.00673913
8.4 0.211183 0.0237987 0.0313619 0.0124563
8.5 0.246779 0.0300909 0.0304278 0.0176254
8.6 0.236025 0.0313123 0.0293866 0.0160984
8.7 0.205966 0.0135013 0.0293504 0.0119411
8.8 0.167806 -0.000641665 0.0160791 0.0117261
8.9 0.114797 0.00117068 -0.0030816 0.00898407
9 0.0519118 0.00308741 -0.00641883 -0.00217208
9.1 0.0045564 -0.00118823 0.00143475 -0.00748018
9.2 -0.00766487 -0.00345363 0.000662733 0.00367677
9.3 -0.00154806 -0.00247627 -0.00360312 0.0125158
9.4 -0.000360002 -0.000917892 0.000488142 0.00495547
9.5 0.00577055 0.00238572 0.00421801 -0.00410832
9.6 0.0316268 0.00650569 0.00105063 -0.000758714
9.7 0.056653 0.00805394 0.000962302 0.00677085
9.8 0.0567581 0.00779288 0.00929456 0.00767816
9.9 0.0384858 0.0097609 0.0174225 0.00493405
10 0.0115819 0.0126549 0.0175903 0.00538354
10.1 -0.0199102 0.00806403 0.0113621 0.00824791
10.2 -0.0515276 -0.00699568 0.00225343 0.00754291
10.3 -0.0815433 -0.0240612 -0.00792751 3.12485e-05
10.4 -0.105189 -0.0397944 -0.0134503 -0.00907337
10.5 -0.120541 -0.0520563 -0.0129531 -0.00890317
10.6 -0.126058 -0.0507833 -0.0116512 -0.00104956
10.7 -0.110245 -0.0362346 -0.00888051 0.000985457
10.8 -0.0680677 -0.0182422 -0.00406448 -0.00411949
10.9 -0.0137552 -0.00309642 -0.00167621 -0.00535283
11 0.0299522 0.00591821 -2.23369e-05 0.000480652
11.1 0.0517646 0.00900573 0.00651712 0.00678807
11.2 0.0620628 0.00983405 0.015858 0.00956577
11.3 0.0694963 0.0115932 0.0220879 0.00967896
11.4 0.0692174 0.0141491 0.0224578 0.00934936
11.5 0.063668 0.0138088 0.0189594 0.00934477
11.6 0.0663066 0.00994461 0.0152467 0.0080467
11.7 0.0760736 0.00791649 0.0111496 0.00524674
11.8 0.0809015 0.00970892 0.00692977 0.00228604
11.9 0.0832681 0.0116853 0.00535022 0.000676078
12 0.0917892 0.0118071 0.00683926 0.00138311
12.1 0.109222 0.0118025 0.00917629 0.0033801
12.2 0.12542 0.0135489 0.0107268 0.00514237
12.3 0.120395 0.0157043 0.0116109 0.00584031
12.4 0.0938748 0.0155377 0.0118801 0.00565951
12.5 0.0586888 0.0131823 0.0108606 0.00534545
12.6 0.015937 0.0101321 0.00859682 0.00473576
12.7 -0.02673 0.00230863 0.00531121 0.00328496
12.8 -0.0500736 -0.0131593 -0.000304307 0.000543959
12.9 -0.0476826 -0.0281945 -0.00853247 -0.00343799
13 -0.0361523 -0.0374072 -0.0133743 -0.00686756
13.1 -0.0332053 -0.0413415 -0.0112693 -0.0063091
13.2 -0.0348466 -0.0385035 -0.00808194 -0.00133382
13.3 -0.0253125 -0.0304231 -0.00606744 0.0013992
13.4 -0.00131912 -0.0180397 -0.00387055 -0.00148527
13.5 0.0258745 -0.000118362 -0.00198968 -0.00333728
13.6 0.046102 0.0167155 0.00245147 0.000486875
13.7 0.0428846 0.0197605 0.012926 0.00723575
13.8 0.00365459 0.00932636 0.0239185 0.0128791
13.9 -0.0513564 -0.000847827 0.0231613 0.013715
14 -0.0923911 -0.0052155 0.00683087 0.00764933
14.1 -0.107825 -0.0108671 -0.0120208 -0.00399238
14.2 -0.0933575 -0.0259228 -0.0149779 -0.016177
14.3 -0.0621663 -0.0429762 -0.00794442 -0.0160287
14.4 -0.0462607 -0.0445082 -0.0100817 -0.000359828
14.5 -0.0556205 -0.0311507 -0.0133048 0.00941568
14.6 -0.0689255 -0.0175762 -0.00371551 0.000546628
14.7 -0.0677886 -0.00784777 0.00502009 -0.010102
14.8 -0.0522627 -0.00234492 -0.000110961 -0.00677954
14.9 -0.0268408 -0.00581971 -0.00728124 0.00119187
15 0.000353356 -0.0121436 -0.00559957 0.000311214
15.1 0.016079 -0.00640931 -0.00139472 -0.00534022
15.2 0.0182264 0.0110833 0.000266566 -0.00519787
15.3 0.0177684 0.0221555 0.00481818 0.00197937
15.4 0.0163645 0.0191055 0.013994 0.00994326
15.5 0.00740929 0.01241 0.0207062 0.0131473
15.6 -0.000811579 0.00794846 0.019927 0.0107307
15.7 0.00249987 0.00369928 0.0121398 0.00609543
15.8 0.0100716 0.00148806 0.00136954 0.00111407
15.9 0.0114023 0.00177012 -0.00442956 -0.00414528
16 0.00564598 0.0015309 -0.00159525 -0.00616343
16.1 -0.000580977 0.0015489 0.0021634 -0.00095819
16.2 -0.000732278 0.0018086 0.0017033 0.00716648
16.3 0.000717203 0.00114313 0.00135691 0.00851459
16.4 -0.00156139 0.0012071 0.0019715 0.00162467
16.5 -0.00145442 0.00118896 -0.000135098 -0.00493207
16.6 0.00420838 0.000127346 -0.00350582 -0.00489276
16.7 0.00584897 0.000463139 -0.00257839 -0.000915376
16.8 0.00062951 0.00220322 0.00287506 0.00211891
16.9 -0.00330984 0.00200288 0.0067064 0.00301816
17 -0.00446584 -0.000971222 0.00422157 0.00244898
17.1 -0.00225756 -0.00368324 -0.0022034 -0.00013043
17.2 0.00691557 -0.0027121 -0.00536516 -0.0048092
17.3 0.0182754 0.00214321 -0.0019477 -0.00721879
17.4 0.0214404 0.00764483 0.00416247 -0.00186467
17.5 0.0139564 0.0109136 0.00889894 0.00894063
17.6 0.00460077 0.0105997 0.0132798 0.0144346
17.7 -0.000558488 0.00703709 0.0154765 0.0105549
17.8 -0.00183161 0.00148745 0.00989054 0.00441415
17.9 -0.000704813 -0.00327464 -0.0014247 -0.000406227
18 -0.00290113 -0.005302 -0.00932741 -0.00551781
18.1 -0.00991033 -0.00716935 -0.00876973 -0.0094264
18.2 -0.0173074 -0.00929396 -0.0046495 -0.00861071
18.3 -0.02538 -0.00922093 -0.00362304 -0.00348264
18.4 -0.0310932 -0.00849289 -0.00449709 0.000471697
18.5 -0.0254837 -0.00991146 -0.00352392 -0.00073877
18.6 -0.00822861 -0.0112944 -0.00257476 -0.00382378
18.7 0.0107732 -0.00613538 -0.0038592 -0.00405698
18.8 0.0243157 0.00541803 -0.00218233 -0.00144211
18.9 0.0268969 0.0142044 0.00723457 0.00211727
19 0.0144145 0.0154861 0.019349 0.00603112
19.1 -0.00136387 0.0109499 0.0244964 0.0106269
19.2 -0.00452066 0.00246227 0.0190855 0.0126732
19.3 0.00252684 -0.00322063 0.00636618 0.00763682
19.4 0.00745119 -3.02119e-05 -0.0064287 -0.00264909
19.5 0.00710698 0.0023428 -0.00762218 -0.0112872
19.6 0.00440444 -0.00105805 0.00105716 -0.0103249
19.7 -0.000891807 -0.00023688 0.00406116 0.00114419
19.8 -0.00644474 0.00241574 0.00129213 0.0113559
19.9 -0.00538148 -0.00141757 0.001436 0.0103865
20 0.00202178 -0.00381329 0.00121084 0.00138726
20.1 0.00490781 0.00159489 -0.00174438 -0.00712916
20.2 -0.000637716 0.00340925 -0.00146087 -0.00824253
20.3 -0.00814425 -0.00388264 0.000845297 -0.000856286
20.4 -0.0156909 -0.0102356 -0.00069167 0.00666254
20.5 -0.0219862 -0.0110873 -0.00319257 0.0043445
20.6 -0.0191113 -0.0103266 -0.00314311 -0.00580262
20.7 -0.00220257 -0.00914438 -0.00373937 -0.0115942
20.8 0.0204105 -0.00320081 -0.00522922 -0.00796072
20.9 0.0350716 0.00764289 -0.00105919 -0.000835737
21 0.0379205 0.0155748 0.0110927 0.00505284
21.1 0.0314126 0.0174309 0.0240938 0.00954398
21.2 0.0175565 0.0171143 0.0279459 0.0130152
21.3 0.00155586 0.0158408 0.0210723 0.0125711
21.4 -0.00821261 0.00735723 0.0114302 0.00565953
21.5 -0.00908574 -0.00869265 0.000649061 -0.00257383
21.6 -0.00598802 -0.0226035 -0.0103191 -0.00826587
21.7 -0.00290224 -0.029984 -0.0118655 -0.0126489
21.8 -0.00204696 -0.0291473 -0.00552552 -0.0117283
21.9 -0.00549542 -0.0177187 -0.00270491 -0.00281638
22 -0.0114627 -0.00250126 -0.00209884 0.00542742
22.1 -0.0113275 0.00304762 0.00314536 0.00527544
22.2 -0.000636172 -0.00145682 0.00707805 0.00119199
22.3 0.0118259 -0.00101765 0.00133598 -7.61915e-05
22.4 0.0180099 0.00597625 -0.00460093 -5.33932e-05
22.5 0.0182925 0.00810077 0.00103978 -0.000700901
22.6 0.0150269 0.00614228 0.0106576 0.001561
22.7 0.00925818 0.00734545 0.0132041 0.00698325
22.8 0.00129671 0.00960556 0.010038 0.0103337
22.9 -0.00635404 0.00449114 0.00716797 0.0080079
23 -0.0100151 -0.00698077 0.00297387 0.00167952
23.1 -0.00969211 -0.0145847 -0.00599482 -0.00496256
23.2 -0.00755976 -0.0165569 -0.0121254 -0.0104307
23.3 -0.00363514 -0.0161424 -0.0101179 -0.0115911
23.4 0.000327491 -0.0107309 -0.00621911 -0.0053135
23.5 0.000984604 -0.000318588 -0.00145817 0.00216779
23.6 4.55431e-05 0.00680426 0.00720459 0.00400154
23.7 0.00190808 0.0062081 0.0140282 0.00357471
23.8 0.00798445 0.00356094 0.0127641 0.0051178
23.9 0.013625 0.00379975 0.00656372 0.00616579
24 0.0125891 0.0053914 0.00230964 0.00339053
24.1 0.00536304 0.00481983 0.00228272 -0.000769474
24.2 -0.0018151 0.000836967 0.00249812 -0.000705005
24.3 -0.00511314 -0.00423266 5.25929e-05 0.00205209
24.4 -0.00604785 -0.0071142 -0.00172949 0.000193746
24.5 -0.00750421 -0.00700575 -0.00148687 -0.00548386
24.6 -0.0105781 -0.00589646 -0.00175821 -0.00779825
24.7 -0.0137525 -0.0068127 -0.00185128 -0.00527806
24.8 -0.0144702 -0.0095174 -0.00123405 -0.00133117
24.9 -0.0108886 -0.0103696 -0.00147625 0.000418216
25 -0.0030361 -0.00763053 -0.00161596 -0.0016445
25.1 0.00684977 -0.00115617 -0.00100909 -0.00356704
25.2 0.0158954 0.00676353 0.000760347 -0.00100427
25.3 0.0217165 0.0108204 0.00578599 0.00429594
25.4 0.0220518 0.0106387 0.0129237 0.00809913
25.5 0.0170929 0.0103881 0.0173001 0.00895308
25.6 0.0108207 0.0105139 0.0165157 0.00797948
25.7 0.00617822 0.00867204 0.0123649 0.00630176
25.8 0.00269787 0.00449313 0.00698302 0.00399406
25.9 -0.00106484 -0.000712891 0.00139188 0.000775084
26 -0.00562008 -0.00550689 -0.00311439 -0.00281094
26.1 -0.00897835 -0.00934552 -0.00468262 -0.00538696
26.2 -0.00988044 -0.0111317 -0.00420762 -0.00532897
26.3 -0.0097916 -0.00990684 -0.00396778 -0.00269272
26.4 -0.00905857 -0.00726896 -0.0031657 -0.000499895
26.5 -0.00661591 -0.00455843 -0.00134177 -0.00063457
26.6 -0.000975814 -0.00167396 -0.000502112 -0.00095044
26.7 0.00639845 0.00113175 -0.000233749 0.000156213
26.8 0.00924474 0.00283224 0.00195676 0.00132839
26.9 0.00483601 0.00275596 0.00504463 0.00179157
27 -0.00109632 0.00141388 0.00499711 0.0021002
27.1 -0.002563 -0.000726149 0.000768848 0.00133944
27.2 -0.00113864 -0.00297887 -0.00337666 -0.00167454
27.3 -0.00140418 -0.00354269 -0.00366724 -0.00512881
27.4 -0.00292309 -0.00223938 -0.0017704 -0.005206
27.5 -0.00255237 -0.00122548 -0.000810151 -0.000766626
27.6 0.000208626 -0.000893836 -0.000123456 0.00326723
27.7 0.00382287 0.00110428 0.00152148 0.00247366
27.8 0.00611423 0.00464452 0.0024262 0.000185313
27.9 0.00643634 0.00571764 0.00218075 0.000706123
28 0.0062237 0.00314115 0.00243841 0.00255661
28.1 0.00570913 0.00143703 0.00246543 0.00275155
28.2 0.00384441 0.00291067 0.00149304 0.000981324
28.3 0.0013866 0.00298381 0.00119292 -0.00044095
28.4 -0.000535458 -0.000475187 0.00112867 0.000301383
28.5 -0.00314366 -0.0030648 -0.000485507 0.000824626
28.6 -0.00675722 -0.00304144 -0.00232994 -0.00132393
28.7 -0.00921853 -0.00317558 -0.00239773 -0.00405879
28.8 -0.00877836 -0.00407572 -0.0020495 -0.00403972
28.9 -0.00556795 -0.00412655 -0.00243374 -0.00139194
29 -0.00131425 -0.00246034 -0.00151244 0.000141934
29.1 0.00194345 0.000910222 0.000795179 -0.000345588
29.2 0.00255838 0.00361215 0.00230287 0.000436234
29.3 0.00127188 0.00289289 0.00235921 0.00285472
29.4 0.0010052 0.000378 0.00142752 0.00335027
29.5 0.00134127 -0.000191984 0.000194187 0.000381581
29.6 -0.000320019 0.000551669 -0.000593101 -0.0025905
29.7 -0.00329504 -0.00120198 -0.000686463 -0.00195425
29.8 -0.00569811 -0.004801 -0.000742543 0.000299983
29.9 -0.00664192 -0.00615886 -0.00129144 6.32335e-07
30 -0.00497447 -0.00466396 -0.00192766 -0.00258116
30.1 -0.00103223 -0.00234718 -0.00185557 -0.00385249
30.2 0.00262629 0.000122292 -0.000607126 -0.00173082
30.3 0.00478479 0.00248384 0.001943 0.00208957
30.4 0.00662456 0.00368812 0.00540767 0.00412201
30.5 0.0084068 0.00367312 0.00784029 0.00390881
30.6 0.00833562 0.00345414 0.00745006 0.00329457
30.7 0.00590227 0.00330504 0.0050176 0.00265867
30.8 0.00259301 0.00252537 0.00237545 0.00137312
30.9 -0.000594637 0.000232261 0.000552567 -0.000245424
31 -0.00318185 -0.002964 -0.000737692 -0.000966006
31.1 -0.00495884 -0.0050592 -0.00175029 -0.000890877
31.2 -0.00672472 -0.00533611 -0.00171747 -0.00109686
31.3 -0.00871527 -0.00445233 -0.00133226 -0.00103145
31.4 -0.00937867 -0.00366072 -0.0014867 -0.000505088
31.5 -0.00774007 -0.00371604 -0.0013999 -0.000796522
31.6 -0.00359795 -0.00366144 -0.0013821 -0.00138632
31.7 0.00210923 -0.00165875 -0.00140758 -0.00105247
31.8 0.00718152 0.00227271 0.000525971 -2.37083e-05
31.9 0.0103746 0.00538604 0.00459572 0.00137626
32 0.0107522 0.0062598 0.00825161 0.00301331
32.1 0.00893686 0.00599757 0.00905535 0.00447246
32.2 0.00673937 0.00564296 0.00706578 0.00446846
32.3 0.00385748 0.00480214 0.00449557 0.00210806
32.4 -0.000107705 0.00186611 0.00202615 -0.000325086
32.5 -0.00358018 -0.00307754 -0.00100193 -0.000635095
32.6 -0.00541948 -0.00739969 -0.00300398 -0.000738751
32.7 -0.00632864 -0.00890439 -0.00271443 -0.00205343
32.8 -0.00630872 -0.00723913 -0.00231269 -0.00226515
32.9 -0.00403103 -0.00411992 -0.00259146 -0.000712052
33 0.000193698 -0.00131226 -0.00117805 -7.66179e-05
33.1 0.0042824 0.00142329 0.00167102 -0.00017449
33.2 0.00718211 0.00378297 0.00348117 0.00135941
33.3 0.00890378 0.00405199 0.00425134 0.00357689
33.4 0.00838222 0.00306367 0.0042814 0.00424073
33.5 0.00480082 0.00307687 0.00297108 0.00288555
33.6 -0.000416486 0.00212761 0.00130366 0.000569601
33.7 -0.00486805 -0.00218926 -0.000339601 -0.000860789
33.8 -0.00728606 -0.00744788 -0.00240602 -0.000935095
33.9 -0.00825499 -0.0104497 -0.00356626 -0.00117095
34 -0.00939586 -0.0102818 -0.00333209 -0.00186283
34.1 -0.0111364 -0.00804757 -0.0029944 -0.00170305
34.2 -0.0116418 -0.0061695 -0.00269235 -0.000881071
34.3 -0.00902386 -0.00575661 -0.00188401 -0.000739006
34.4 -0.00336069 -0.00535999 -0.00152195 -0.00105049
34.5 0.00278488 -0.00221007 -0.00178691 -0.000891796
34.6 0.0060994 0.00279116 0.000159533 -0.000221515
34.7 0.00699843 0.00475862 0.00521946 0.00120778
34.8 0.00862633 0.00420657 0.00909551 0.00352945
34.9 0.0110048 0.00473283 0.00890297 0.00547393
35 0.0117587 0.00489612 0.00731567 0.00528603
35.1 0.00995088 0.00349815 0.00645577 0.00299978
35.2 0.00588525 0.00267563 0.00474026 0.000787032
35.3 0.00105013 0.00211667 0.00166947 0.000393496
35.4 -0.00206436 -0.000819507 -0.000236961 0.000484718
35.5 -0.00363906 -0.00489402 -0.00040115 -0.000621264
35.6 -0.00564552 -0.00637455 -0.00132221 -0.00144528
35.7 -0.00722311 -0.00569753 -0.00229221 -0.0012724
35.8 -0.00713405 -0.00516768 -0.00156306 -0.0011549
35.9 -0.00612503 -0.00415428 -0.00133617 -0.000798095
36 -0.00444513 -0.00266825 -0.00203169 -0.00053865
36.1 -0.00156322 -0.00208186 -0.00154423 -0.00102616
36.2 0.00162887 -0.00105784 -0.000373552 -0.000841068
36.3 0.00327748 0.00161175 0.000751099 0.000604688
36.4 0.00354632 0.00350734 0.00270378 0.00182276
36.5 0.00354951 0.00318816 0.0045911 0.00207866
36.6 0.00327623 0.00260045 0.00433202 0.00178783
36.7 0.00237961 0.00255782 0.0021136 0.00114355
36.8 0.00112454 0.00133382 0.000367012 9.50108e-05
36.9 -0.000124048 -0.00100003 9.94836e-05 -0.000651082
37 -0.00187296 -0.00189901 -0.000216462 -0.0004662
37.1 -0.0033594 -0.00163768 -0.000662151 -0.000374107
37.2 -0.00282992 -0.00219386 -0.000520411 -0.000869957
37.3 -0.00158325 -0.00237775 -0.000661444 -0.000933948
37.4 -0.00147344 -0.00127196 -0.000641716 -0.000579768
37.5 -0.00166705 -0.000568093 0.000202472 -0.00026732
37.6 -0.0012798 -0.000706198 0.000315064 0.000206722
37.7 -0.000512881 -0.000676146 -0.000530604 0.000170604
37.8 1.48619e-05 -0.000397053 -0.000661717 -0.000673878
37.9 -7.04425e-05 -0.000194017 -0.000128294 -0.000704599
38 -0.000159183 -4.69222e-05 0.000104696 0.000459118
38.1 0.000371745 0.00015558 0.000357202 0.000759584
38.2 0.00127257 0.000656678 0.0006128 -9.10576e-05
38.3 0.00213099 0.00126585 0.000465245 -0.000120554
38.4 0.00255704 0.00144578 0.000781722 0.000739009
38.5 0.00206883 0.00143954 0.00174373 0.00101208
38.6 0.00108302 0.00146088 0.00177101 0.000751521
38.7 0.000564588 0.00081907 0.000570381 0.000502513
38.8 0.000234798 -0.00042854 -0.000298054 -0.000109624
38.9 -0.000846798 -0.00111394 -0.00042678 -0.00071948
39 -0.00222766 -0.00115279 -0.000513224 -0.000553671
39.1 -0.00257347 -0.0015211 -0.000533451 -0.00024096
39.2 -0.00185726 -0.00181824 -0.000530712 -0.000500382
39.3 -0.00105102 -0.0011742 -0.000665498 -0.00079511
39.4 -0.000374922 -0.000332378 -0.000443648 -0.000457734
39.5 0.000351626 3.32268e-05 0.000256606 0.000239915
39.6 0.000929441 0.000448869 0.000839714 0.000542853
39.7 0.0012813 0.00103437 0.000873874 0.000404839
39.8 0.00154098 0.00104541 0.000700897 0.000330544
39.9 0.00138105 0.000628748 0.0006848 0.000371291
40 0.000546652 0.000592923 0.000547189 0.000303308
