0.1 -7.46109e-05 -3.47518e-05 -1.56974e-05 -6.04055e-06
0.2 -0.000276215 -0.000175711 -9.8543e-05 -4.33958e-05
0.3 -0.000484577 -0.000382255 -0.000257248 -0.000127467
0.4 -0.00060016 -0.000494702 -0.000363047 -0.000193472
0.5 -0.000636834 -0.0004788 -0.000323417 -0.000165734
0.6 -0.000510628 -0.000388135 -0.000241155 -0.000109617
0.7 -0.000275113 -0.000223544 -0.000170483 -9.25487e-05
0.8 -0.000400755 -0.000202371 -0.000110859 -5.74944e-05
0.9 -0.000633069 -0.000461753 -0.00024531 -9.12954e-05
1 0.000232615 -0.000192533 -0.000294781 -0.000188426
1.1 0.000927604 0.000796703 0.000416485 0.000134978
1.2 0.000211743 0.000769853 0.000934204 0.000604565
1.3 0.000498789 -3.35084e-05 5.1018e-06 8.71282e-05
1.4 0.00297254 0.00125104 -6.13661e-08 -0.000327325
1.5 0.00290133 0.00319673 0.00241891 0.00120489
1.6 -0.00205455 0.000434236 0.00183552 0.00183737
1.7 -0.00351526 -0.00586055 -0.0043491 -0.00140607
1.8 -0.000815139 -0.00570268 -0.00865571 -0.00530008
1.9 -0.00205592 -0.000566449 -0.00531708 -0.00420852
2 -0.00330436 -0.00263574 0.000111637 0.00101001
2.1 -0.000698204 -0.00400742 -0.000957375 0.000916213
2.2 0.00131057 0.00158064 -0.00408037 -0.0044872
2.3 -0.000249571 0.000146842 -0.00115017 -0.00332665
2.4 -0.00100999 -0.00342967 0.000539309 0.00243779
2.5 -0.000244809 0.000511213 -0.00209582 0.000832519
2.6 -0.00437289 -0.00205289 -0.00205159 -0.00422203
2.7 -0.00719371 -0.0112293 -0.0052815 -0.00316892
2.8 -0.00808151 -0.0112151 -0.0122995 -0.00327552
2.9 -0.00768793 -0.00796834 -0.0105539 -0.00844113
3 -0.00298337 -0.00807782 -0.00425265 -0.00648277
3.1 -0.0056629 -0.00487888 -0.00258903 0.00122049
3.2 -0.00735659 -0.00506031 -0.0016462 0.000808653
3.3 0.0103864 -0.00470859 -0.00174713 -0.00518185
3.4 0.0436579 0.00978251 -0.000998969 -0.00463128
3.5 0.100347 0.0254462 0.00975138 0.00370122
3.6 0.17536 0.0302229 0.0264253 0.0129869
3.7 0.225882 0.029605 0.0387586 0.018326
3.8 0.235876 0.0294478 0.043015 0.0185808
3.9 0.225007 0.0265076 0.0398255 0.0161588
4 0.211009 0.0159432 0.0321429 0.0141499
4.1 0.168509 0.00595445 0.0211017 0.0119889
4.2 0.0937162 0.00471198 0.00738686 0.00767845
4.3 0.0631445 0.00617386 -0.00112745 0.00018331
4.4 0.0837493 0.00352621 0.000113185 -0.00462391
4.5 0.0988546 0.00278348 0.00243911 0.000596612
4.6 0.0837498 0.0084957 0.00270646 0.00898275
4.7 0.0319323 0.0133777 0.00679763 0.0105536
4.8 -0.000400633 0.00807813 0.0129277 0.00650494
4.9 0.0206834 -0.00110548 0.0110103 0.00307766
5 0.0553141 0.00167357 0.000402277 0.00145197
5.1 0.0716222 0.0102128 -0.00352539 -0.00106733
5.2 0.0649531 0.0106203 0.00543198 -0.00102389
5.3 0.0899367 0.00787298 0.0146491 0.00588665
5.4 0.157042 0.0120352 0.0164165 0.0139097
5.5 0.199861 0.0219025 0.0162471 0.0145817
5.6 0.224756 0.027197 0.0226937 0.00859813
5.7 0.243745 0.0261042 0.0349156 0.00619184
5.8 0.241959 0.0271797 0.0408283 0.015138
5.9 0.259129 0.0292701 0.0393915 0.0284634
6 0.300379 0.0282461 0.0404592 0.0331981
6.1 0.300275 0.0286573 0.0407791 0.0313062
6.2 0.244375 0.0258802 0.0368987 0.0309278
6.3 0.184624 0.0130157 0.0341122 0.030219
6.4 0.150993 0.00198191 0.0288716 0.0271568
6.5 0.142304 0.0031233 0.0165653 0.0226563
6.6 0.135195 0.00875673 0.0037996 0.0155073
6.7 0.0991817 0.0084101 0.000485128 0.00404795
6.8 0.0419373 0.00234397 0.00291878 -0.00384522
6.9 0.0145581 -0.00199003 -0.000686325 0.000161618
7 0.0297849 -0.000699577 -0.00446112 0.00472651
7.1 0.0302895 0.00493821 0.00157222 0.000743755
7.2 -0.00586473 0.00462783 0.00900941 -0.00135948
7.3 -0.0365059 -0.00920782 0.00288348 0.00429415
7.4 -0.0326196 -0.020934 -0.0139785 0.00242921
7.5 -0.0261439 -0.0172919 -0.0199196 -0.0166697
7.6 -0.0440452 -0.0148774 -0.0122481 -0.0329845
7.7 -0.0493457 -0.0221832 -0.0140506 -0.0305979
7.8 -0.0221625 -0.0197399 -0.0259649 -0.0249337
7.9 0.0153837 -0.00298531 -0.0227755 -0.0302724
8 0.0457575 0.0126691 -0.00130701 -0.0320771
8.1 0.0673783 0.018009 0.0206118 -0.0122259
8.2 0.0843978 0.0170753 0.0317932 0.0234394
8.3 0.0928739 0.017866 0.0320038 0.0554936
8.4 0.0969664 0.0182297 0.0306247 0.0690353
8.5 0.104729 0.0165954 0.0311344 0.0657933
8.6 0.113337 0.0172843 0.0275562 0.0590124
8.7 0.126123 0.0174859 0.0224588 0.053344
8.8 0.141486 0.015505 0.019973 0.0470127
8.9 0.141139 0.0160327 0.0178974 0.0401593
9 0.118851 0.0179333 0.0159687 0.0330286
9.1 0.0870567 0.016633 0.015189 0.0258366
9.2 0.0504457 0.0123978 0.0145441 0.0187923
9.3 0.00643957 0.00688471 0.0121936 0.0119404
9.4 -0.0251473 -0.0025625 0.00504806 0.0051036
9.5 -0.0261353 -0.0153616 -0.0104052 -0.00199682
9.6 -0.0189497 -0.018826 -0.0264268 -0.0133569
9.7 -0.0276608 -0.0130115 -0.0251555 -0.030184
9.8 -0.0392356 -0.0144488 -0.00936122 -0.0375497
9.9 -0.0378137 -0.0172221 -0.00279738 -0.0242956
10 -0.0267192 -0.00992025 -0.00946338 -0.00184429
10.1 -0.00771569 -0.00306063 -0.0107528 0.0124972
10.2 0.0174143 -0.000639953 0.0011295 0.0120492
10.3 0.0394688 0.00586951 0.0152896 0.00453485
10.4 0.0525436 0.0159989 0.0218099 0.00127574
10.5 0.0585817 0.0200156 0.0219571 0.00567619
10.6 0.0580966 0.0146673 0.0201977 0.0138585
10.7 0.0491983 0.00920834 0.016477 0.0203455
10.8 0.0354801 0.00954213 0.010783 0.0221362
10.9 0.0240673 0.0112808 0.00716578 0.0181703
11 0.0187583 0.0102833 0.00751793 0.0094561
11.1 0.0159902 0.00734881 0.00784801 0.000440942
11.2 0.0127322 0.00456607 0.00314561 -0.00221264
11.3 0.00998397 0.0016085 -0.00288378 0.000638389
11.4 0.00394959 -0.0007708 -0.00228459 0.000451328
11.5 -0.00262419 -0.000552537 0.000996315 -0.00252381
11.6 -0.000636531 0.000152032 -0.000354002 -0.00156765
11.7 0.0054196 -2.22236e-05 -0.00188452 0.00120753
11.8 0.0100622 0.00170776 0.00134837 0.000712468
11.9 0.0151513 0.00607954 0.00534279 -1.68273e-05
12 0.0180855 0.0101345 0.00678853 0.00280985
12.1 0.0178575 0.0107971 0.00748749 0.00702866
12.2 0.0183402 0.00909836 0.00817833 0.00951034
12.3 0.0186843 0.00902616 0.00780116 0.00895498
12.4 0.0135981 0.0105677 0.00697393 0.00559896
12.5 0.00181451 0.0091759 0.00628509 0.00136107
12.6 -0.00763045 0.00139831 0.00300717 -0.000472362
12.7 -0.0072651 -0.00903084 -0.00433044 -0.000185182
12.8 -0.00375806 -0.0121729 -0.011852 -0.00282118
12.9 -0.00604381 -0.00727042 -0.0138707 -0.0095309
13 -0.0110159 -0.00442524 -0.00864708 -0.0155549
13.1 -0.0124296 -0.00653457 -0.00244012 -0.0154919
13.2 -0.0133761 -0.00819107 -0.00238728 -0.00778512
13.3 -0.0119421 -0.00746933 -0.00591129 0.0012972
13.4 -0.00239684 -0.00575062 -0.00491222 0.0022206
13.5 0.00975407 -0.000830717 0.000334822 -0.00353735
13.6 0.0171898 0.00789911 0.00296868 -0.00426993
13.7 0.0190085 0.0134886 0.00321198 0.00345745
13.8 0.0169189 0.0124676 0.00538226 0.0122648
13.9 0.0129954 0.00963369 0.00830063 0.016988
14 0.00889032 0.00883183 0.00849876 0.0174415
14.1 0.00634879 0.00893231 0.00619178 0.0140132
14.2 0.00887731 0.00795152 0.00405008 0.00705355
14.3 0.0161431 0.00706803 0.00241794 -0.00035239
14.4 0.0208005 0.00732162 0.000696442 -0.00280356
14.5 0.0170573 0.00722356 0.000941991 0.000398423
14.6 0.00696078 0.00641098 0.00357818 0.00458933
14.7 -0.00148469 0.00410215 0.00538625 0.0064546
14.8 -0.00267973 -0.000230389 0.00286139 0.00532206
14.9 -0.00215324 -0.0025407 -0.00327179 0.000343526
15 -0.00544572 -0.00223556 -0.00747044 -0.00770673
15.1 -0.00822141 -0.00352316 -0.00749284 -0.0144968
15.2 -0.00624621 -0.0044418 -0.00703489 -0.0161577
15.3 0.00169306 -0.0014398 -0.00713326 -0.0123007
15.4 0.0119319 0.00214584 -0.00267563 -0.00500853
15.5 0.0169655 0.00378507 0.00705489 0.00354647
15.6 0.0137209 0.00598186 0.0150524 0.0117414
15.7 0.00564356 0.0085756 0.0165703 0.0185997
15.8 0.0013051 0.00767383 0.0129021 0.0227699
15.9 0.00211641 0.00286598 0.00745323 0.0221091
16 0.00181103 -0.000158892 0.00186742 0.0154448
16.1 -9.79155e-05 0.000484883 -0.000920872 0.00227326
16.2 -0.000652221 -5.35788e-05 -1.16226e-05 -0.0120553
16.3 -0.000614165 -0.0017486 -0.00146432 -0.0174332
16.4 -0.00179568 -0.00208891 -0.00618407 -0.0127037
16.5 -0.00230805 -0.00253772 -0.00778547 -0.00484889
16.6 -0.00275875 -0.00304817 -0.00379707 0.000319814
16.7 -0.00462313 -0.0017214 0.00134209 0.000976237
16.8 -0.00352578 4.88096e-05 0.0016203 0.000143553
16.9 0.00209168 -1.70103e-05 -0.00151701 1.16324e-05
17 0.00534404 -0.000193981 -0.00151265 -0.000838233
17.1 0.00231551 0.0015804 0.00146245 -0.000918625
17.2 0.000680014 0.00274428 0.00285587 0.00199828
17.3 0.00535427 0.00192991 0.00219845 0.00505832
17.4 0.0114741 0.00246083 0.00165849 0.00475566
17.5 0.015011 0.00526455 0.00251151 0.0014274
17.6 0.0154958 0.00779818 0.00362356 -0.000648508
17.7 0.0146842 0.00791482 0.00391312 0.00143529
17.8 0.0146372 0.00622466 0.00411264 0.00479453
17.9 0.0137745 0.00572284 0.00421129 0.00601315
18 0.00942146 0.00674134 0.00406294 0.00458569
18.1 0.00295718 0.00618479 0.00393011 0.00167634
18.2 -0.00243439 0.00151557 0.00205657 -0.000164244
18.3 -0.00705655 -0.00562863 -0.00279506 -0.000384765
18.4 -0.0109566 -0.0102236 -0.00831007 -0.0018148
18.5 -0.0117897 -0.0101674 -0.0117645 -0.00561293
18.6 -0.0104465 -0.00839331 -0.0114547 -0.00968629
18.7 -0.00685647 -0.00773199 -0.00803727 -0.0105281
18.8 -0.000316287 -0.00605363 -0.00465694 -0.00626062
18.9 0.00376538 -0.000362062 -0.00133636 0.000313862
19 0.00288814 0.00586824 0.00397933 0.00524631
19.1 0.00352834 0.00688976 0.00988367 0.00778251
19.2 0.00879979 0.00479122 0.0120757 0.00877761
19.3 0.0119243 0.00536889 0.00882931 0.00811542
19.4 0.00968372 0.00745564 0.00426459 0.00496402
19.5 0.00703458 0.00664911 0.00231062 0.000361988
19.6 0.00718468 0.00302821 0.00183361 -0.00157285
19.7 0.00741688 0.00101644 0.00101803 0.000531097
19.8 0.00352678 0.00255222 0.0012988 0.00233607
19.9 -0.00103889 0.00264012 0.00333817 0.00148649
20 -0.00157226 -0.000717265 0.00262662 0.00045262
20.1 -0.000820535 -0.00226589 -0.00245124 -0.000167558
20.2 -0.00244626 -0.00166442 -0.00528792 -0.00245515
20.3 -0.00618838 -0.00303908 -0.00308135 -0.00504862
20.4 -0.00864536 -0.0049888 -0.00152332 -0.00445122
20.5 -0.00807757 -0.00475429 -0.003377 -0.00106286
20.6 -0.00607402 -0.0036809 -0.00415387 0.000459291
20.7 -0.00380489 -0.00307503 -0.00168073 -0.00160157
20.8 -0.00113964 -0.00171198 -0.00024278 -0.00248415
20.9 0.00275825 0.00070389 -0.000769368 9.01807e-06
21 0.0084952 0.0023807 0.00120418 0.00218142
21.1 0.0157111 0.00317825 0.00592879 0.00224178
21.2 0.0227731 0.00516859 0.00925498 0.00223571
21.3 0.0270496 0.00887592 0.00938855 0.00367031
21.4 0.0271835 0.0114656 0.00876538 0.00555634
21.5 0.0247215 0.0109291 0.00996374 0.00610738
21.6 0.0204889 0.00973138 0.0112497 0.00529524
21.7 0.0135458 0.00986845 0.0100085 0.00427032
21.8 0.00531827 0.00889628 0.00689402 0.00324923
21.9 -0.00101551 0.00302722 0.00333668 0.00166965
22 -0.00387598 -0.00604036 -0.0013146 -0.00076414
22.1 -0.00650486 -0.0110094 -0.00762987 -0.00401203
22.2 -0.0111808 -0.0105281 -0.012657 -0.00795183
22.3 -0.0152703 -0.0103985 -0.0126129 -0.011891
22.4 -0.0173978 -0.0115704 -0.0101194 -0.013452
22.5 -0.0172757 -0.0108652 -0.0107389 -0.010713
22.6 -0.0135763 -0.00976906 -0.012474 -0.00573076
22.7 -0.00652949 -0.00989052 -0.0105536 -0.00188902
22.8 0.000433206 -0.00741553 -0.00519507 -0.000641888
22.9 0.00467191 0.000656736 0.000771503 -0.000628806
23 0.00842191 0.00976923 0.00538516 0.00109844
23.1 0.0154092 0.0128593 0.00904738 0.0048584
23.2 0.023255 0.0115348 0.0111098 0.00870489
23.3 0.0257075 0.0124466 0.0105046 0.0103756
23.4 0.0223026 0.0150773 0.00985916 0.00843867
23.5 0.0164694 0.014839 0.0107463 0.00443752
23.6 0.00953533 0.0111347 0.0106017 0.00145288
23.7 0.00227567 0.00549758 0.00677654 0.00111942
23.8 -0.00307445 -0.000998323 -4.87436e-05 0.00124695
23.9 -0.00721067 -0.00652248 -0.00667635 -0.00159905
24 -0.0127339 -0.00933848 -0.0108495 -0.0067972
24.1 -0.0171906 -0.00994537 -0.0120964 -0.0117844
24.2 -0.0170534 -0.00965591 -0.0115992 -0.0144844
24.3 -0.0137327 -0.00889652 -0.011017 -0.0135682
24.4 -0.0099445 -0.0080172 -0.0101378 -0.00946293
24.5 -0.00580187 -0.00727509 -0.00794451 -0.00360745
24.6 -0.00169462 -0.00530193 -0.00362692 0.000667217
24.7 0.000162698 -0.000462643 0.00153694 0.000964022
24.8 0.000618403 0.00409593 0.00398105 0.00049605
24.9 0.00374089 0.00373482 0.00343944 0.00216101
25 0.00831035 0.00163232 0.00209006 0.0036373
25.1 0.00911247 0.00272374 0.00139832 0.00232968
25.2 0.00636912 0.00479248 0.00212318 -0.000134614
25.3 0.00377839 0.00448593 0.00254013 0.000121323
25.4 0.00185966 0.00208367 0.00150824 0.00264012
25.5 -0.000415897 -0.000401827 0.00036337 0.00278286
25.6 -0.00215303 -0.00128035 -0.000747815 -0.000655342
25.7 -0.00183851 -0.00114403 -0.00204696 -0.00415377
25.8 -0.000274452 -0.001089 -0.00213572 -0.00481334
25.9 0.00091718 -0.000438859 -0.000774669 -0.00200052
26 0.00122256 0.00109553 0.000997935 0.00236641
26.1 0.00067607 0.00200775 0.00264124 0.00473118
26.2 0.00122438 0.00173741 0.00268159 0.00422414
26.3 0.0026617 0.00160623 0.000971296 0.0015764
26.4 0.00264263 0.00162367 -9.21002e-05 -0.00151446
26.5 0.00113418 0.000757036 -4.10747e-05 -0.00144741
26.6 -0.00202413 -0.000727995 -7.87815e-06 0.00115172
26.7 -0.00593736 -0.00202985 -0.000233522 0.00122013
26.8 -0.00814209 -0.00277304 -0.0014091 -0.00194066
26.9 -0.00751536 -0.00291893 -0.00371049 -0.00465466
27 -0.00488673 -0.0028133 -0.00505758 -0.00535078
27.1 -0.00232385 -0.00259892 -0.00407071 -0.0043261
27.2 -0.00150704 -0.00178289 -0.0017594 -0.00156825
27.3 -0.00195959 -0.000600265 0.000493377 0.00147517
27.4 -0.00146391 4.03696e-05 0.00146738 0.00221242
27.5 0.000707705 0.000122196 0.000669268 0.000511001
27.6 0.00277383 0.000337089 -0.000487719 -0.00115504
27.7 0.00295134 0.000894137 -0.000252566 -0.000724926
27.8 0.00215799 0.00132402 0.00143223 0.00113426
27.9 0.00189574 0.00149645 0.00277874 0.00244915
28 0.0016429 0.00148399 0.00227648 0.00241982
28.1 0.00127703 0.000991116 0.000789957 0.000858635
28.2 0.00111665 0.000217101 -0.00028335 -0.00110373
28.3 -7.4492e-06 -0.000369315 -0.000771898 -0.00117853
28.4 -0.00282215 -0.00117531 -0.000700521 0.000175874
28.5 -0.00552804 -0.00232022 -0.000663085 0.000258698
28.6 -0.00589785 -0.0028642 -0.00174124 -0.00130581
28.7 -0.00411105 -0.00272613 -0.00306022 -0.00290889
28.8 -0.00212736 -0.00250444 -0.00282155 -0.00342914
28.9 -0.00101296 -0.00176214 -0.00142474 -0.00199328
29 0.000424332 -5.47044e-05 5.89828e-05 0.000712968
29.1 0.0032281 0.0020327 0.00179057 0.00226084
29.2 0.00596819 0.00349479 0.0035252 0.00212972
29.3 0.00729803 0.00355695 0.00423922 0.00180097
29.4 0.00730438 0.00298581 0.00344319 0.00180572
29.5 0.00546499 0.00294373 0.00197331 0.00132839
29.6 0.00242062 0.00238823 0.00122836 0.000236003
29.7 0.000183295 0.000448877 0.000846091 -0.000206865
29.8 -0.00156793 -0.0013256 -0.000444114 4.20005e-05
29.9 -0.00372284 -0.00212427 -0.00186412 -0.000727709
30 -0.00504641 -0.00279458 -0.00219531 -0.00266719
30.1 -0.00471906 -0.00282496 -0.002145 -0.00394419
30.2 -0.00336547 -0.00213534 -0.00205962 -0.00337631
30.3 -0.0015954 -0.00189913 -0.00134717 -0.00113044
30.4 -0.000120337 -0.00105563 -0.000212509 0.00103365
30.5 0.0009882 0.00104155 0.00111273 0.00101673
30.6 0.00242521 0.00236465 0.00196585 0.000161527
30.7 0.00374652 0.0021853 0.00164735 0.000772382
30.8 0.00381943 0.00207197 0.00128983 0.00151302
30.9 0.00275783 0.0025162 0.00180115 0.000849604
31 0.00202776 0.00233903 0.00192642 0.000311992
31.1 0.0021043 0.00143313 0.000922321 0.000798853
31.2 0.00134335 0.000841687 0.000228069 0.000632951
31.3 -0.00099645 0.00040198 0.000282882 -0.00043823
31.4 -0.00298097 -0.000967737 -0.000438649 -0.000664835
31.5 -0.00378845 -0.00276643 -0.002032 -0.000482656
31.6 -0.00497185 -0.00324361 -0.00306614 -0.00155741
31.7 -0.0061188 -0.00285346 -0.00291715 -0.00315675
31.8 -0.00520085 -0.00296213 -0.00229431 -0.00334735
31.9 -0.00238076 -0.00262141 -0.00212757 -0.00149684
32 -0.00014524 -0.00108445 -0.0013243 0.000487616
32.1 0.000225107 0.000649724 0.00101078 0.000596114
32.2 0.000477399 0.00138307 0.00226279 0.000420885
32.3 0.00151256 0.00110054 0.000965635 0.00115169
32.4 0.0017717 0.000763807 -4.80293e-05 0.000648048
32.5 0.000729194 0.00069648 0.00043774 -0.000831954
32.6 -0.000341462 0.000381929 0.000303131 -0.000436879
32.7 -0.00063859 -0.000435702 -0.00049251 0.000848726
32.8 -0.00087141 -0.000906533 -0.000491549 0.00013688
32.9 -0.00131528 -0.000706599 -0.000457007 -0.00127867
33 -0.000508051 -0.000775093 -0.00101547 -0.000846908
33.1 0.001175 -0.000607477 -0.00075677 0.000283895
33.2 0.00161965 0.000915037 0.000782865 0.00037898
33.3 0.00150047 0.00232423 0.00204006 0.000476799
33.4 0.00268477 0.00215529 0.00195825 0.00131705
33.5 0.00394395 0.00190209 0.00136404 0.00131931
33.6 0.00324384 0.00248236 0.00132824 0.000154556
33.7 0.00158151 0.00222273 0.0014332 -1.21857e-05
33.8 0.000485985 0.000579679 0.000833884 0.00103844
33.9 -0.000431773 -0.000579354 -0.000185583 0.000739011
34 -0.00138451 -0.000607158 -0.000993926 -0.00117844
34.1 -0.00131545 -0.000789795 -0.00140257 -0.00205666
34.2 -0.000613287 -0.000934581 -0.00130658 -0.000912322
34.3 -0.000427479 -0.000205547 -0.000385251 0.000476637
34.4 4.7305e-05 0.000573973 0.00104709 0.000641823
34.5 0.00115519 0.000972849 0.00135258 0.000396092
34.6 0.00187066 0.00114584 0.00048008 0.000504109
34.7 0.00120145 0.000786932 0.000339433 0.000268267
34.8 -0.000664982 7.01838e-05 0.000587614 -0.000112771
34.9 -0.00200716 -0.000800986 -0.000353998 -3.1101e-05
35 -0.00205962 -0.00175346 -0.00166637 -0.000424003
35.1 -0.00189476 -0.00193517 -0.00192204 -0.00160507
35.2 -0.00206128 -0.00130922 -0.00140726 -0.00178666
35.3 -0.00163405 -0.00112812 -0.000779167 -0.000246237
35.4 -0.000455218 -0.000998191 -0.000104433 0.00090406
35.5 0.000628033 0.000232578 0.000422438 0.0002947
35.6 0.00161374 0.0014463 0.000579511 -0.000327317
35.7 0.00249997 0.00138047 0.000709721 0.000455197
35.8 0.00235369 0.0012276 0.00107468 0.0012802
35.9 0.00125634 0.00172579 0.00127619 0.000874114
36 0.000702052 0.00137537 0.000900718 0.000125995
36.1 0.000741166 8.65601e-05 2.73212e-05 -1.18856e-05
36.2 1.04559e-05 -0.000407342 -0.000675481 -8.56165e-05
36.3 -0.00121284 -0.000321266 -0.000604103 -0.000480563
36.4 -0.00152484 -0.000764679 -0.000460721 -0.000465759
