0.1 -9.08705e-05 -4.2325e-05 -1.91183e-05 -7.35694e-06
0.2 -0.000326171 -0.000209234 -0.000117864 -5.2024e-05
0.3 -0.000549843 -0.000440313 -0.000299274 -0.000149094
0.4 -0.000644215 -0.000539094 -0.000401287 -0.000215818
0.5 -0.000563673 -0.000442709 -0.000305664 -0.000158768
0.6 -0.000384381 -0.000260965 -0.000147515 -6.02448e-05
0.7 -0.000276867 -0.000166944 -9.85567e-05 -4.68261e-05
0.8 -0.000444761 -0.000296356 -0.000184988 -9.32586e-05
0.9 -0.000613732 -0.000508078 -0.000341171 -0.000163477
1 -0.000133418 -0.000293405 -0.0002919 -0.000175457
1.1 0.00025818 0.000292368 0.000172908 6.34855e-05
1.2 -0.000787484 -6.95342e-05 0.00024986 0.000220278
1.3 -0.00273532 -0.00194415 -0.00112203 -0.000476359
1.4 -0.00252801 -0.00291057 -0.00250294 -0.00142272
1.5 0.000634895 -0.000312946 -0.000822099 -0.000638822
1.6 0.00332513 0.0038506 0.00327598 0.00170363
1.7 0.00449354 0.00547074 0.00544227 0.00297585
1.8 0.00661198 0.00465515 0.00420072 0.00218216
1.9 0.00972978 0.00436854 0.00305857 0.00126295
2 0.00795621 0.00462244 0.00424566 0.00205393
2.1 -3.9224e-05 0.00225593 0.00381875 0.00248084
2.2 -0.00417486 -0.00282276 -0.00152137 -0.000525024
2.3 -0.00262056 -0.00507822 -0.0073382 -0.00481768
2.4 -0.00167897 -0.00277633 -0.00645273 -0.00478838
2.5 0.000987392 0.000187179 0.000974813 0.000650474
2.6 0.0054941 0.00368722 0.00614183 0.00548013
2.7 0.00718062 0.00568704 0.0052051 0.00471372
2.8 0.00585741 0.0027129 0.00282187 0.000735751
2.9 0.00298372 -5.15699e-05 0.00028421 -0.000919136
3 0.000997686 0.000238414 -0.00145797 -0.000120976
3.1 0.00144886 0.000325096 0.000199428 -0.000155761
3.2 0.000400156 0.00039681 0.00121899 7.19458e-05
3.3 -0.000683626 -0.000310739 -0.00062855 0.000648159
3.4 0.00191036 -0.00126008 -0.00146446 -0.000879335
3.5 0.00224918 0.000984626 -0.000448555 -0.00158737
3.6 -0.00025313 0.00166843 0.00123635 0.00110242
3.7 0.0012107 -0.000511802 0.00158483 0.00289536
3.8 0.0062937 0.00213215 0.000383277 0.000779644
3.9 0.00972853 0.00649118 0.0031053 -0.000339965
4 0.0092512 0.00631966 0.00837089 0.00456053
4.1 0.00655259 0.00501058 0.00782202 0.00891173
4.2 0.00676038 0.00384229 0.00323846 0.00478979
4.3 0.00690191 0.00272375 0.000924098 -0.00167357
4.4 -0.000658042 0.00140677 0.000333802 -0.0014417
4.5 -0.0102323 -0.00373089 -0.00138966 0.00161955
4.6 -0.0135173 -0.00981451 -0.0054515 -0.00192037
4.7 -0.0127984 -0.0112577 -0.0103148 -0.00920586
4.8 -0.0104193 -0.00949736 -0.0108673 -0.00930877
4.9 -0.00643368 -0.00683816 -0.004634 -0.00139948
5 -0.00515841 -0.00169386 0.00246912 0.00522053
5.1 -0.00403006 0.00244141 0.00438999 0.00495573
5.2 0.00190194 0.00116769 0.00158944 0.000852648
5.3 0.00414404 0.000594286 -0.00157791 -0.00207575
5.4 0.000138831 0.00184075 -0.000794607 -0.00147253
5.5 0.0011051 0.000535901 0.00205116 0.00146696
5.6 0.00547519 0.0019777 0.00213481 0.00317173
5.7 0.0047764 0.00461081 0.00207087 0.00236498
5.8 0.000820523 0.00107479 0.00319742 0.00157041
5.9 -0.00319041 -0.00297286 -0.000146248 0.00131219
6 -0.00729028 -0.00415573 -0.00595398 -0.00129623
6.1 -0.0101275 -0.0076353 -0.00753347 -0.00590704
6.2 -0.0118809 -0.0108612 -0.00774045 -0.00738175
6.3 -0.0115397 -0.0094076 -0.00883286 -0.00578521
6.4 -0.00157748 -0.00554164 -0.00595322 -0.00582437
6.5 0.00980743 0.00266712 0.000515617 -0.00397545
6.6 0.00694959 0.0109516 0.00717257 0.00468984
6.7 -0.00129226 0.00746641 0.00867693 0.0143116
6.8 -0.00159645 -0.00227097 0.00142174 0.0126545
6.9 0.000381359 -0.00499767 -0.00651155 -0.00304203
7 -0.00144572 -0.00247578 -0.00701842 -0.0179676
7.1 -0.00510712 -0.00347344 -0.00385524 -0.0163597
7.2 -0.00927195 -0.00725956 -0.0045637 -0.00134262
7.3 -0.00941569 -0.00817336 -0.00675343 0.00793817
7.4 -0.00244542 -0.00421063 -0.00404034 0.000687082
7.5 0.00426188 0.00290217 0.000776812 -0.0103366
7.6 0.00418025 0.00674575 0.00239389 -0.00838302
7.7 0.00264886 0.00303252 0.00192927 0.00423157
7.8 0.000912105 -0.00086832 0.0019873 0.010978
7.9 -0.0057979 -0.000136744 0.00171878 0.00405929
8 -0.00835739 -0.00260526 -0.00134293 -0.00674731
8.1 -0.00288721 -0.0074852 -0.00706451 -0.0117787
8.2 -0.00338227 -0.00663622 -0.00867411 -0.0118652
8.3 -0.00902948 -0.00468253 -0.00246908 -0.00926371
8.4 -0.00824216 -0.00564915 0.000965548 -0.00213812
8.5 -0.00290853 -0.00452152 -0.00260033 0.00496292
8.6 -0.00100887 -0.00117613 -0.00195024 0.00243711
8.7 -0.00430999 -0.00016296 0.00223067 -0.00430062
8.8 -0.00698105 -0.00295738 -0.000641717 -0.00372625
8.9 -0.00512088 -0.00620473 -0.00656879 -0.000410152
9 -0.00346448 -0.00584688 -0.00595188 -0.00284929
9.1 -0.00361875 -0.00224369 -0.00143858 -0.00659101
9.2 0.00121658 0.00119202 0.000213416 -0.00371666
9.3 0.00679148 0.00431596 0.000758481 0.00370297
9.4 0.00432601 0.00628069 0.00453853 0.00845434
9.5 0.00483251 0.00534845 0.00652799 0.00917003
9.6 0.0093518 0.00621839 0.00362039 0.00747986
9.7 0.00506429 0.00627853 0.00407218 0.00390303
9.8 0.00587775 0.00237891 0.0059698 0.0019287
9.9 0.0159326 0.00672385 0.00264784 0.0034428
10 0.0140434 0.0149754 0.0052344 0.00505569
10.1 0.0048023 0.0110452 0.0124169 0.00905309
10.2 0.00233267 0.00221129 0.00827538 0.0132909
10.3 0.00370951 -6.49208e-06 -0.000487978 0.00548346
10.4 0.00715939 0.00251717 -0.00177912 -0.0105331
10.5 0.0035139 0.00274669 0.000506041 -0.0151848
10.6 -0.0125311 -0.00534572 -0.00177586 -0.00205117
10.7 -0.0263196 -0.0183333 -0.00796076 0.0082723
10.8 -0.0269305 -0.024132 -0.0116618 -0.00428976
10.9 -0.0210443 -0.0197837 -0.0103941 -0.029131
11 -0.0199492 -0.0131737 -0.00821204 -0.0409863
11.1 -0.0199641 -0.0111554 -0.00802834 -0.0332967
11.2 -0.00871534 -0.0124798 -0.00723067 -0.0183584
11.3 0.0137121 -0.0030431 -0.00466817 -0.00422271
11.4 0.0257918 0.0192853 0.00648078 0.00594799
11.5 0.0209161 0.0301473 0.0298318 0.0108735
11.6 0.0126468 0.0240035 0.0454728 0.0133429
11.7 -0.000575161 0.0160431 0.040159 0.0117101
11.8 -0.00991821 0.00378666 0.0244364 0.00401531
11.9 0.00656953 -0.00745522 0.00193628 -0.00360229
12 0.0294984 0.000197607 -0.014376 -0.011308
12.1 0.0251407 0.0195177 -0.00132751 -0.0224949
12.2 0.0111351 0.0244768 0.0309815 -0.0240203
12.3 0.0126123 0.0130126 0.0480374 -0.000635993
12.4 0.0174167 0.00963213 0.0360337 0.0359183
12.5 0.00199883 0.0152188 0.0194468 0.0545246
12.6 -0.0367541 0.00289295 0.0149597 0.0471579
12.7 -0.0734616 -0.0267729 0.00406895 0.0282903
12.8 -0.0858261 -0.045808 -0.0216202 -0.000696173
12.9 -0.0748742 -0.0445777 -0.0425937 -0.0417651
13 -0.0643049 -0.0339379 -0.0425015 -0.0831487
13.1 -0.068459 -0.029251 -0.0248774 -0.110365
13.2 -0.0828795 -0.0353358 -0.0120753 -0.11095
13.3 -0.0801304 -0.0420398 -0.018932 -0.0877014
13.4 -0.0201631 -0.038505 -0.0344437 -0.0604244
13.5 0.0395705 -0.017628 -0.0368644 -0.0428916
13.6 0.0292777 0.01488 -0.0128977 -0.0354782
13.7 0.0118891 0.0265989 0.0312658 -0.0262339
13.8 0.0272275 0.0128342 0.0662891 0.000383065
13.9 0.0297064 0.0128579 0.0646262 0.0429677
14 0.0300078 0.0273341 0.0447241 0.0791617
14.1 0.0558388 0.0270977 0.046357 0.0890046
14.2 0.0672871 0.0241116 0.0647418 0.0809026
14.3 0.0338815 0.0302756 0.0673156 0.0816375
14.4 -0.00650927 0.0199937 0.0546042 0.0911502
14.5 -0.0131707 -0.0078639 0.0403562 0.0888055
14.6 0.000205499 -0.0222389 0.0160423 0.0744154
14.7 0.0162944 -0.00938808 -0.0160438 0.0519694
14.8 0.0271259 0.0106711 -0.0255145 0.013018
14.9 0.0342598 0.0150301 0.000210963 -0.0375964
15 0.0537608 0.0127988 0.0334178 -0.0755759
15.1 0.0655433 0.0242684 0.0477847 -0.0822483
15.2 0.0380647 0.0337476 0.0477086 -0.0563752
15.3 -0.0129531 0.0119287 0.0443894 -0.00795533
15.4 -0.04418 -0.0265523 0.0311586 0.047981
15.5 -0.0328836 -0.0409003 0.000510391 0.0899091
15.6 0.0128075 -0.0172413 -0.0277792 0.0930522
15.7 0.0702672 0.0212467 -0.0210604 0.0534921
15.8 0.106321 0.0476977 0.0240912 -0.00112181
15.9 0.109601 0.0555985 0.0776462 -0.0350077
16 0.112455 0.0548378 0.108212 -0.0278158
16.1 0.12674 0.0548833 0.108083 0.016892
16.2 0.134249 0.0537509 0.0972659 0.0755054
16.3 0.127262 0.0478126 0.0991197 0.120661
16.4 0.104584 0.0444936 0.106614 0.142339
16.5 0.0795717 0.0487753 0.104323 0.144688
16.6 0.0782292 0.049399 0.0991796 0.132842
16.7 0.115653 0.0413186 0.0977713 0.115513
16.8 0.15828 0.0413928 0.0966609 0.0986571
16.9 0.150647 0.0516416 0.0978183 0.0829752
17 0.108919 0.0496571 0.103214 0.0708568
17.1 0.0723552 0.0348543 0.103233 0.0656152
17.2 0.0436133 0.020659 0.0919164 0.0660914
17.3 0.0178681 0.0095318 0.074217 0.0670286
17.4 -0.00285309 0.00124456 0.0517504 0.0653962
17.5 -0.00255493 -0.00229718 0.0212535 0.060446
17.6 0.00602753 -0.000221826 -0.00960723 0.0477595
17.7 -0.0051336 -0.00180992 -0.0190658 0.0183035
17.8 -0.0345921 -0.0135002 -0.00477687 -0.024991
17.9 -0.0719708 -0.0265317 0.00460633 -0.0623133
18 -0.106111 -0.0363998 -0.0106776 -0.0817751
18.1 -0.130719 -0.0456938 -0.0408067 -0.0903335
18.2 -0.1411 -0.0515184 -0.0682997 -0.0986345
18.3 -0.139203 -0.0508885 -0.0861681 -0.108224
18.4 -0.139952 -0.0489725 -0.0919902 -0.115133
18.5 -0.143447 -0.0507314 -0.0897255 -0.114928
18.6 -0.149194 -0.0505 -0.0896185 -0.109502
18.7 -0.169336 -0.0485571 -0.0897693 -0.109846
18.8 -0.199096 -0.0502391 -0.0888646 -0.114739
18.9 -0.215441 -0.0511981 -0.0919951 -0.114292
19 -0.202849 -0.047398 -0.0901198 -0.112858
19.1 -0.167875 -0.038895 -0.0780263 -0.113205
19.2 -0.130828 -0.0278866 -0.0639904 -0.109236
19.3 -0.109771 -0.0173068 -0.050657 -0.101199
19.4 -0.106804 -0.010023 -0.0356039 -0.0916175
19.5 -0.113624 -0.00975355 -0.0178889 -0.0803635
19.6 -0.127194 -0.0147687 -0.00183568 -0.0660225
19.7 -0.1337 -0.0161248 0.00129976 -0.0448708
19.8 -0.107212 -0.0110854 -0.0102796 -0.0169138
19.9 -0.0439098 -0.00738703 -0.0202946 0.00688334
20 0.0363359 -0.00426709 -0.014543 0.0133489
20.1 0.0992893 0.00771433 0.00445166 0.00394238
20.2 0.125717 0.0299882 0.0245145 -0.0052101
20.3 0.133801 0.0515626 0.0421559 -0.000885592
20.4 0.139434 0.0539813 0.0679091 0.0154371
20.5 0.137208 0.0431936 0.0966978 0.0387624
20.6 0.123306 0.0455794 0.101951 0.0718648
20.7 0.121531 0.052507 0.0848851 0.112231
20.8 0.145538 0.0430563 0.0740577 0.142928
20.9 0.160414 0.0360757 0.0788469 0.148009
21 0.150294 0.0472494 0.0911916 0.131773
21.1 0.151381 0.053388 0.102846 0.114238
21.2 0.178679 0.0493991 0.103584 0.109326
21.3 0.214966 0.0533701 0.0950639 0.115306
21.4 0.253121 0.0544882 0.0983705 0.123092
21.5 0.283123 0.0510095 0.110245 0.133661
21.6 0.29895 0.0592765 0.109422 0.150391
21.7 0.307162 0.0671394 0.107264 0.161397
21.8 0.306857 0.0653983 0.114241 0.160548
21.9 0.297057 0.0630007 0.112753 0.159187
22 0.279296 0.0600161 0.097709 0.159946
22.1 0.252115 0.0542984 0.081473 0.154897
22.2 0.219498 0.0471061 0.0679897 0.144784
22.3 0.188889 0.0386224 0.055566 0.133216
22.4 0.157472 0.0292403 0.0441405 0.120198
22.5 0.118166 0.019657 0.033411 0.105805
22.6 0.0743803 0.011811 0.0223627 0.0901567
22.7 0.0285977 0.00819118 0.0103364 0.0729434
22.8 -0.0083892 0.00393898 0.000609022 0.0521099
22.9 -0.0220486 -0.00794267 -0.00232061 0.0237853
23 -0.0252078 -0.0215503 -0.00224263 -0.00987662
23.1 -0.0367927 -0.0270737 -0.00762149 -0.0398302
23.2 -0.0570641 -0.0257566 -0.0180462 -0.0623153
23.3 -0.0819464 -0.025831 -0.0275612 -0.0772866
23.4 -0.108106 -0.0279826 -0.0366267 -0.082186
23.5 -0.127645 -0.027634 -0.0472173 -0.0792923
23.6 -0.135484 -0.0275463 -0.0545743 -0.0771999
23.7 -0.134363 -0.0295247 -0.0545209 -0.0809055
23.8 -0.127026 -0.027984 -0.0503715 -0.0879457
23.9 -0.108694 -0.0210014 -0.0468959 -0.0930469
24 -0.0792936 -0.0133631 -0.0439669 -0.0934663
24.1 -0.0437271 -0.00986016 -0.0388216 -0.0899099
24.2 -0.00361439 -0.0100756 -0.0300476 -0.0841168
24.3 0.0316239 -0.00608908 -0.0176505 -0.0768657
24.4 0.0490979 0.0060719 -0.00134749 -0.0664824
24.5 0.0489412 0.0192952 0.0151404 -0.0473544
24.6 0.0414642 0.0271726 0.0238481 -0.0133964
24.7 0.0321916 0.0274273 0.0239216 0.0317975
24.8 0.0159375 0.0205358 0.0213237 0.0762328
24.9 -0.00589289 0.00794777 0.018368 0.112105
25 -0.0239619 -0.00655608 0.0119273 0.134745
25.1 -0.0361421 -0.0138795 0.000701456 0.13681
25.2 -0.0438274 -0.013225 -0.00898184 0.115776
25.3 -0.0504112 -0.0131511 -0.00964155 0.0768581
25.4 -0.0546014 -0.0148352 -0.00264045 0.0257643
25.5 -0.0439949 -0.0124775 0.00077436 -0.0270747
25.6 -0.0204187 -0.00657972 -0.006593 -0.068163
25.7 -1.54796e-05 -0.00253725 -0.0187914 -0.0922852
25.8 0.00907299 -0.00113057 -0.0284067 -0.0978304
25.9 0.00199135 -0.00133654 -0.0307251 -0.0887378
26 -0.0153605 -0.00476603 -0.0231604 -0.0756036
26.1 -0.0299897 -0.0116269 -0.0105756 -0.0624433
26.2 -0.0414991 -0.0171526 -0.00193027 -0.0469384
26.3 -0.0544178 -0.0169392 -0.00241585 -0.027775
26.4 -0.0672688 -0.0138869 -0.00887643 -0.00682915
26.5 -0.0777329 -0.0140731 -0.0123552 0.00821558
26.6 -0.0846342 -0.0182919 -0.00731204 0.00815284
26.7 -0.0850653 -0.0211038 -0.000522722 -0.00339677
26.8 -0.0785535 -0.0181969 -0.00224185 -0.013409
26.9 -0.0679578 -0.0125313 -0.0107724 -0.0168498
27 -0.0540362 -0.0103696 -0.01765 -0.0165548
27.1 -0.0375168 -0.0137423 -0.0183967 -0.0154288
27.2 -0.021136 -0.0183474 -0.014777 -0.0140205
27.3 -0.00733337 -0.0180739 -0.0110823 -0.0111562
27.4 0.000812832 -0.00942858 -0.00860821 -0.00619447
27.5 0.00295952 0.00319112 -0.00279546 -0.000571284
27.6 0.00378164 0.0105936 0.00952163 0.00408062
27.7 0.00673191 0.0114974 0.0226651 0.00819755
27.8 0.010958 0.0110278 0.030279 0.0123871
27.9 0.0147438 0.0122737 0.0311013 0.016382
28 0.0177489 0.013908 0.027727 0.0193446
28.1 0.0196719 0.0137924 0.0239764 0.0199263
