0.1 -509560 -237339 -107206 -41254.4
0.2 -1.89649e+06 -1.20471e+06 -675123 -297189
0.3 -3.22835e+06 -2.5792e+06 -1.74528e+06 -866815
0.4 -3.89351e+06 -3.22944e+06 -2.39306e+06 -1.28324e+06
0.5 -4.08802e+06 -3.03461e+06 -2.03017e+06 -1.03753e+06
0.6 -3.83641e+06 -2.72596e+06 -1.61408e+06 -705965
0.7 -1.0853e+06 -1.49752e+06 -1.30087e+06 -730154
0.8 84728.2 470350 127674 -79366.5
0.9 -4.7695e+06 -1.56753e+06 161268 465655
1 -7.47256e+06 -6.76099e+06 -4.34385e+06 -1.92939e+06
1.1 -6.66514e+06 -7.16138e+06 -6.92987e+06 -4.29643e+06
1.2 -7.89926e+06 -4.5607e+06 -2.60228e+06 -1.40754e+06
1.3 -8.10795e+06 -4.71991e+06 -849587 774430
1.4 -2.68499e+06 -4.04312e+06 -4.49144e+06 -2.84424e+06
1.5 2.59366e+06 441860 -1.70545e+06 -2.09222e+06
1.6 1.49551e+07 1.04112e+07 8.40789e+06 5.28389e+06
1.7 2.17114e+07 2.05715e+07 1.48514e+07 7.81183e+06
1.8 -8.75479e+06 3.25384e+06 5.8307e+06 3.16207e+06
1.9 -3.41199e+07 -3.34286e+07 -2.15662e+07 -9.24842e+06
2 -1.20749e+07 -2.68908e+07 -3.01817e+07 -1.89687e+07
2.1 2.53631e+07 2.29889e+07 1.25974e+07 3.17305e+06
2.2 6.38965e+07 5.50458e+07 4.58056e+07 2.72821e+07
2.3 7.68075e+07 6.00324e+07 4.72736e+07 2.79855e+07
2.4 7.02823e+07 6.11756e+07 3.26362e+07 1.08123e+07
2.5 5.02513e+06 1.1605e+07 1.46024e+07 8.65899e+06
2.6 -4.04224e+07 -3.65186e+07 -1.62388e+07 -951081
2.7 -6.75427e+07 -5.47695e+07 -4.67037e+07 -2.79601e+07
2.8 -9.4683e+07 -6.27009e+07 -4.97656e+07 -3.157e+07
2.9 -1.04056e+08 -7.95698e+07 -4.39881e+07 -1.56594e+07
3 -7.08131e+07 -8.18686e+07 -5.09279e+07 -2.30583e+07
3.1 -5.89659e+07 -2.75703e+07 -4.31536e+07 -3.17759e+07
3.2 -3.94333e+07 -2.85501e+07 -4.67041e+06 -2.80048e+06
3.3 -2.34566e+07 -2.45988e+07 -1.08876e+06 1.32921e+07
3.4 -1.09892e+07 -8.06617e+06 -1.80337e+07 -1.06229e+07
3.5 5.60408e+07 2.60141e+07 -1.22889e+06 -1.97569e+07
3.6 6.32284e+07 5.69486e+07 4.38465e+07 2.81805e+07
3.7 -2.23618e+06 4.14268e+07 5.34406e+07 4.00882e+07
3.8 -2.00386e+07 -1.62915e+07 3.94377e+06 6.15455e+06
3.9 -4.10759e+07 -4.55924e+07 -5.27336e+07 -3.02196e+07
4 -1.19247e+08 -8.63202e+07 -6.28286e+07 -4.22108e+07
4.1 -1.19264e+08 -1.02323e+08 -6.54083e+07 -2.9423e+07
4.2 -1.1929e+08 -1.02641e+08 -6.74326e+07 -2.61962e+07
4.3 -1.19325e+08 -7.19605e+07 -5.75807e+07 -4.05638e+07
4.4 -1.04709e+08 -8.4181e+07 -4.7048e+07 -2.02186e+07
4.5 -2.59869e+07 -4.95076e+07 -3.85273e+07 -1.05729e+07
4.6 -1.35137e+07 -9.32611e+06 -1.26803e+07 -2.00586e+07
4.7 1.19257e+08 6.33674e+07 1.07937e+07 -2.43965e+06
4.8 1.19325e+08 9.66483e+07 7.57278e+07 4.31515e+07
4.9 1.19363e+08 1.07331e+08 8.34827e+07 4.77014e+07
5 1.19417e+08 1.07339e+08 8.34899e+07 4.77023e+07
5.1 1.19488e+08 1.0734e+08 8.34906e+07 3.64938e+07
5.2 1.19543e+08 7.87528e+07 4.26613e+07 2.59172e+07
5.3 1.19581e+08 7.00785e+07 3.72801e+07 1.50937e+07
5.4 8.37512e+07 8.36544e+07 6.27575e+07 2.56394e+07
5.5 2.74847e+07 4.49656e+07 4.63351e+07 3.74228e+07
5.6 2.43813e+07 2.33977e+07 1.97244e+07 1.11423e+07
5.7 2.08886e+07 1.28043e+07 1.67938e+07 5.39507e+06
5.8 1.54094e+07 6.3265e+06 4.35156e+06 -1.38732e+06
5.9 -1.01806e+08 -2.85886e+07 -3.86227e+07 -1.44197e+07
6 -1.1944e+08 -1.07329e+08 -6.05232e+07 -3.26429e+07
6.1 -1.19498e+08 -1.07358e+08 -7.66786e+07 -4.35616e+07
6.2 -1.19499e+08 -1.07373e+08 -8.34741e+07 -4.08613e+07
6.3 -1.19533e+08 -1.07378e+08 -7.31391e+07 -3.45323e+07
6.4 -1.19576e+08 -8.30301e+07 -4.80381e+07 -2.88732e+07
6.5 -7.84223e+07 -5.33348e+07 -4.16827e+07 -1.602e+07
6.6 -2.97099e+07 -3.64041e+07 -2.33094e+07 -1.3041e+07
6.7 -1.18661e+08 -4.58788e+07 -1.943e+07 -1.13515e+07
6.8 -2.98072e+07 -7.04303e+07 -5.07047e+07 -1.7705e+07
6.9 -2.74891e+07 -2.66679e+07 -3.97866e+07 -3.08401e+07
7 -2.51604e+07 -2.47013e+07 -1.35469e+07 -8.25828e+06
7.1 -2.35024e+07 -2.23523e+07 -7.20205e+06 -440141
7.2 -2.25864e+07 -1.8879e+07 -239981 6.88553e+06
7.3 -3.17201e+07 -4.74702e+06 -8.01086e+06 -5.11143e+06
7.4 -3.60613e+07 2.53975e+06 -7.10898e+06 -9.90406e+06
7.5 -3.83853e+07 -2.17443e+07 -4.36299e+06 -1.89375e+06
7.6 -2.94143e+07 -3.30902e+07 -1.35839e+07 1.89334e+06
7.7 -2.77827e+07 -3.4464e+07 -2.21659e+07 -1.06556e+07
7.8 -2.57112e+07 -2.54122e+07 -2.92621e+07 -2.27896e+07
7.9 -2.33927e+07 -2.1672e+07 -2.61381e+07 -1.42257e+07
8 2.36846e+07 -1.52395e+07 -1.16832e+07 -5.59799e+06
8.1 3.9936e+07 2.00695e+07 8.60678e+06 3.82674e+06
8.2 4.23571e+07 4.40407e+07 2.39999e+07 1.10113e+07
8.3 4.66772e+07 7.10223e+07 3.46378e+07 1.53659e+07
8.4 1.0046e+08 5.15776e+07 7.25705e+07 2.90448e+07
8.5 1.19605e+08 9.0795e+07 6.07926e+07 4.7703e+07
8.6 2.97205e+07 9.58795e+07 4.7665e+07 2.84501e+07
8.7 2.82512e+07 1.81304e+07 4.72084e+07 1.08017e+07
8.8 2.63859e+07 -9.18315e+06 1.63938e+07 1.07169e+07
8.9 2.37947e+07 5.81817e+06 -2.24e+07 9.35001e+06
9 2.07207e+07 1.52e+07 -2.87376e+07 -1.47442e+07
9.1 4.26544e+06 -6.38648e+06 8.98024e+06 -4.10581e+07
9.2 -2.99871e+07 -1.57739e+07 2.23046e+06 1.14841e+07
9.3 -6.03858e+06 -9.90402e+06 -1.62289e+07 2.4681e+07
9.4 -937966 -2.38172e+06 3.79435e+06 5.5455e+06
9.5 1.77046e+07 1.35648e+07 1.52369e+07 -2.2415e+07
9.6 3.32847e+07 2.20124e+07 1.89114e+06 -2.11217e+06
9.7 3.55596e+07 2.41408e+07 1.44275e+06 1.47319e+07
9.8 3.55692e+07 2.06534e+07 1.9957e+07 1.58559e+07
9.9 2.83864e+07 2.64875e+07 2.96909e+07 7.15519e+06
10 1.73437e+07 3.04661e+07 2.9782e+07 9.22849e+06
10.1 -3.33086e+07 1.59495e+07 1.42976e+07 1.38639e+07
10.2 -3.8485e+07 -2.18367e+07 2.05054e+06 1.02744e+07
10.3 -4.09082e+07 -3.74352e+07 -2.76494e+07 -4.55404e+06
10.4 -4.28172e+07 -4.20843e+07 -5.90614e+07 -4.68283e+07
10.5 -4.40565e+07 -7.50708e+07 -5.24197e+07 -4.45547e+07
10.6 -4.45019e+07 -5.90199e+07 -3.50276e+07 -2.24624e+06
10.7 -2.89487e+07 -2.37078e+07 -1.47044e+07 7.14738e+06
10.8 -2.63473e+07 -1.68908e+07 -9.21719e+06 -1.36175e+07
10.9 -1.57569e+07 -1.2449e+06 -3.71192e+06 -1.61365e+07
11 3.93027e+07 2.95802e+07 3.882e+06 4.3569e+06
11.1 4.0648e+07 3.27024e+07 1.99808e+07 1.51306e+07
11.2 4.12832e+07 3.354e+07 3.06234e+07 1.82972e+07
11.3 4.17417e+07 3.53189e+07 3.39336e+07 1.83475e+07
11.4 3.82258e+07 3.97123e+07 3.54749e+07 1.41813e+07
11.5 2.9452e+07 3.51667e+07 1.98306e+07 1.412e+07
11.6 3.01586e+07 1.76752e+07 1.73278e+07 1.03209e+07
11.7 3.13973e+07 1.55619e+07 1.24351e+07 6.68446e+06
11.8 3.20096e+07 1.9923e+07 7.3959e+06 2.83921e+06
11.9 3.23098e+07 2.33068e+07 5.50965e+06 -1.81537e+06
12 3.33904e+07 2.35152e+07 1.43063e+07 6.02391e+06
12.1 3.56014e+07 2.34545e+07 1.75784e+07 8.89362e+06
12.2 3.76556e+07 2.64973e+07 1.97493e+07 1.13177e+07
12.3 2.95663e+07 3.01877e+07 2.09871e+07 1.22777e+07
12.4 2.78451e+07 2.79619e+07 2.1364e+07 9.86238e+06
12.5 2.55615e+07 2.03672e+07 1.62855e+07 8.72792e+06
12.6 1.71828e+07 1.72188e+07 1.31997e+07 7.84029e+06
12.7 -3.95868e+07 6.09373e+06 8.7211e+06 5.7281e+06
12.8 -4.11018e+07 -2.88618e+07 -8.55476e+06 -1.28219e+06
12.9 -2.97057e+07 -3.90348e+07 -2.72908e+07 -1.38549e+07
13 -2.88103e+07 -4.16334e+07 -5.59875e+07 -3.20365e+07
13.1 -2.85814e+07 -4.27431e+07 -2.78685e+07 -2.45763e+07
13.2 -2.99988e+07 -2.6377e+07 -1.37347e+07 -3.95039e+06
13.3 -2.90386e+07 -2.40185e+07 -1.14426e+07 8.7294e+06
13.4 -2.82005e+06 -1.81329e+07 -8.94303e+06 -8.92351e+06
13.5 3.47467e+07 1.11524e+07 -5.10099e+06 -1.23415e+07
13.6 3.63988e+07 4.49961e+07 1.5284e+07 3.72375e+06
13.7 2.95942e+07 5.76489e+07 2.73097e+07 1.53039e+07
13.8 1.14843e+07 1.58542e+07 4.16739e+07 2.47947e+07
13.9 -3.79209e+07 -8.51154e+06 3.2127e+07 2.88292e+07
14 -4.13654e+07 -2.10771e+07 7.03098e+06 8.47975e+06
14.1 -4.2661e+07 -2.68649e+07 -5.374e+07 -1.9505e+07
14.2 -2.89726e+07 -3.86409e+07 -6.91577e+07 -4.77022e+07
14.3 -2.69494e+07 -4.73134e+07 -1.3344e+07 -4.58326e+07
14.4 -2.59178e+07 -5.22921e+07 -2.15223e+07 2.53356e+06
14.5 -3.09759e+07 -2.36399e+07 -3.60856e+07 1.90175e+07
14.6 -3.2674e+07 -1.71924e+07 -8.29777e+06 -966926
14.7 -2.97635e+07 -7.15089e+06 1.86618e+07 -2.22141e+07
14.8 -2.86333e+07 1.45345e+06 -4.3841e+06 -9.07582e+06
14.9 -2.67827e+07 -1.63645e+07 -2.4021e+07 8.81233e+06
15 6.48393e+06 -2.3508e+07 -1.23917e+07 957967
15.1 3.04484e+07 -1.31353e+07 -3.67654e+06 -1.26714e+07
15.2 3.22155e+07 3.06538e+07 4.01792e+06 -1.07698e+07
15.3 2.60962e+07 4.95531e+07 1.70367e+07 9.46188e+06
15.4 2.43983e+07 2.50306e+07 2.78586e+07 1.84958e+07
15.5 1.68428e+07 1.82482e+07 3.25336e+07 2.75161e+07
15.6 -5.13893e+06 1.37288e+07 2.27084e+07 1.1516e+07
15.7 1.08007e+07 9.42444e+06 1.41388e+07 7.45754e+06
15.8 2.07995e+07 1.30205e+06 -2.78058e+06 941808
15.9 2.19216e+07 6.04364e+06 -2.31203e+07 -1.3571e+07
16 1.59385e+07 2.02215e+06 -5.79728e+06 -1.57847e+07
16.1 -3.58079e+06 2.3247e+06 1.17532e+07 -2.02363e+06
16.2 -4.23116e+06 6.69053e+06 6.91377e+06 1.57362e+07
16.3 3.14019e+06 -238147 5.11767e+06 1.73215e+07
16.4 -6.78967e+06 837241 8.59659e+06 3.50358e+06
16.5 -6.1043e+06 532340 -2.61418e+06 -1.3885e+07
16.6 1.5934e+07 -4.77384e+06 -1.65615e+07 -1.33599e+07
16.7 1.73169e+07 871131 -1.02682e+07 -2.22756e+06
16.8 2.13905e+06 1.04319e+07 1.35461e+07 9.47334e+06
16.9 -1.48033e+07 8.38057e+06 1.82341e+07 1.0553e+07
17 -1.6602e+07 -5.14304e+06 1.01076e+07 6.57429e+06
17.1 -9.29347e+06 -1.57791e+07 -1.58416e+07 -2.09452e+06
17.2 1.84666e+07 -1.08946e+07 -2.16145e+07 -1.25657e+07
17.3 2.80298e+07 1.25194e+07 -6.96513e+06 -1.56679e+07
17.4 3.06942e+07 2.36779e+07 1.5675e+07 -4.30639e+06
17.5 2.20478e+07 2.81564e+07 2.1369e+07 1.79614e+07
17.6 1.4167e+07 2.39626e+07 2.66354e+07 3.40717e+07
17.7 -4.35096e+06 1.53428e+07 2.92762e+07 1.12105e+07
17.8 -9.81849e+06 3.61444e+06 1.33434e+07 5.43009e+06
17.9 -2.87358e+06 -1.75547e+07 -1.48017e+07 -6.10929e+06
18 -1.24137e+07 -1.96896e+07 -3.37478e+07 -1.51604e+07
18.1 -2.06102e+07 -2.16559e+07 -2.62979e+07 -2.22354e+07
18.2 -2.69084e+07 -2.38931e+07 -1.07233e+07 -1.13863e+07
18.3 -3.23027e+07 -2.29176e+07 -9.52895e+06 -5.59807e+06
18.4 -3.28818e+07 -1.72159e+07 -1.30712e+07 5.37156e+06
18.5 -2.93699e+07 -1.90491e+07 -1.08134e+07 -3.70176e+06
18.6 -1.6554e+07 -2.0669e+07 -9.66939e+06 -1.03198e+07
18.7 2.37618e+07 -1.30853e+07 -1.31493e+07 -1.06426e+07
18.8 3.43613e+07 2.34149e+07 -8.45552e+06 -4.86143e+06
18.9 3.45752e+07 3.44124e+07 1.90863e+07 9.26337e+06
19 2.19734e+07 3.60166e+07 3.15765e+07 1.40241e+07
19.1 -8.2394e+06 1.82488e+07 3.91605e+07 1.86662e+07
19.2 -1.84281e+07 6.94509e+06 1.91946e+07 2.45032e+07
19.3 1.12435e+07 -1.84565e+07 6.29715e+06 9.21691e+06
19.4 1.891e+07 1.64139e+06 -2.58561e+07 -1.18939e+07
19.5 1.75525e+07 1.31174e+07 -3.1436e+07 -2.87546e+07
19.6 1.5261e+07 -5.52908e+06 7.60201e+06 -1.66215e+07
19.7 -4.55242e+06 -501071 1.60742e+07 8.73052e+06
19.8 -1.84261e+07 1.24309e+07 3.29246e+06 2.3227e+07
19.9 -1.61961e+07 -7.21296e+06 5.7111e+06 1.1898e+07
20 9.25469e+06 -1.59601e+07 2.87889e+06 2.50012e+06
20.1 1.69466e+07 9.93937e+06 -1.21566e+07 -1.67042e+07
20.2 -3.2184e+06 1.79347e+07 -7.39043e+06 -1.79485e+07
20.3 -1.96338e+07 -1.62874e+07 4.65385e+06 -944249
20.4 -2.60408e+07 -2.32081e+07 -4.44675e+06 1.54694e+07
20.5 -3.13854e+07 -2.4136e+07 -1.51632e+07 7.32441e+06
20.6 -2.63594e+07 -1.85766e+07 -1.45025e+07 -1.45952e+07
20.7 -7.58685e+06 -1.70895e+07 -1.61544e+07 -2.68668e+07
20.8 3.1161e+07 -9.61306e+06 -1.88551e+07 -1.00221e+07
20.9 3.46662e+07 2.60665e+07 -2.7994e+06 -188909
21 3.49104e+07 3.6044e+07 2.40246e+07 1.40574e+07
21.1 2.92891e+07 3.83789e+07 3.81248e+07 1.88515e+07
21.2 2.37008e+07 3.41496e+07 5.57967e+07 2.99262e+07
21.3 3.44163e+06 2.27811e+07 1.92289e+07 2.43271e+07
21.4 -2.23461e+07 1.40632e+07 1.16541e+07 7.06533e+06
21.5 -2.30765e+07 -2.44694e+07 -7.07695e+06 -1.17974e+07
21.6 -1.64885e+07 -3.76122e+07 -4.65453e+07 -1.80662e+07
21.7 -1.16709e+07 -3.96602e+07 -5.42679e+07 -3.39982e+07
21.8 -7.99962e+06 -2.91103e+07 -1.13426e+07 -2.23917e+07
21.9 -1.67137e+07 -2.0409e+07 -8.09233e+06 -4.25789e+06
22 -2.17983e+07 -1.31645e+06 -6.06882e+06 1.45328e+07
22.1 -2.07399e+07 2.3932e+07 1.57908e+07 1.25025e+07
22.2 -1.7187e+06 -7.36892e+06 2.03225e+07 3.21336e+06
22.3 2.31811e+07 -4.05097e+06 1.62923e+06 -2.71682e+06
22.4 2.83714e+07 2.03739e+07 -2.05324e+07 -2.33355e+06
22.5 2.86086e+07 2.33788e+07 6.66067e+06 -5.63804e+06
22.6 2.3237e+07 1.51696e+07 2.32967e+07 7.22557e+06
22.7 1.83708e+07 1.75632e+07 2.63826e+07 1.43562e+07
22.8 3.88726e+06 2.12563e+07 1.46074e+07 1.80341e+07
22.9 -1.92872e+07 1.28968e+07 1.07619e+07 1.02142e+07
23 -2.23755e+07 -2.12667e+07 5.14214e+06 3.08221e+06
23.1 -1.95075e+07 -2.9303e+07 -2.40168e+07 -1.41986e+07
23.2 -1.77166e+07 -3.13874e+07 -4.88587e+07 -2.42773e+07
23.3 -1.44205e+07 -2.58502e+07 -2.20405e+07 -2.90078e+07
23.4 2.28227e+06 -1.67432e+07 -1.18833e+07 -7.16483e+06
23.5 5.10267e+06 5.65991e+06 -2.89419e+06 1.08597e+07
23.6 104958 2.63189e+07 2.06311e+07 1.28769e+07
23.7 8.19179e+06 1.8355e+07 2.84454e+07 7.56398e+06
23.8 1.89743e+07 1.29058e+07 1.785e+07 9.90917e+06
23.9 2.37322e+07 1.40115e+07 9.63716e+06 1.14915e+07
24 2.16032e+07 1.64705e+07 3.40492e+06 6.26591e+06
24.1 1.54946e+07 1.44865e+07 3.27634e+06 -6.27831e+06
24.2 -9.0837e+06 2.06607e+06 6.8441e+06 -5.19453e+06
24.3 -1.78496e+07 -1.73039e+07 -7.37657e+06 7.89061e+06
24.4 -1.86398e+07 -2.04078e+07 -1.58893e+07 -169758
24.5 -1.98709e+07 -1.89591e+07 -1.18106e+07 -1.32023e+07
24.6 -2.24694e+07 -1.49401e+07 -1.60264e+07 -1.62458e+07
24.7 -2.5153e+07 -1.64824e+07 -1.6471e+07 -8.03811e+06
24.8 -2.57597e+07 -1.95924e+07 -6.09484e+06 -3.21996e+06
24.9 -2.01198e+07 -2.05724e+07 -1.01665e+07 4.82099e+06
25 -1.17742e+07 -1.54116e+07 -1.25152e+07 -7.2876e+06
25.1 1.92386e+07 -199178 -4.16414e+06 -9.95152e+06
25.2 2.68217e+07 2.48231e+07 4.16095e+06 -3.08711e+06
25.3 3.17016e+07 2.99514e+07 1.64025e+07 1.17858e+07
25.4 3.19827e+07 2.75241e+07 2.53439e+07 1.64558e+07
25.5 2.46407e+07 2.41762e+07 3.01402e+07 1.75044e+07
25.6 1.93586e+07 2.58569e+07 2.0843e+07 1.06838e+07
25.7 1.54489e+07 1.71359e+07 1.56983e+07 8.75455e+06
25.8 9.58756e+06 1.2731e+07 8.90116e+06 6.10091e+06
25.9 -6.57099e+06 -6.23745e+06 -1.92593e+06 177554
26 -1.89751e+07 -1.98494e+07 -2.09931e+07 -1.15194e+07
26.1 -2.18033e+07 -2.38957e+07 -2.29737e+07 -1.44816e+07
26.2 -2.2563e+07 -2.57785e+07 -1.66284e+07 -1.37069e+07
26.3 -2.13762e+07 -1.80901e+07 -1.34245e+07 -5.92515e+06
26.4 -1.89895e+07 -1.47691e+07 -1.06443e+07 -141558
26.5 -1.69378e+07 -1.13566e+07 -4.49272e+06 -2.40557e+06
26.6 -3.32525e+06 -2.48444e+06 -575304 -4.19364e+06
26.7 1.84814e+07 1.07339e+07 676737 1.25548e+06
26.8 2.08721e+07 1.87452e+07 1.08965e+07 6.82541e+06
26.9 1.54601e+07 1.74628e+07 1.64585e+07 7.73905e+06
27 -5.59434e+06 5.64149e+06 1.58237e+07 8.14013e+06
27.1 -1.19002e+07 -4.08724e+06 -75947.4 5.27516e+06
27.2 -4.66249e+06 -1.43283e+07 -1.78827e+07 -8.20661e+06
27.3 -5.92726e+06 -1.56809e+07 -1.8344e+07 -1.27452e+07
27.4 -1.24645e+07 -8.69928e+06 -6.80714e+06 -1.28466e+07
27.5 -1.06942e+07 -3.80715e+06 -2.31761e+06 -1.40184e+06
27.6 1.16333e+06 -2.20698e+06 892958 1.09523e+07
27.7 1.57318e+07 7.43402e+06 8.58368e+06 6.48512e+06
27.8 1.7662e+07 1.95014e+07 1.28136e+07 -702046
27.9 1.79334e+07 2.09746e+07 9.12847e+06 3.20732e+06
28 1.69007e+07 1.25063e+07 1.03913e+07 8.15557e+06
28.1 1.64642e+07 4.78754e+06 1.052e+07 8.4177e+06
28.2 1.48823e+07 1.32415e+07 5.36048e+06 3.22955e+06
28.3 5.34011e+06 1.36026e+07 3.81325e+06 -3.51685e+06
28.4 -2.9258e+06 -3.14385e+06 3.48199e+06 1.61516e+06
28.5 -1.41425e+07 -1.49073e+07 -4.83971e+06 4.11298e+06
28.6 -1.85994e+07 -1.45144e+07 -1.43485e+07 -6.84189e+06
28.7 -2.06873e+07 -1.54105e+07 -1.46979e+07 -1.08877e+07
28.8 -1.88035e+07 -1.64487e+07 -8.84394e+06 -1.0633e+07
28.9 -1.61063e+07 -1.65041e+07 -1.48836e+07 -4.71523e+06
29 -4.82577e+06 -9.43656e+06 -6.08692e+06 2.44651e+06
29.1 9.1575e+06 6.79126e+06 4.73767e+06 -1.67166e+06
29.2 1.1797e+07 1.83495e+07 1.18099e+07 2.26933e+06
29.3 5.22556e+06 1.20388e+07 1.20742e+07 8.85527e+06
29.4 4.07825e+06 619783 5.26316e+06 9.50979e+06
29.5 5.66728e+06 -1.96827e+06 -1.1144e+06 137150
29.6 -1.51089e+06 2.76979e+06 -5.18547e+06 -9.86367e+06
29.7 -1.43117e+07 -5.65981e+06 -5.66824e+06 -6.16393e+06
29.8 -1.72243e+07 -1.65052e+07 -5.95823e+06 2.59981e+06
29.9 -1.8027e+07 -1.8005e+07 -8.79659e+06 -119856
30 -1.58321e+07 -1.37665e+07 -1.20865e+07 -8.59491e+06
30.1 -3.83595e+06 -7.77625e+06 -1.08746e+07 -1.03554e+07
30.2 1.18711e+07 4.02521e+06 -2.0543e+06 -5.29382e+06
30.3 1.68639e+07 1.53109e+07 9.92568e+06 9.16662e+06
30.4 1.84112e+07 1.93534e+07 1.61042e+07 1.16485e+07
30.5 1.99102e+07 1.91531e+07 1.91342e+07 8.80052e+06
30.6 1.89594e+07 1.62277e+07 1.41481e+07 7.09921e+06
30.7 1.64411e+07 1.42359e+07 1.05473e+07 6.30135e+06
30.8 1.03441e+07 1.03698e+07 6.26584e+06 4.53111e+06
30.9 -3.36194e+06 -42237.1 -2.7256e+06 -3.0873e+06
31 -1.44863e+07 -1.45551e+07 -9.08987e+06 -6.47904e+06
31.1 -1.72518e+07 -1.76225e+07 -1.40846e+07 -5.21604e+06
31.2 -1.87484e+07 -1.79239e+07 -1.35327e+07 -7.09495e+06
31.3 -2.04354e+07 -1.39748e+07 -7.05712e+06 -5.99538e+06
31.4 -2.09977e+07 -1.29129e+07 -9.65334e+06 -1.90558e+06
31.5 -1.79183e+07 -1.3652e+07 -8.19419e+06 -3.5308e+06
31.6 -1.44386e+07 -1.29226e+07 -7.89494e+06 -6.40367e+06
31.7 9.88146e+06 -4.93438e+06 -8.32336e+06 -4.26892e+06
31.8 1.91051e+07 1.39113e+07 3.08413e+06 605807
31.9 2.17875e+07 2.1261e+07 1.49338e+07 7.23947e+06
32 2.21047e+07 2.2433e+07 1.95103e+07 9.49151e+06
32.1 1.87903e+07 1.893e+07 2.05164e+07 1.13683e+07
32.2 1.693e+07 1.52273e+07 1.27797e+07 1.13148e+07
32.3 1.44904e+07 1.43236e+07 9.07269e+06 5.43524e+06
32.4 -1.48217e+06 6.59048e+06 3.93494e+06 -3.6109e+06
32.5 -1.6294e+07 -1.57897e+07 -1.08862e+07 -5.0667e+06
32.6 -1.7851e+07 -2.08305e+07 -1.88857e+07 -5.55346e+06
32.7 -1.86207e+07 -2.24478e+07 -1.50177e+07 -9.53588e+06
32.8 -1.83546e+07 -1.57605e+07 -9.69445e+06 -9.7992e+06
32.9 -1.50726e+07 -1.17448e+07 -1.08872e+07 -2.32345e+06
33 1.39385e+06 -1.64089e+06 -4.28588e+06 674376
33.1 1.64085e+07 1.13246e+07 9.05733e+06 -745591
33.2 1.88477e+07 2.04686e+07 1.40879e+07 6.59619e+06
33.3 2.02959e+07 2.08149e+07 1.50361e+07 9.7422e+06
33.4 1.84948e+07 1.27236e+07 1.50731e+07 1.06228e+07
33.5 1.54603e+07 1.29321e+07 9.88791e+06 6.48828e+06
33.6 -2.64214e+06 8.62017e+06 3.11613e+06 664720
33.7 -1.72202e+07 -1.0985e+07 -5.21915e+06 -6.05972e+06
33.8 -1.92689e+07 -2.01749e+07 -1.57008e+07 -6.40904e+06
33.9 -2.00899e+07 -2.34447e+07 -1.78453e+07 -7.51783e+06
34 -2.10566e+07 -2.12026e+07 -1.47171e+07 -9.23711e+06
34.1 -2.25313e+07 -1.60084e+07 -1.07951e+07 -7.10271e+06
34.2 -2.29596e+07 -1.36308e+07 -1.04254e+07 -3.30876e+06
34.3 -1.87978e+07 -1.31081e+07 -7.36906e+06 -2.63689e+06
34.4 -1.34027e+07 -1.2606e+07 -5.67593e+06 -4.60174e+06
34.5 1.29711e+07 -5.22832e+06 -7.77229e+06 -3.66946e+06
34.6 1.83829e+07 1.83685e+07 1.61916e+06 -486698
34.7 1.91374e+07 2.22432e+07 1.59295e+07 6.30017e+06
34.8 2.05037e+07 1.48685e+07 2.0748e+07 1.00375e+07
34.9 2.24999e+07 2.18987e+07 1.81759e+07 1.25579e+07
35 2.31326e+07 2.24172e+07 1.31244e+07 1.00478e+07
35.1 1.95548e+07 1.33842e+07 1.18848e+07 6.12221e+06
35.2 1.61147e+07 1.0711e+07 9.41178e+06 1.24473e+06
35.3 3.40475e+06 8.17625e+06 2.17756e+06 -593482
35.4 -9.98249e+06 -5.13867e+06 -7.15215e+06 940033
35.5 -1.64323e+07 -1.774e+07 -7.95566e+06 -5.33346e+06
35.6 -1.813e+07 -1.93427e+07 -1.24632e+07 -9.09062e+06
35.7 -1.94649e+07 -1.5068e+07 -1.72102e+07 -6.27615e+06
35.8 -1.82753e+07 -1.43661e+07 -6.50578e+06 -4.83005e+06
35.9 -1.67545e+07 -1.30237e+07 -5.44019e+06 -3.1377e+06
36 -1.53419e+07 -9.24694e+06 -9.38355e+06 -1.90714e+06
36.1 -6.07121e+06 -6.44582e+06 -6.28414e+06 -4.62055e+06
36.2 7.63272e+06 -1.55417e+06 -790921 -3.44692e+06
36.3 1.47104e+07 1.11983e+07 4.48631e+06 3.41976e+06
36.4 1.58645e+07 1.91648e+07 1.28857e+07 7.81006e+06
36.5 1.58685e+07 1.48877e+07 1.52261e+07 8.14205e+06
36.6 1.37496e+07 1.07699e+07 1.18181e+07 6.15065e+06
36.7 9.89249e+06 1.05762e+07 6.98301e+06 4.3538e+06
36.8 4.49341e+06 5.01739e+06 -1.85017e+06 -644550
36.9 -877787 -5.58197e+06 -3.20317e+06 -4.20114e+06
37 -8.40129e+06 -9.66475e+06 -4.80103e+06 -1.92064e+06
37.1 -1.47957e+07 -6.79902e+06 -7.05506e+06 -1.48176e+06
37.2 -1.18497e+07 -9.42246e+06 -4.67227e+06 -3.97933e+06
37.3 -6.49592e+06 -1.0263e+07 -7.04317e+06 -4.29059e+06
37.4 -6.02433e+06 -4.64874e+06 -6.71152e+06 -2.25772e+06
37.5 -7.02443e+06 -1.23818e+06 1.12228e+06 -772723
37.6 -5.34301e+06 -2.98493e+06 1.65359e+06 1.4803e+06
37.7 -2.04901e+06 -2.82218e+06 -3.12915e+06 873119
37.8 217705 -1.45986e+06 -3.82404e+06 -3.36127e+06
37.9 -303396 -468790 -308528 -3.50991e+06
38 -685276 249213 789906 2.55512e+06
38.1 1.61158e+06 1.23768e+06 1.98035e+06 3.98569e+06
38.2 5.48126e+06 3.68366e+06 3.18537e+06 -865137
38.3 9.16876e+06 6.65718e+06 1.84854e+06 -1.00717e+06
38.4 1.09989e+07 7.53547e+06 3.44862e+06 3.58092e+06
38.5 8.64815e+06 7.43046e+06 8.00155e+06 4.88681e+06
38.6 4.40699e+06 7.60914e+06 8.13066e+06 3.03192e+06
38.7 2.17656e+06 3.25903e+06 1.25408e+06 1.83561e+06
38.8 757724 -2.41972e+06 -3.26185e+06 -1.10525e+06
38.9 -3.89554e+06 -5.53947e+06 -3.93124e+06 -4.03516e+06
39 -9.83631e+06 -5.71627e+06 -4.38076e+06 -2.27906e+06
39.1 -1.13241e+07 -7.39273e+06 -4.48594e+06 -789955
39.2 -7.74334e+06 -8.7452e+06 -4.4399e+06 -2.2614e+06
39.3 -4.2807e+06 -4.56986e+06 -5.1726e+06 -3.69321e+06
39.4 -1.37703e+06 -479825 -1.84737e+06 -1.75203e+06
39.5 1.74334e+06 1.29649e+06 1.45518e+06 1.56703e+06
39.6 4.22493e+06 3.31591e+06 4.20525e+06 3.00826e+06
39.7 5.73608e+06 6.16058e+06 4.36635e+06 1.65148e+06
39.8 6.85134e+06 6.21422e+06 2.82089e+06 1.29307e+06
39.9 5.79118e+06 2.54671e+06 2.73622e+06 1.58016e+06
40 2.20101e+06 2.38355e+06 2.0123e+06 1.23311e+06
